[(2, 0.57142854912866392)]
[(3, 0.53571761811538054), (4, 0.36292913331684662)]
[(6, 0.84498637338278959)]
[(2, 0.59505316837964939)]
[(2, 0.24896347491203866), (4, 0.4525602070670417)]
[(0, 0.37048986386554628), (4, 0.23726620105428992)]
[(4, 0.27196662842159725), (6, 0.39848150871390287)]
[(0, 0.33713623684045829), (6, 0.3520918206734715)]
[(6, 0.47304778710320888)]
[(2, 0.2564020234328), (6, 0.4096699844476937)]
[(2, 0.28222044965227139), (4, 0.3716189676755825)]
[(4, 0.51504311349263965), (6, 0.2235026471850301)]
[(4, 0.70106447957979978)]
[(4, 0.75668388593696556)]
[(4, 0.23997415172493863), (5, 0.37437148240718304)]
[(3, 0.47455383778359594)]
[(3, 0.46128824214428449)]
[(6, 0.67306044847742064)]
[(1, 0.22456437997219403), (6, 0.42243567786430936)]
[(1, 0.49432210677227978)]
[(1, 0.52126241286616959)]
[(3, 0.53571597740250365), (4, 0.36292812788574774)]
[(6, 0.84498611786501765)]
[(2, 0.59505168501073158)]
[(2, 0.26227172713614377), (4, 0.44743605979229051)]
[(0, 0.37049126844363134), (4, 0.23726541123961348)]
[(4, 0.27196593433059207), (6, 0.3984803458658398)]
[(0, 0.33713668635927918), (6, 0.35208001776033165)]
[(6, 0.47304685065482632)]
[(2, 0.25640120990777593), (6, 0.40967097756051157)]
[(2, 0.28222536535958032), (4, 0.37162541124162424)]
[(4, 0.51504278743071574), (6, 0.22350261368129773)]
[(4, 0.70106201071052354)]
[(4, 0.75664384364869708)]
[(4, 0.23997459813926275), (5, 0.37437239563364694)]
[(3, 0.4745543496551658)]
[(3, 0.46128479476804074)]
[(6, 0.67305770049861258)]
[(1, 0.22456938720826888), (6, 0.42243575834762531)]
[(1, 0.49432521690057379)]
[(1, 0.52126192042266717)]
[(3, 0.53571306625474568), (4, 0.36292767802166226)]
[(6, 0.84498015938839655)]
[(2, 0.59505797183206821)]
[(2, 0.23643458566368022), (4, 0.45779391889132981)]
[(0, 0.37049131370184285), (4, 0.23726674196236847)]
[(4, 0.27196664696288453), (6, 0.39848149711764458)]
[(0, 0.33713666112461971), (6, 0.35208372527715071)]
[(6, 0.47305705692034367)]
[(2, 0.25640025641507624), (6, 0.40967209226242546)]
[(2, 0.2822211774528009), (4, 0.37161233279949824)]
[(4, 0.51504713387140122), (6, 0.22350306334786638)]
[(4, 0.70106104553851945)]
[(4, 0.75666100296366268)]
[(4, 0.23997538693479809), (5, 0.37437396853636029)]
[(3, 0.47455420747550814)]
[(3, 0.46128537790477819)]
[(6, 0.67306067891992005)]
[(1, 0.22457008559923725), (6, 0.42243332662686811)]
[(1, 0.49432270415130203)]
[(1, 0.52126270369914018)]
[(3, 0.53571848534298883), (4, 0.36292824840334154)]
[(6, 0.84498657344742756)]
[(2, 0.59505066485138858)]
[(4, 0.59798902150969813)]
[(0, 0.37049135760714874), (4, 0.23726653659535568)]
[(4, 0.27196673121253345), (6, 0.39848169971043768)]
[(0, 0.33713687319852914), (6, 0.35207840888478914)]
[(6, 0.47304801503024885)]
[(2, 0.25640275148734121), (6, 0.40966898378975397)]
[(2, 0.28221891254191123), (4, 0.3716136114394793)]
[(4, 0.5150483612165615), (6, 0.2235031903127182)]
[(4, 0.70106150945412282)]
[(4, 0.75666089923306368)]
[(4, 0.23997522901251195), (5, 0.37437355086074131)]
[(3, 0.47455474694530986)]
[(3, 0.46128375427469959)]
[(6, 0.67306056052358898)]
[(1, 0.22457120910018258), (6, 0.42243413529699519)]
[(1, 0.49432361237730665)]
[(1, 0.52126309246868419)]
[(3, 0.53571733594469328), (4, 0.36292875904825256)]
[(6, 0.84498662269549685)]
[(2, 0.59505479936108663)]
[(2, 0.20500365194472592), (4, 0.47254367987779838)]
[(0, 0.37049104987814752), (4, 0.23726512345045497)]
[(4, 0.27196516407506582), (6, 0.39847918823373163)]
[(0, 0.33713654228852857), (6, 0.35208424412843076)]
[(6, 0.47305091638269753)]
[(2, 0.25640218237444223), (6, 0.40966978277492966)]
[(2, 0.28222447343607027), (4, 0.37161514352326303)]
[(4, 0.51504095538289485), (6, 0.22350242421700406)]
[(4, 0.70106361349220936)]
[(4, 0.75666480958603033)]
[(4, 0.23997537093991192), (5, 0.37437397990927396)]
[(3, 0.474555226280856)]
[(3, 0.46129117369590777)]
[(6, 0.67305938106850272)]
[(1, 0.22455658589342914), (6, 0.42244012965682132)]
[(1, 0.49432490524577449)]
[(1, 0.52126317206743245)]
[(3, 0.5357163121893298), (4, 0.36292885934814079)]
[(6, 0.84498644131631973)]
[(2, 0.59504933995367026)]
[(2, 0.23514372757398261), (4, 0.45835513654458898)]
[(0, 0.37049070477431356), (4, 0.23726987386640844)]
[(4, 0.27196569553567379), (6, 0.39847999387053368)]
[(0, 0.3371367389624243), (6, 0.35207919497335821)]
[(6, 0.47304675159378623)]
[(2, 0.25640743943650929), (6, 0.40966331144876006)]
[(2, 0.28222409491394923), (4, 0.3716095197674143)]
[(4, 0.51504114316456007), (6, 0.22350244294218002)]
[(4, 0.70106106403205648)]
[(4, 0.75668051836392902)]
[(4, 0.23997497614556268), (5, 0.37437321364838216)]
[(3, 0.47455390393465952)]
[(3, 0.46128901569455594)]
[(6, 0.67305999497518332)]
[(1, 0.22457012571002227), (6, 0.42243927130087838)]
[(1, 0.49432232760251865)]
[(1, 0.52126450835524318)]
[(3, 0.53571932657509314), (4, 0.36292899400930656)]
[(6, 0.84498699687900725)]
[(2, 0.59504483958036769)]
[(2, 0.26943771976029041), (4, 0.44486488124309354)]
[(0, 0.37049121503707605), (4, 0.2372677695553114)]
[(4, 0.27196653648165781), (6, 0.39848130605550969)]
[(0, 0.33713644770625173), (6, 0.35208805909568464)]
[(6, 0.47305172761480019)]
[(2, 0.25640532659809889), (6, 0.40966610556539973)]
[(2, 0.28221938179896616), (4, 0.37161705147891499)]
[(4, 0.51504178686628621), (6, 0.22350250992021048)]
[(4, 0.70106335530985042)]
[(4, 0.75666373218599625)]
[(4, 0.23997546801802772), (5, 0.3743744624250756)]
[(3, 0.47455508835993165)]
[(3, 0.46128589734765102)]
[(6, 0.67305847445486144)]
[(1, 0.22456923218166486), (6, 0.42243565102290831)]
[(1, 0.4943239353450643)]
[(1, 0.5212631904207673)]
[(3, 0.53571917503701372), (4, 0.36292897556206111)]
[(6, 0.84498484750526737)]
[(2, 0.59505378708701717)]
[(4, 0.59797588880602082)]
[(0, 0.37049256516502926), (4, 0.23726981478099504)]
[(4, 0.27196558095950052), (6, 0.39847983200755854)]
[(0, 0.33713649917575883), (6, 0.35208746560493337)]
[(6, 0.47305767962264333)]
[(2, 0.25640189071729014), (6, 0.40967007715246645)]
[(2, 0.28221958428698796), (4, 0.37162002506009573)]
[(4, 0.51504094321744109), (6, 0.22350242286048755)]
[(4, 0.70106302787336761)]
[(4, 0.75668708638807591)]
[(4, 0.23997405654120485), (5, 0.37437119781609396)]
[(3, 0.47455502407313366)]
[(3, 0.46129020491110861)]
[(6, 0.67305858911478089)]
[(1, 0.22456606480878777), (6, 0.42243242921690177)]
[(1, 0.49432219753643036)]
[(1, 0.52126765307435352)]
[(3, 0.5357184516890664), (4, 0.36292849750893424)]
[(6, 0.84498518288330704)]
[(2, 0.59505847092045572)]
[(2, 0.22288841841552556), (4, 0.46387992079469942)]
[(0, 0.37049086331796144), (4, 0.23726530646876604)]
[(4, 0.27196868141333486), (6, 0.3984861217552203)]
[(0, 0.33713607231453313), (6, 0.35208483685631414)]
[(6, 0.47305455244656075)]
[(2, 0.25640480547526134), (6, 0.40966651572906787)]
[(2, 0.28222060011372269), (4, 0.3716165234008767)]
[(4, 0.51504308365570084), (6, 0.22350264389573193)]
[(4, 0.70106426029407831)]
[(4, 0.75667843503785859)]
[(4, 0.23997341009401291), (5, 0.37436985385133076)]
[(3, 0.47455559527284524)]
[(3, 0.46128734988724529)]
[(6, 0.6730599595241068)]
[(1, 0.22456452060389837), (6, 0.42243586512415049)]
[(1, 0.49432204432179566)]
[(1, 0.52126422940932182)]
[(3, 0.5357139197916917), (4, 0.36292849418781609)]
[(6, 0.8449846590748088)]
[(2, 0.59504816478044398)]
[(2, 0.24762650689787694), (4, 0.45309997969050131)]
[(0, 0.37049017621820624), (4, 0.23726748821824067)]
[(4, 0.27196691316559762), (6, 0.39848192791204062)]
[(0, 0.33713688207132547), (6, 0.35207860420967052)]
[(6, 0.47305714025686912)]
[(2, 0.25640169576783661), (6, 0.40967040122965226)]
[(2, 0.28222565831857965), (4, 0.37162270249123069)]
[(4, 0.51504278098644984), (6, 0.22350261280858186)]
[(4, 0.701063050953461)]
[(4, 0.75666976147735832)]
[(4, 0.23997501515684877), (5, 0.37437332203538953)]
[(3, 0.47455459480994494)]
[(3, 0.46128554474296501)]
[(6, 0.67306003784947388)]
[(1, 0.2245681815620611), (6, 0.42243668462407252)]
[(1, 0.4943254182562743)]
[(1, 0.52126480344909343)]
[(3, 0.5357152291719961), (4, 0.36292869104942416)]
[(6, 0.84498518040571335)]
[(2, 0.59505239501855767)]
[(2, 0.25784175674192605), (4, 0.44909134756504526)]
[(0, 0.37049215846677286), (4, 0.23726825217307018)]
[(4, 0.2719662610366041), (6, 0.39848091611861419)]
[(0, 0.33713663027869462), (6, 0.35208252497219611)]
[(6, 0.4730542898136913)]
[(2, 0.2564009052748164), (6, 0.4096712586014648)]
[(2, 0.28221919559841269), (4, 0.37162179553125108)]
[(4, 0.51504714540729324), (6, 0.22350306379703971)]
[(4, 0.70106132357852791)]
[(4, 0.75664038194505612)]
[(4, 0.23997463229178967), (5, 0.37437237610105495)]
[(3, 0.47455545829613538)]
[(3, 0.46129203437814748)]
[(6, 0.67305845121457442)]
[(1, 0.22455243301930944), (6, 0.42243301265809891)]
[(1, 0.494323389417475)]
[(1, 0.52126413673237593)]
[(3, 0.53571254533752266), (4, 0.36292761130736423)]
[(6, 0.84498704464054508)]
[(2, 0.59504854990034861)]
[(4, 0.59796412268593901)]
[(0, 0.37049119938027719), (4, 0.23726461254639555)]
[(4, 0.27196630392337079), (6, 0.39848112209137199)]
[(0, 0.33713628717627642), (6, 0.35208736936054308)]
[(6, 0.47305128619303827)]
[(2, 0.25640207547418076), (6, 0.40966988715357394)]
[(2, 0.28221706089650628), (4, 0.37161395603147662)]
[(4, 0.51504559422531437), (6, 0.22350290355261757)]
[(4, 0.70106361094507119)]
[(4, 0.75669019892379497)]
[(4, 0.23997375931535639), (5, 0.37437284929604864)]
[(3, 0.47455585774476633)]
[(3, 0.46128065168822829)]
[(6, 0.67305894019124779)]
[(1, 0.22457198665002209), (6, 0.42243523847219283)]
[(1, 0.49432180628873873)]
[(1, 0.52126272440497112)]
[(3, 0.53571294461308916), (4, 0.362926610009981)]
[(6, 0.8449849032281237)]
[(2, 0.59505986232806385)]
[(2, 0.23839701627404708), (4, 0.45694848327417498)]
[(0, 0.37049099226464671), (4, 0.23726485946136458)]
[(4, 0.27196670821527724), (6, 0.39848158728633576)]
[(0, 0.33713676966645351), (6, 0.35208031822618557)]
[(6, 0.47305667288169739)]
[(2, 0.25640296677499946), (6, 0.40966891808012518)]
[(2, 0.28222431889797384), (4, 0.37161870105375683)]
[(4, 0.51504697752277062), (6, 0.22350304676979166)]
[(4, 0.7010618718937246)]
[(4, 0.75659537893731121)]
[(4, 0.2399728987424592), (5, 0.37436906292608996)]
[(3, 0.47455511955806801)]
[(3, 0.46129241032078905)]
[(6, 0.6730587986637353)]
[(1, 0.22456676117710336), (6, 0.42243426533993272)]
[(1, 0.49432279667642215)]
[(1, 0.52126451597414247)]
[(3, 0.53571427087320311), (4, 0.36292767347421784)]
[(6, 0.84498083340299623)]
[(2, 0.59505698161276777)]
[(2, 0.25141282200572218), (4, 0.4515831058960188)]
[(0, 0.37049051515547421), (4, 0.23726659666474056)]
[(4, 0.27196606999553496), (6, 0.39848055118234577)]
[(0, 0.33713669889595038), (6, 0.35208289469930903)]
[(6, 0.47304651772008927)]
[(2, 0.25640602346849767), (6, 0.40966502175108765)]
[(2, 0.28222337206707904), (4, 0.37162208712392947)]
[(4, 0.51504870897097532), (6, 0.22350322626942007)]
[(4, 0.70106522547656658)]
[(4, 0.75661950639472886)]
[(4, 0.23997338498195042), (5, 0.37436967019910283)]
[(3, 0.47455441992104341)]
[(3, 0.46128674487991239)]
[(6, 0.67306073590314941)]
[(1, 0.22456589697111692), (6, 0.42243752749513697)]
[(1, 0.49432501835046416)]
[(1, 0.52126265504619407)]
[(3, 0.53571935288088379), (4, 0.36292876519415768)]
[(6, 0.84498552221260814)]
[(2, 0.59505630419362798)]
[(2, 0.28631935514542761), (4, 0.43931596487181224)]
[(0, 0.3704924279124483), (4, 0.23726964866361672)]
[(4, 0.27196551434484151), (6, 0.39847967455807037)]
[(0, 0.33713672780464354), (6, 0.35208373908883051)]
[(6, 0.47304670482098465)]
[(2, 0.25640829600458598), (6, 0.40966207258638548)]
[(2, 0.28222494983600699), (4, 0.37162315704447874)]
[(4, 0.5150475585368629), (6, 0.22350310692825642)]
[(4, 0.70106104169152039)]
[(4, 0.75667109173551406)]
[(4, 0.23997429610100179), (5, 0.37437197975743031)]
[(3, 0.47455471888127887)]
[(3, 0.46128866129465179)]
[(6, 0.67305968263527061)]
[(1, 0.22457097886037583), (6, 0.42243565339085731)]
[(1, 0.49432193559997317)]
[(1, 0.52126403094017981)]
[(3, 0.53572125778051838), (4, 0.36292955174628116)]
[(6, 0.844986104809613)]
[(2, 0.59505239425979595)]
[(2, 0.21310095684000604), (4, 0.4685367915432268)]
[(0, 0.37049293092279045), (4, 0.23726495330064523)]
[(4, 0.27196600838118701), (6, 0.39848054234128072)]
[(0, 0.33713630057132471), (6, 0.35208895563036025)]
[(6, 0.47305701829010943)]
[(2, 0.25640196765252893), (6, 0.40967005088010122)]
[(2, 0.28221931293632851), (4, 0.37161822896380536)]
[(4, 0.51504815078023547), (6, 0.22350316858604419)]
[(4, 0.70106273906809946)]
[(4, 0.75663029374717361)]
[(4, 0.239975646375368), (5, 0.37437449330379363)]
[(3, 0.47455404824664732)]
[(3, 0.46128740023853099)]
[(6, 0.67306030127172012)]
[(1, 0.22455063788104657), (6, 0.42243060766419382)]
[(1, 0.49432244577087914)]
[(1, 0.52126277105418428)]
[(3, 0.53571820909317769), (4, 0.36292935599664539)]
[(6, 0.84498671487069033)]
[(2, 0.59504992703473025)]
[(2, 0.25515265240837642), (4, 0.45012072380571327)]
[(0, 0.37049231291539692), (4, 0.2372682046489816)]
[(4, 0.27196647460344803), (6, 0.39848200821708313)]
[(0, 0.33713661379688176), (6, 0.35208521466551163)]
[(6, 0.47305684992770802)]
[(2, 0.25640443476195213), (6, 0.40966691944948552)]
[(2, 0.28222172367583698), (4, 0.37161014450561991)]
[(4, 0.51504525038212412), (6, 0.22350286791733731)]
[(4, 0.70106329618561758)]
[(4, 0.75666191392972904)]
[(4, 0.2399751462435383), (5, 0.37437337590649383)]
[(3, 0.47455523134702032)]
[(3, 0.46128533329853033)]
[(6, 0.67305968156313745)]
[(1, 0.22456296550901933), (6, 0.42243568649472263)]
[(1, 0.4943235172388023)]
[(1, 0.52126308746251626)]
[(3, 0.53572053959009924), (4, 0.36292913809650906)]
[(6, 0.84498651797304414)]
[(2, 0.5950587864454302)]
[(4, 0.59794526708129603)]
[(0, 0.37049084885628802), (4, 0.23726996135121917)]
[(4, 0.27198040560682979), (6, 0.39850697980561839)]
[(0, 0.33713629370394749), (6, 0.35208752635004481)]
[(6, 0.47304728402235885)]
[(2, 0.2564050198320062), (6, 0.40966635484558028)]
[(2, 0.28222418498010526), (4, 0.37161696715879061)]
[(4, 0.5150461284801946), (6, 0.22350295864471542)]
[(4, 0.70106213867446343)]
[(4, 0.75664528762835515)]
[(4, 0.2399745634941477), (5, 0.37437208563878716)]
[(3, 0.47455480909549985)]
[(3, 0.46129073779155466)]
[(6, 0.67305824076120246)]
[(1, 0.22456754229326384), (6, 0.42243261149627281)]
[(1, 0.49432516878008825)]
[(1, 0.52126584533040476)]
[(3, 0.53571530358528663), (4, 0.36292744809025768)]
[(6, 0.84498569508629551)]
[(2, 0.59505899925943306)]
[(2, 0.23834776512165826), (4, 0.45696958615445077)]
[(0, 0.37049331407100744), (4, 0.23726864379680462)]
[(4, 0.27196490028696363), (6, 0.39847866727385606)]
[(0, 0.33713639960838748), (6, 0.3520879851710107)]
[(6, 0.47304808285322292)]
[(2, 0.25640498904438513), (6, 0.40966635590341355)]
[(2, 0.28222039288381517), (4, 0.37162370053113525)]
[(4, 0.51504961202331789), (6, 0.22350331980311883)]
[(4, 0.70106230247140844)]
[(4, 0.75668680396589971)]
[(4, 0.23997496468606916), (5, 0.37437291989078658)]
[(3, 0.47455534827056084)]
[(3, 0.46128656825770287)]
[(6, 0.67306018319579852)]
[(1, 0.22455219271511231), (6, 0.42243766525549792)]
[(1, 0.49432443052162223)]
[(1, 0.52126275364128039)]
[(3, 0.53571604403136674), (4, 0.36292774878144707)]
[(6, 0.84498644628068187)]
[(2, 0.5950541990437207)]
[(2, 0.25631649783026728), (4, 0.44967293219587645)]
[(0, 0.37049147292898965), (4, 0.23726730517078243)]
[(4, 0.27196517268017545), (6, 0.39847915266702094)]
[(0, 0.33713639163715309), (6, 0.35208584212178606)]
[(6, 0.47304785032616431)]
[(2, 0.25640104306446188), (6, 0.40967108998499879)]
[(2, 0.28222319464651702), (4, 0.37161234387267861)]
[(4, 0.51504151743399018), (6, 0.22350248215797097)]
[(4, 0.70106259478867949)]
[(4, 0.75667214930632842)]
[(4, 0.23997530823790961), (5, 0.37437372430240679)]
[(3, 0.47455371996960094)]
[(3, 0.46128664288041815)]
[(6, 0.67306022759282746)]
[(1, 0.22456676727058814), (6, 0.42243384093111908)]
[(1, 0.49432189199857518)]
[(1, 0.5212628108751568)]
[(3, 0.53571929049076572), (4, 0.36292909302056314)]
[(6, 0.84498628453250035)]
[(2, 0.59505605954371688)]
[(4, 0.48366119452568268)]
[(0, 0.37049015535937274), (4, 0.23726869617332627)]
[(4, 0.27196592217210669), (6, 0.39848037282586296)]
[(0, 0.33713686190579301), (6, 0.35207865114065134)]
[(6, 0.47304811592097085)]
[(2, 0.25640859595566934), (6, 0.40966166429513262)]
[(2, 0.28221968715650447), (4, 0.37161345101758148)]
[(4, 0.5150421774412971), (6, 0.22350255038095662)]
[(4, 0.70106230050463181)]
[(4, 0.75668387660252023)]
[(4, 0.2399741463855761), (5, 0.37437134172491932)]
[(3, 0.47455543185228449)]
[(3, 0.46128762181193789)]
[(6, 0.6730603059671848)]
[(1, 0.22456887222096408), (6, 0.42243623246539064)]
[(1, 0.49432497164175787)]
[(1, 0.5212631489464884)]
[(3, 0.53571405108009496), (4, 0.3629280059915696)]
[(6, 0.84498656770477476)]
[(2, 0.59505812102038413)]
[(2, 0.25220711117593941), (4, 0.45126952619334937)]
[(0, 0.37049270393825329), (4, 0.23726960835056921)]
[(4, 0.2719672128579031), (6, 0.39848241310636867)]
[(0, 0.33713676437924806), (6, 0.35208199809762525)]
[(6, 0.47305578920834457)]
[(2, 0.25640795206766359), (6, 0.40966273713928658)]
[(2, 0.28222304180875335), (4, 0.37162272044469702)]
[(4, 0.51504062595008904), (6, 0.22350239009060902)]
[(4, 0.70106171800424211)]
[(4, 0.75667467813011613)]
[(4, 0.23997367455158394), (5, 0.37437059926520078)]
[(3, 0.47455513937211635)]
[(3, 0.46129295540303755)]
[(6, 0.67305866866846387)]
[(1, 0.22456822331336604), (6, 0.42243496154911842)]
[(1, 0.49432254471732207)]
[(1, 0.52126821475886798)]
[(3, 0.53571953017931651), (4, 0.36292853664339159)]
[(6, 0.84498450019225524)]
[(2, 0.59505659061479754)]
[(2, 0.24724257672799033), (4, 0.45325581924155561)]
[(0, 0.370493212027312), (4, 0.2372677039825791)]
[(4, 0.27196647271437524), (6, 0.39848127037101128)]
[(0, 0.33713658305869015), (6, 0.35208634953688822)]
[(6, 0.47305649253855997)]
[(2, 0.25640552295382563), (6, 0.40966580307006267)]
[(2, 0.28221974356793073), (4, 0.3716121542936115)]
[(4, 0.51504198771064735), (6, 0.2235025310703872)]
[(4, 0.7010641618362633)]
[(4, 0.7566848392974973)]
[(4, 0.23997379075962033), (5, 0.37437055824304039)]
[(3, 0.47455516288529265)]
[(3, 0.46128481861071446)]
[(6, 0.67305879402158597)]
[(1, 0.22457022155768863), (6, 0.42243741167497789)]
[(1, 0.49432519887425397)]
[(1, 0.52126303902237547)]
[(3, 0.53571689286932), (4, 0.36292768342457782)]
[(6, 0.84498528970160514)]
[(2, 0.59504885594739765)]
[(2, 0.24850772657168013), (4, 0.45274369723023189)]
[(0, 0.37049218697584907), (4, 0.23726854775533615)]
[(4, 0.27196527193897324), (6, 0.3984792654547582)]
[(0, 0.33713634762580941), (6, 0.35208672385072443)]
[(6, 0.47305407053734533)]
[(2, 0.25640613202078688), (6, 0.40966497087570464)]
[(2, 0.28221617898242751), (4, 0.37161107232769197)]
[(4, 0.51504281592340195), (6, 0.2235026163974525)]
[(4, 0.70106451144609183)]
[(4, 0.75667183945651983)]
[(4, 0.23997343113480818), (5, 0.37437005564304726)]
[(3, 0.47455412295942645)]
[(3, 0.46128803436908672)]
[(6, 0.67305992360062239)]
[(1, 0.224568344104116), (6, 0.42243687769657595)]
[(1, 0.49432326371142638)]
[(1, 0.52126185731626418)]
[(3, 0.53571609456692759), (4, 0.36292789658668273)]
[(6, 0.84498649229744083)]
[(2, 0.59504959696031112)]
[(4, 0.59797986403089132)]
[(0, 0.37049213307924062), (4, 0.23726756536307719)]
[(4, 0.27196698500254463), (6, 0.3984820457066891)]
[(0, 0.33713667041064266), (6, 0.3520841978544863)]
[(6, 0.47305181052134837)]
[(2, 0.2564023612827751), (6, 0.40966948823234373)]
[(2, 0.28222139006275637), (4, 0.37160983437926998)]
[(4, 0.51504956101282662), (6, 0.22350331439018611)]
[(4, 0.70106098176676224)]
[(4, 0.75667115820021857)]
[(4, 0.23997441033439287), (5, 0.37437189115928027)]
[(3, 0.47455530762170983)]
[(3, 0.46128987769457497)]
[(6, 0.67305874810097166)]
[(1, 0.22455962286372746), (6, 0.42243549735790531)]
[(1, 0.49432354129218814)]
[(1, 0.52126267357744038)]
[(3, 0.53571460391723014), (4, 0.36292719461135919)]
[(6, 0.84498676313290511)]
[(2, 0.59506581914638945)]
[(2, 0.25020108396757856), (4, 0.45206458915423542)]
[(0, 0.37049182135754638), (4, 0.23726904205243163)]
[(4, 0.27196720740862823), (6, 0.39848251874128615)]
[(0, 0.33713676881674831), (6, 0.35208225707672614)]
[(6, 0.47305475141366921)]
[(2, 0.25640485392133422), (6, 0.40966657380810273)]
[(2, 0.28222532928242799), (4, 0.37162220184607725)]
[(4, 0.51504206422325138), (6, 0.22350253875791165)]
[(4, 0.70106462093714628)]
[(4, 0.7566409085358321)]
[(4, 0.23997575895038278), (5, 0.37437462075686456)]
[(3, 0.47455524638608854)]
[(3, 0.46128761202067969)]
[(6, 0.6730579576477892)]
[(1, 0.22455916933151501), (6, 0.42243319026021037)]
[(1, 0.49432413838851941)]
[(1, 0.52126501443438811)]
[(3, 0.53572080722466442), (4, 0.36292925850363783)]
[(6, 0.84498619972853484)]
[(2, 0.59505567084239808)]
[(2, 0.2665275303390281), (4, 0.4458932535340478)]
[(0, 0.37049174712710831), (4, 0.2372675588004555)]
[(4, 0.27196759379795721), (6, 0.39848333308614625)]
[(0, 0.33713668667580643), (6, 0.35208245327214127)]
[(6, 0.47305719859084289)]
[(2, 0.2564028838558628), (6, 0.4096688349944283)]
[(2, 0.28222490913371229), (4, 0.37162332379286672)]
[(4, 0.51504469992826807), (6, 0.22350281108495706)]
[(4, 0.70106324627081074)]
[(4, 0.75666700343329985)]
[(4, 0.23997346099411374), (5, 0.37437018594029187)]
[(3, 0.47455575588687621)]
[(3, 0.4612927130718194)]
[(6, 0.67305927368221352)]
[(1, 0.22455276526232851), (6, 0.4224412047520042)]
[(1, 0.4943215902390769)]
[(1, 0.52126324780915723)]
[(3, 0.53572112058490062), (4, 0.36292916115317891)]
[(6, 0.84498452241578947)]
[(2, 0.59505823774975242)]
[(4, 0.48431990646958312)]
[(0, 0.37049260072378432), (4, 0.23726701427475022)]
[(4, 0.27198100301549949), (6, 0.3985073537044786)]
[(0, 0.33713684942491995), (6, 0.35208023976791825)]
[(6, 0.47305291299932289)]
[(2, 0.25640044315700455), (6, 0.40967192076269787)]
[(2, 0.28221883673156645), (4, 0.37161948675511836)]
[(4, 0.51504939022923724), (6, 0.22350329683148829)]
[(4, 0.70106292608704956)]
[(4, 0.75663004526619937)]
[(4, 0.23997599041404563), (5, 0.37437514773242248)]
[(3, 0.47455534340279149)]
[(3, 0.46128789782523666)]
[(6, 0.67305905666586796)]
[(1, 0.22456861782558923), (6, 0.42243733539649037)]
[(1, 0.49432276043616125)]
[(1, 0.52126252753959623)]
[(3, 0.53571928214231623), (4, 0.36292840388427422)]
[(6, 0.84498612932263983)]
[(2, 0.5950576147076212)]
[(2, 0.25381093601838411), (4, 0.45064125912781017)]
[(0, 0.37049220051371301), (4, 0.23726546926346706)]
[(4, 0.27196619664560517), (6, 0.39848095179349746)]
[(0, 0.33713679572828936), (6, 0.35207855466232374)]
[(6, 0.47305652561868067)]
[(2, 0.25640232048083211), (6, 0.40966976134544159)]
[(2, 0.28222425044047372), (4, 0.37161759401558142)]
[(4, 0.51504064997049392), (6, 0.22350239251646684)]
[(4, 0.7010632387569864)]
[(4, 0.75667049838242562)]
[(4, 0.23997442596612736), (5, 0.37437189984318309)]
[(3, 0.47455529213821601)]
[(3, 0.4612859094240771)]
[(6, 0.67305970202761134)]
[(1, 0.22455059470680089), (6, 0.42243611424150934)]
[(1, 0.49432529744526471)]
[(1, 0.52126224644778107)]
[(3, 0.53571718995496842), (4, 0.36292781188073114)]
[(6, 0.84498609196831553)]
[(2, 0.59505849648272968)]
[(2, 0.23582535465209586), (4, 0.45805828754682892)]
[(0, 0.37049119699210276), (4, 0.2372657256259775)]
[(4, 0.27196566271702577), (6, 0.39847991639658736)]
[(0, 0.3371365505474806), (6, 0.35208843165561016)]
[(6, 0.4730487436730122)]
[(2, 0.25640166062175873), (6, 0.40967046313044719)]
[(2, 0.28222073089311622), (4, 0.37161449698112303)]
[(4, 0.51504903550979586), (6, 0.22350326016311561)]
[(4, 0.7010624719414682)]
[(4, 0.75665961654982827)]
[(4, 0.23997442579620326), (5, 0.37437201446560103)]
[(3, 0.47455576320220816)]
[(3, 0.46128682745600647)]
[(6, 0.67305961773512613)]
[(1, 0.2245682402501617), (6, 0.42243381967827637)]
[(1, 0.49432232214512561)]
[(1, 0.52126209399832124)]
[(3, 0.53572022508846595), (4, 0.36292958955733701)]
[(6, 0.84498699810645794)]
[(2, 0.59505785043149628)]
[(2, 0.25924883896427742), (4, 0.44856012062747297)]
[(0, 0.37049130765190058), (4, 0.23726463062123215)]
[(4, 0.27196663026341866), (6, 0.39848153428494426)]
[(0, 0.33713691844406934), (6, 0.35207964011616488)]
[(6, 0.47305704738332993)]
[(2, 0.25640374333367699), (6, 0.40966795389940852)]
[(2, 0.28222217236824271), (4, 0.37161936258184369)]
[(4, 0.51504909962488388), (6, 0.22350326670602452)]
[(4, 0.70106341711272502)]
[(4, 0.75666307606540562)]
[(4, 0.23997552403093383), (5, 0.37437435570206135)]
[(3, 0.47455539348298764)]
[(3, 0.46129375397151495)]
[(6, 0.67306024575350476)]
[(1, 0.22456939928404782), (6, 0.4224354428351621)]
[(1, 0.49432517133845316)]
[(1, 0.52126403143714728)]
[(3, 0.53571670200183885), (4, 0.36292724122860359)]
[(6, 0.84498588718194512)]
[(2, 0.59505557416768795)]
[(2, 0.25884186843828921), (4, 0.44871324481610547)]
[(0, 0.37049217625748426), (4, 0.23726910742882348)]
[(4, 0.27196489913561928), (6, 0.39847869477957532)]
[(0, 0.33713657897357824), (6, 0.35208558261895312)]
[(6, 0.47305523679902917)]
[(2, 0.25640248503454166), (6, 0.40966955701912705)]
[(2, 0.28222400404046066), (4, 0.37162226564345568)]
[(4, 0.51504026731644581), (6, 0.22350235323172984)]
[(4, 0.70106233576537214)]
[(4, 0.75667426728365883)]
[(4, 0.23997452471600444), (5, 0.37437236687929976)]
[(3, 0.47455542255737349)]
[(3, 0.46128502253586612)]
[(6, 0.67305850119383481)]
[(1, 0.22457121337831412), (6, 0.42243498297324705)]
[(1, 0.49432360835241562)]
[(1, 0.52126518677516664)]
[(3, 0.53572115519808683), (4, 0.3629298870863405)]
[(6, 0.84498702092813216)]
[(2, 0.59505152211305812)]
[(2, 0.2255378958735291), (4, 0.46265595342247851)]
[(0, 0.37049199772781399), (4, 0.23726767847565586)]
[(4, 0.27196663886426853), (6, 0.3984815350466494)]
[(0, 0.33713643629227458), (6, 0.35208754148483207)]
[(6, 0.47305747943997406)]
[(2, 0.25640413093249348), (6, 0.40966753371302522)]
[(2, 0.2822200652831845), (4, 0.37162114845815758)]
[(4, 0.515042855634535), (6, 0.22350262053929745)]
[(4, 0.70106361205368117)]
[(4, 0.75656562083635803)]
[(4, 0.23997627031550797), (5, 0.37437584816680258)]
[(3, 0.47455523337427513)]
[(3, 0.46128379852554868)]
[(6, 0.67305918706248602)]
[(1, 0.22457322760856452), (6, 0.42244055556231697)]
[(1, 0.49432392191863789)]
[(1, 0.52126390683102275)]
[(3, 0.53571980290241594), (4, 0.36292878751339441)]
[(6, 0.84498717242873145)]
[(2, 0.59504779690423548)]
[(2, 0.21857594702903901), (4, 0.46590590844945495)]
[(0, 0.37049249498262921), (4, 0.23726838294198915)]
[(4, 0.27196640752001777), (6, 0.39848141231417317)]
[(0, 0.33713675953984529), (6, 0.35208184212467425)]
[(6, 0.47304695041102274)]
[(2, 0.25640166428778205), (6, 0.40967041182815034)]
[(2, 0.28221949056111684), (4, 0.37161434162545087)]
[(4, 0.51504417587098594), (6, 0.22350275703507985)]
[(4, 0.70106140621826007)]
[(4, 0.75665368307093728)]
[(4, 0.23997581243622801), (5, 0.37437488619385734)]
[(3, 0.47455480702134728)]
[(3, 0.46129211248623742)]
[(6, 0.67305940614751036)]
[(1, 0.22456662689622986), (6, 0.4224365740936179)]
[(1, 0.49432469089460018)]
[(1, 0.52126232962041563)]
[(3, 0.53571786291366474), (4, 0.3629276879439699)]
[(6, 0.84498505844203642)]
[(2, 0.59505626178052851)]
[(2, 0.24560816294256907), (4, 0.45392339844727486)]
[(0, 0.37049111286778202), (4, 0.23726511414394663)]
[(4, 0.27196595738496232), (6, 0.39848042753372942)]
[(0, 0.33713649807349005), (6, 0.35208619804710578)]
[(6, 0.47305479011300905)]
[(2, 0.25640253932203294), (6, 0.40966936356240297)]
[(2, 0.28222195488184615), (4, 0.3716197066557379)]
[(4, 0.51504290627967597), (6, 0.22350262584749803)]
[(4, 0.70106539695143422)]
[(4, 0.75664300404089091)]
[(4, 0.23997298199541511), (5, 0.37436938085934612)]
[(3, 0.47455594061471063)]
[(3, 0.46128437797768412)]
[(6, 0.67305904365430236)]
[(1, 0.22456755151775878), (6, 0.42243444178796086)]
[(1, 0.49432253526164865)]
[(1, 0.52126479456222352)]
[(3, 0.53571671280931399), (4, 0.3629296432567426)]
[(6, 0.84498579201125734)]
[(2, 0.59505159146058051)]
[(2, 0.24541617008610486), (4, 0.45400225964060564)]
[(0, 0.37049112315301624), (4, 0.23726704806139665)]
[(4, 0.27196639570044245), (6, 0.3984811461718864)]
[(0, 0.33713681556487574), (6, 0.35208006337908254)]
[(6, 0.4730465045117675)]
[(2, 0.25640239252206387), (6, 0.40966951208463781)]
[(2, 0.28222403401540092), (4, 0.37161979980236126)]
[(4, 0.5150417854603343), (6, 0.22350250987738274)]
[(4, 0.7010621308624756)]
[(4, 0.75668081114306363)]
[(4, 0.23997506655492043), (5, 0.37437323650780813)]
[(3, 0.47455464233653205)]
[(3, 0.46129175783278842)]
[(6, 0.67305856883639903)]
[(1, 0.22456819995120184), (6, 0.42243312965836188)]
[(1, 0.49432340910664813)]
[(1, 0.52126427465933156)]
[(3, 0.53571259572870045), (4, 0.36292846259860112)]
[(6, 0.84498605751880906)]
[(2, 0.59505486545619046)]
[(2, 0.2691839670168934), (4, 0.44495369283897629)]
[(0, 0.37049252816219458), (4, 0.23726653839239778)]
[(4, 0.27196803321796426), (6, 0.39848484838062365)]
[(0, 0.33713657839078215), (6, 0.3520844761789208)]
[(6, 0.4730472493379399)]
[(2, 0.25640174063515259), (6, 0.40967024545103869)]
[(2, 0.28222766445158792), (4, 0.37162625659926418)]
[(4, 0.51504788479775188), (6, 0.22350314037304289)]
[(4, 0.7010641400759674)]
[(4, 0.75668383576154918)]
[(4, 0.23997418923722638), (5, 0.37437155625906354)]
[(3, 0.47455580071019349)]
[(3, 0.46129378255053588)]
[(6, 0.6730584640163263)]
[(1, 0.22456961831333014), (6, 0.42243436685173574)]
[(1, 0.49432403957708126)]
[(1, 0.52126234928546933)]
[(3, 0.53572031926135588), (4, 0.36292897117375456)]
[(6, 0.84498186540903431)]
[(2, 0.59505907615084908)]
[(2, 0.20810784125641391), (4, 0.47099162548088491)]
[(0, 0.37048957802500931), (4, 0.23726960285347554)]
[(4, 0.27196696149178218), (6, 0.39848201124840871)]
[(0, 0.33713687672826287), (6, 0.35207842433949482)]
[(6, 0.47305770848214695)]
[(2, 0.25640250360822664), (6, 0.40966930989536554)]
[(2, 0.28222300973574621), (4, 0.37161548824015683)]
[(4, 0.51504193296409495), (6, 0.22350252521975467)]
[(4, 0.70106426049945458)]
[(4, 0.75666762857337311)]
[(4, 0.23997618896939316), (5, 0.37437558520696523)]
[(3, 0.474554473951324)]
[(3, 0.46128744727173532)]
[(6, 0.67305906847007302)]
[(1, 0.2245711160426215), (6, 0.42243331589109118)]
[(1, 0.49432505821777117)]
[(1, 0.52126449299236199)]
[(3, 0.53572214636870175), (4, 0.36292939164721172)]
[(6, 0.84498597534495301)]
[(2, 0.59505736025345801)]
[(4, 0.59794910262045775)]
[(0, 0.37049148275872468), (4, 0.23726773271105303)]
[(4, 0.27196681924553551), (6, 0.39848180003845751)]
[(0, 0.33713624728549269), (6, 0.35209253898218423)]
[(6, 0.47305666638510774)]
[(2, 0.25640154547211658), (6, 0.40967058361460362)]
[(2, 0.28222344566168422), (4, 0.37161372493667888)]
[(4, 0.51504349133521088), (6, 0.22350268611249013)]
[(4, 0.70106412237576166)]
[(4, 0.75664745984239867)]
[(4, 0.23997622586330533), (5, 0.37437555509777615)]
[(3, 0.47455557872630894)]
[(3, 0.46129024574789146)]
[(6, 0.67306244241282442)]
[(1, 0.22457334517744074), (6, 0.4224399892868887)]
[(1, 0.49432463051562009)]
[(1, 0.52126462330156398)]
[(3, 0.53571606188479859), (4, 0.36292802053354123)]
[(6, 0.84498117218804814)]
[(2, 0.59505434732038476)]
[(4, 0.59799420812302695)]
[(0, 0.37049270069088291), (4, 0.23726466517116857)]
[(4, 0.27196634618814619), (6, 0.39848104935845458)]
[(0, 0.3371366925908062), (6, 0.35208009171503318)]
[(6, 0.47305004491581903)]
[(2, 0.25640258549393191), (6, 0.4096693106400468)]
[(2, 0.28222095164190847), (4, 0.3716180980646569)]
[(4, 0.51504832957531388), (6, 0.22350318651779374)]
[(4, 0.70106391100348442)]
[(4, 0.75665673775701336)]
[(4, 0.23997505343550757), (5, 0.37437324192845428)]
[(3, 0.47455534803932609)]
[(3, 0.46128863791442781)]
[(6, 0.67306078943528713)]
[(1, 0.22456526482244382), (6, 0.42243668772622656)]
[(1, 0.49432482226515689)]
[(1, 0.52126348649430776)]
[(3, 0.53571862298756512), (4, 0.36292858182004301)]
[(6, 0.84498265524627036)]
[(2, 0.59505218588726794)]
[(2, 0.27651449802314321), (4, 0.44245339773284531)]
[(0, 0.37049132773178567), (4, 0.2372645451121029)]
[(4, 0.27196627172458249), (6, 0.39848100996405611)]
[(0, 0.33713679042149508), (6, 0.35208143596396335)]
[(6, 0.47305003271118296)]
[(2, 0.25640245875807788), (6, 0.40966945198958343)]
[(2, 0.28222402214366576), (4, 0.37162053580198534)]
[(4, 0.51504258269756198), (6, 0.22350259200733016)]
[(4, 0.70106486860127892)]
[(4, 0.75668199289339511)]
[(4, 0.23997481241661056), (5, 0.37437277745258674)]
[(3, 0.47455414675245988)]
[(3, 0.46128380708174738)]
[(6, 0.6730580298163954)]
[(1, 0.22456822098048418), (6, 0.42243681717097331)]
[(1, 0.49432341232708815)]
[(1, 0.52126204709252244)]
[(3, 0.53572077166331156), (4, 0.36292963473854462)]
[(6, 0.84498620905214261)]
[(2, 0.59504995018838935)]
[(2, 0.24082728992385988), (4, 0.45591457422665194)]
[(0, 0.37049213159659522), (4, 0.23726908767130742)]
[(4, 0.27196669065070789), (6, 0.3984816417666861)]
[(0, 0.33713645712511198), (6, 0.352089262623762)]
[(6, 0.47305665837760502)]
[(2, 0.2564058368516115), (6, 0.4096652414184907)]
[(2, 0.28222143982130299), (4, 0.37161726309723148)]
[(4, 0.51504060894902171), (6, 0.22350238816834272)]
[(4, 0.70106188334150266)]
[(4, 0.75666919068442851)]
[(4, 0.23997506702645618), (5, 0.37437325106705999)]
[(3, 0.47455476472428543)]
[(3, 0.4612825687891306)]
[(6, 0.6730592451707641)]
[(1, 0.22456987894068134), (6, 0.42243772107772593)]
[(1, 0.49432380643527779)]
[(1, 0.52126422091172164)]
[(3, 0.53571584285584795), (4, 0.36292792445672978)]
[(6, 0.84498672861158208)]
[(2, 0.59505543593435251)]
[(4, 0.59798552503917268)]
[(0, 0.37048937989708114), (4, 0.23726908944702488)]
[(4, 0.271965048161463), (6, 0.39847893070523815)]
[(0, 0.33713633886019556), (6, 0.35209272917672868)]
[(6, 0.47305416557330815)]
[(2, 0.25640375555029021), (6, 0.40966774259517347)]
[(2, 0.28222418604369126), (4, 0.37161876296699692)]
[(4, 0.51504070475569164), (6, 0.22350239808710215)]
[(4, 0.70106373726809579)]
[(4, 0.75668106492944531)]
[(4, 0.23997548873694458), (5, 0.37437419855105702)]
[(3, 0.47455544027579788)]
[(3, 0.46128550144764002)]
[(6, 0.67305870611701457)]
[(1, 0.2245678551573336), (6, 0.42243647245757882)]
[(1, 0.49432377726800125)]
[(1, 0.52126379844837689)]
[(3, 0.53571524579658425), (4, 0.36292849386042753)]
[(6, 0.84498562736376737)]
[(2, 0.59504868113474185)]
[(2, 0.23032182880961205), (4, 0.46048688134713678)]
[(0, 0.37049288177731537), (4, 0.23726504066018417)]
[(4, 0.27196624205530845), (6, 0.39848085475758527)]
[(0, 0.33713657736764119), (6, 0.35208343973304568)]
[(6, 0.47305682305737579)]
[(2, 0.25640125080569998), (6, 0.40967079754611585)]
[(2, 0.2822206518445764), (4, 0.37161532838285399)]
[(4, 0.51503971195269693), (6, 0.22350229563009555)]
[(4, 0.70106335460149527)]
[(4, 0.75665825767988437)]
[(4, 0.23997616507605957), (5, 0.37437552739131996)]
[(3, 0.47455433882358833)]
[(3, 0.46129323143550616)]
[(6, 0.67305896767156737)]
[(1, 0.2245708252353531), (6, 0.42243532295547559)]
[(1, 0.49432222569731288)]
[(1, 0.52126453905333703)]
[(3, 0.53571683452566321), (4, 0.36292782102652343)]
[(6, 0.84498619944296993)]
[(2, 0.59505308168961313)]
[(2, 0.24546435321337629), (4, 0.45398245968162904)]
[(0, 0.37049148859468173), (4, 0.23726705721364919)]
[(4, 0.27196596229085956), (6, 0.39848049460239532)]
[(0, 0.33713665486840583), (6, 0.35208539567779773)]
[(6, 0.47305664910351491)]
[(2, 0.2564022355031304), (6, 0.4096697137017592)]
[(2, 0.28222455670007596), (4, 0.3716216565342807)]
[(4, 0.51504076357886808), (6, 0.22350240465187476)]
[(4, 0.70106393478295392)]
[(4, 0.75667579358387427)]
[(4, 0.23997499885248291), (5, 0.37437325757228263)]
[(3, 0.47455494647318125)]
[(3, 0.46129010654502545)]
[(6, 0.67305753197330798)]
[(1, 0.22457084074609326), (6, 0.42243467278803082)]
[(1, 0.49432273391117448)]
[(1, 0.52126355369138266)]
[(3, 0.53571771676888125), (4, 0.36292840230520385)]
[(6, 0.84498042856861555)]
[(2, 0.59505133086030837)]
[(2, 0.26780712923669237), (4, 0.44543842719663612)]
[(0, 0.37049132163011855), (4, 0.23726565571706287)]
[(4, 0.27196685192107528), (6, 0.39848189467036405)]
[(0, 0.33713625413276915), (6, 0.35208317661824323)]
[(6, 0.47305713184094772)]
[(2, 0.25640317236763577), (6, 0.40966854545670994)]
[(2, 0.2822182509318209), (4, 0.37161758932649525)]
[(4, 0.51504097897921441), (6, 0.2235024265482902)]
[(4, 0.70106199059251928)]
[(4, 0.75656724679229237)]
[(4, 0.23997604029423533), (5, 0.37437519551035969)]
[(3, 0.47455556647254776)]
[(3, 0.46129305879937849)]
[(6, 0.67306034575936113)]
[(1, 0.22456912923548816), (6, 0.42243550137411501)]
[(1, 0.49432529639640638)]
[(1, 0.52126209783095312)]
[(3, 0.53571484047133), (4, 0.36292856118742894)]
[(6, 0.84498488601042321)]
[(2, 0.59504487716050547)]
[(2, 0.25173967266637898), (4, 0.45145387270044651)]
[(0, 0.37049010700994323), (4, 0.23726868119371269)]
[(4, 0.27196558719356212), (6, 0.39847996813491787)]
[(0, 0.33713639038123017), (6, 0.35208413123433807)]
[(6, 0.47305394059432015)]
[(2, 0.25640083101064359), (6, 0.40967161270122493)]
[(2, 0.28222397892379969), (4, 0.37162236496369)]
[(4, 0.51504251905890586), (6, 0.22350258608570844)]
[(4, 0.70106280180831559)]
[(4, 0.75668895264546343)]
[(4, 0.2399735969146479), (5, 0.37437037757140695)]
[(3, 0.47455497607826169)]
[(3, 0.46128094965765709)]
[(6, 0.67306117699155554)]
[(1, 0.22456857318786549), (6, 0.42243336010581056)]
[(1, 0.49432192194740493)]
[(1, 0.52126196128545454)]
[(3, 0.53570893226848126), (4, 0.36292796279952577)]
[(6, 0.84498628140700227)]
[(2, 0.5950559306856027)]
[(2, 0.24991256240454096), (4, 0.45217978380706708)]
[(0, 0.37049285411008037), (4, 0.23726718469793273)]
[(4, 0.27196514965046042), (6, 0.39847912159837412)]
[(0, 0.33713643999415827), (6, 0.35208813542415018)]
[(6, 0.47305092898630491)]
[(2, 0.25640296795825934), (6, 0.40966874567541012)]
[(2, 0.28221889757910329), (4, 0.37161666754466088)]
[(4, 0.51504962136381272), (6, 0.22350332069077949)]
[(4, 0.70106384174375891)]
[(4, 0.75663672959273909)]
[(4, 0.23997360759538164), (5, 0.37437043495509359)]
[(3, 0.47455468067623435)]
[(3, 0.46128416374197562)]
[(6, 0.67305871550868046)]
[(1, 0.22455242279554022), (6, 0.42243475334753605)]
[(1, 0.49432359007015486)]
[(1, 0.52126365052064927)]
[(3, 0.53571970255840251), (4, 0.36292834167365617)]
[(6, 0.84498690670835386)]
[(2, 0.59505899664185458)]
[(2, 0.24410932986689737), (4, 0.45454150287647405)]
[(0, 0.37049198768598296), (4, 0.23726724366506385)]
[(4, 0.27196495553459621), (6, 0.39847874139641321)]
[(0, 0.33713655741244608), (6, 0.3520866773135361)]
[(6, 0.4730564525055217)]
[(2, 0.25640432866717577), (6, 0.40966704805102105)]
[(2, 0.28222491240436687), (4, 0.37162128089008711)]
[(4, 0.51504293514472987), (6, 0.22350262869796078)]
[(4, 0.70106518631707604)]
[(4, 0.75666695536831741)]
[(4, 0.23997633309320179), (5, 0.37437595536387819)]
[(3, 0.4745544926867839)]
[(3, 0.46128879751517443)]
[(6, 0.67305906986888797)]
[(1, 0.22455296990781615), (6, 0.42243865479469406)]
[(1, 0.49432425239122851)]
[(1, 0.52126329315723474)]
[(3, 0.53571195734121302), (4, 0.36292838947505973)]
[(6, 0.84498548794165118)]
[(2, 0.59505761868012397)]
[(2, 0.2639681143570024), (4, 0.4468155299209281)]
[(0, 0.37048966368088715), (4, 0.23726936244426639)]
[(4, 0.27196617752452185), (6, 0.39848079958901833)]
[(0, 0.33713669036584198), (6, 0.35208285528749628)]
[(6, 0.473055626972268)]
[(2, 0.25640220083117515), (6, 0.40966973755052016)]
[(2, 0.28222095906716321), (4, 0.37161304632896464)]
[(4, 0.51504218671625068), (6, 0.22350255123092461)]
[(4, 0.70106221408118075)]
[(4, 0.75667740514424975)]
[(4, 0.23997605737968492), (5, 0.37437524947907591)]
[(3, 0.47455523528828281)]
[(3, 0.46128774521635613)]
[(6, 0.67305969330185667)]
[(1, 0.2245715262253889), (6, 0.4224342842171252)]
[(1, 0.49432311426970688)]
[(1, 0.52126218782187017)]
[(3, 0.53571659945162853), (4, 0.36292843161702887)]
[(6, 0.84498586498518258)]
[(2, 0.59505682256481729)]
[(2, 0.24587836926346521), (4, 0.45381256800951414)]
[(0, 0.37049215688761666), (4, 0.23726816947638874)]
[(4, 0.27196593735031477), (6, 0.39848034980923003)]
[(0, 0.33713687649314406), (6, 0.35207996852961942)]
[(6, 0.47305670952593326)]
[(2, 0.25640599148152465), (6, 0.4096649033300101)]
[(2, 0.28221901886353512), (4, 0.37161391919194486)]
[(4, 0.51504382623938771), (6, 0.22350272075474467)]
[(4, 0.70106380558474746)]
[(4, 0.7566819786405351)]
[(4, 0.23997304824608248), (5, 0.37436928829726351)]
[(3, 0.47455472082396277)]
[(3, 0.46128883518183189)]
[(6, 0.67306018311350291)]
[(1, 0.22456867766686706), (6, 0.42243462064174403)]
[(1, 0.49432219335950167)]
[(1, 0.52126437100096523)]
[(3, 0.53571788575486401), (4, 0.36292845195360451)]
[(6, 0.84498611747402719)]
[(2, 0.5950420645374187)]
[(2, 0.22094894168040408), (4, 0.46478595263948669)]
[(0, 0.37049281605540463), (4, 0.23726579837605918)]
[(4, 0.27196507835134642), (6, 0.39847894687434432)]
[(0, 0.33713667525978924), (6, 0.35208150722478992)]
[(6, 0.47305296141859493)]
[(2, 0.25640286480986019), (6, 0.40966899359952003)]
[(2, 0.28222069274597933), (4, 0.37161747496687081)]
[(4, 0.51504284617887441), (6, 0.22350261947787575)]
[(4, 0.70106089102062541)]
[(4, 0.75666896244115267)]
[(4, 0.2399738541908448), (5, 0.3743707914395637)]
[(3, 0.47455361039240657)]
[(3, 0.46129200205675869)]
[(6, 0.67306105759613999)]
[(1, 0.22456869661595072), (6, 0.42243530122282996)]
[(1, 0.49432291574902343)]
[(1, 0.52126825940574162)]
[(3, 0.53571800723342444), (4, 0.36292801236895145)]
[(6, 0.84498570941919515)]
[(2, 0.59505198351751665)]
[(2, 0.25780257150414965), (4, 0.44910621424478675)]
[(0, 0.37049140537368125), (4, 0.23726735933254411)]
[(4, 0.27196631978880248), (6, 0.39848102925811341)]
[(0, 0.33713667821397864), (6, 0.35207987845790367)]
[(6, 0.47305736596047632)]
[(2, 0.25640388236249911), (6, 0.40966767203048293)]
[(2, 0.28221937858630619), (4, 0.37161636274050797)]
[(4, 0.51504965799811742), (6, 0.22350332447753404)]
[(4, 0.7010645099792292)]
[(4, 0.75663979911107182)]
[(4, 0.23997333306076041), (5, 0.37436952275945762)]
[(3, 0.47455580335676795)]
[(3, 0.46129243996446312)]
[(6, 0.67305857421092696)]
[(1, 0.22455332009640849), (6, 0.42243323106362318)]
[(1, 0.49432451174207037)]
[(1, 0.52126387487621584)]
[(3, 0.5357177223260472), (4, 0.36292838194301574)]
[(6, 0.84498668799341181)]
[(2, 0.59505141770010184)]
[(2, 0.23576921165414394), (4, 0.45808269539745805)]
[(0, 0.37049177428057251), (4, 0.23726765038675882)]
[(4, 0.27196507855313057), (6, 0.39847899676631149)]
[(0, 0.33713672619750545), (6, 0.35208238283181642)]
[(6, 0.47305048411755063)]
[(2, 0.25640074538843255), (6, 0.40967152529837608)]
[(2, 0.28222434489280207), (4, 0.37162031285452446)]
[(4, 0.51504239713444067), (6, 0.22350257305699892)]
[(4, 0.7010629797080471)]
[(4, 0.75668113743119636)]
[(4, 0.23997607767098117), (5, 0.37437551618696552)]
[(3, 0.47455452596349235)]
[(3, 0.46128371022659248)]
[(6, 0.67305954228265363)]
[(1, 0.22455506602027742), (6, 0.42243602846856154)]
[(1, 0.4943236111069686)]
[(1, 0.52126301871704972)]
[(3, 0.5357140827529131), (4, 0.36292753506446629)]
[(6, 0.84498508795232785)]
[(2, 0.59505006935935612)]
[(2, 0.23481280079809663), (4, 0.45849965987745445)]
[(0, 0.37049414560764887), (4, 0.23726565596194318)]
[(4, 0.27196685927436182), (6, 0.39848185562828214)]
[(0, 0.33713662078228535), (6, 0.35208383975401936)]
[(6, 0.47305607084670781)]
[(2, 0.25640455710736554), (6, 0.40966698417697317)]
[(2, 0.28221703438992002), (4, 0.37161583174375457)]
[(4, 0.51504103528891299), (6, 0.22350243255543376)]
[(4, 0.70106333615832694)]
[(4, 0.75666809244375599)]
[(4, 0.23997346840666564), (5, 0.37436993958020937)]
[(3, 0.47455473145496824)]
[(3, 0.4612844045674504)]
[(6, 0.67306078231245681)]
[(1, 0.22456710986479375), (6, 0.42243372294626613)]
[(1, 0.49432377166379632)]
[(1, 0.52126813879083123)]
[(3, 0.53571981575209293), (4, 0.36292883513195601)]
[(6, 0.84498056822606638)]
[(2, 0.59504899715844872)]
[(4, 0.59799462015491001)]
[(0, 0.37049204265916102), (4, 0.23726657204442433)]
[(4, 0.27196702473319495), (6, 0.39848210386018673)]
[(0, 0.33713559411832311), (6, 0.3520856007212283)]
[(6, 0.47305398280415206)]
[(2, 0.25640524170298917), (6, 0.40966603123930762)]
[(2, 0.28222307998737556), (4, 0.37161882860460954)]
[(4, 0.51504026145093262), (6, 0.22350235228679283)]
[(4, 0.70106346851874213)]
[(4, 0.75666934247293416)]
[(4, 0.23997528683149147), (5, 0.37437371341659159)]
[(3, 0.47455562275221203)]
[(3, 0.46129386968331371)]
[(6, 0.6730592763701656)]
[(1, 0.22457163404095837), (6, 0.42243805914296007)]
[(1, 0.49432195280344038)]
[(1, 0.52126311960876548)]
[(3, 0.53572007969487745), (4, 0.3629293064226447)]
[(6, 0.84498069120634489)]
[(2, 0.59505698855095435)]
[(2, 0.26177865413561779), (4, 0.44761780782452126)]
[(0, 0.37049253593501585), (4, 0.23726624197995658)]
[(4, 0.27196652199949528), (6, 0.39848136021476588)]
[(0, 0.33713665675823873), (6, 0.35208401475355428)]
[(6, 0.47305613735022661)]
[(2, 0.25640346042153372), (6, 0.40966813378756239)]
[(2, 0.28222160515094408), (4, 0.37161702949785047)]
[(4, 0.51504032982502079), (6, 0.22350235971932458)]
[(4, 0.70106172791557497)]
[(4, 0.75668119720788085)]
[(4, 0.2399745075490648), (5, 0.37437200057420461)]
[(3, 0.47455584803557399)]
[(3, 0.46128837147636054)]
[(6, 0.67305888858892415)]
[(1, 0.224564439883636), (6, 0.42243653421797034)]
[(1, 0.49432177172996949)]
[(1, 0.52126380932140937)]
[(3, 0.53571691869512128), (4, 0.3629283224526284)]
[(6, 0.84498542834583856)]
[(2, 0.59505316553934406)]
[(4, 0.59795009001130184)]
[(0, 0.37049164905713616), (4, 0.23726640402203891)]
[(4, 0.27196556121331872), (6, 0.39847973972679246)]
[(0, 0.33713623731631942), (6, 0.35209038950563337)]
[(6, 0.47305616179694887)]
[(2, 0.25640696924412232), (6, 0.40966388587091257)]
[(2, 0.28222164683941642), (4, 0.37162006859367192)]
[(4, 0.51503979559722257), (6, 0.22350230424018555)]
[(4, 0.7010615038821606)]
[(4, 0.75666638889930793)]
[(4, 0.23997579724487689), (5, 0.37437507209783977)]
[(3, 0.47455611209396259)]
[(3, 0.46129226125993167)]
[(6, 0.67305933836055198)]
[(1, 0.2245590422117679), (6, 0.4224412339009071)]
[(1, 0.49432338141837939)]
[(1, 0.52126353218338983)]
[(3, 0.53571559428021942), (4, 0.36292796083612794)]
[(6, 0.84498707100457826)]
[(2, 0.59505486539546137)]
[(4, 0.5744648387415523)]
[(0, 0.37049141835749816), (4, 0.23726876769329341)]
[(4, 0.2719663895327874), (6, 0.39848137276790035)]
[(0, 0.33713663952738659), (6, 0.35208512291436317)]
[(6, 0.47305550631329168)]
[(2, 0.2564034275433697), (6, 0.40966829514155151)]
[(2, 0.28222424350774677), (4, 0.3716240050397045)]
[(4, 0.51504150269731097), (6, 0.22350248075319101)]
[(4, 0.70106258191635495)]
[(4, 0.75668379063214819)]
[(4, 0.23997423757882622), (5, 0.37437184478122532)]
[(3, 0.47455372998770123)]
[(3, 0.46128719928116235)]
[(6, 0.67305909318179891)]
[(1, 0.2245716410225552), (6, 0.42243523778372888)]
[(1, 0.49432218165028113)]
[(1, 0.52126416000767195)]
[(3, 0.53571952184862182), (4, 0.36292883174750901)]
[(6, 0.84498630664467744)]
[(2, 0.59504742212905293)]
[(4, 0.47646720109770341)]
[(0, 0.37049195681481661), (4, 0.23726528002460034)]
[(4, 0.27196617498307479), (6, 0.3984808371839072)]
[(0, 0.33713651490618995), (6, 0.35208488620055561)]
[(6, 0.47304705043999096)]
[(2, 0.25640352787578724), (6, 0.4096681598941892)]
[(2, 0.28222523829289842), (4, 0.37162199447689381)]
[(4, 0.51504083457760086), (6, 0.22350241175838059)]
[(4, 0.70106396405726223)]
[(4, 0.7565664282564829)]
[(4, 0.23997592554917241), (5, 0.37437521431586079)]
[(3, 0.47455521420783153)]
[(3, 0.46128655129752655)]
[(6, 0.67305922951070296)]
[(1, 0.22455358007407311), (6, 0.42243448458312827)]
[(1, 0.49432537816782124)]
[(1, 0.5212651353794322)]
[(3, 0.53571586424665774), (4, 0.3629279783426661)]
[(6, 0.84498262795128098)]
[(2, 0.59505684173573414)]
[(2, 0.25116856590498082), (4, 0.45167985992583054)]
[(0, 0.37049259952469055), (4, 0.23726623141304892)]
[(4, 0.27196711637569915), (6, 0.3984822675860612)]
[(0, 0.33713604732283392), (6, 0.35208977831340094)]
[(6, 0.47305528834598748)]
[(2, 0.25640553046131515), (6, 0.40966575037837649)]
[(2, 0.28221871374487767), (4, 0.37161685515165566)]
[(4, 0.51504189519651911), (6, 0.22350252127214013)]
[(4, 0.70106161945160661)]
[(4, 0.75667492078840604)]
[(4, 0.23997555402935741), (5, 0.37437438522297606)]
[(3, 0.47455622128924591)]
[(3, 0.46129049385100285)]
[(6, 0.67305800873660993)]
[(1, 0.22456863452690598), (6, 0.42243708486232612)]
[(1, 0.49432385644827975)]
[(1, 0.52126247183500818)]
[(3, 0.53571679651453408), (4, 0.36292893298191292)]
[(6, 0.84498183631410051)]
[(2, 0.59504958808208419)]
[(2, 0.25756452034170868), (4, 0.44919661435484198)]
[(0, 0.37049168291696316), (4, 0.23726807245466755)]
[(4, 0.2719659212056123), (6, 0.39848030798474232)]
[(0, 0.33713661935990991), (6, 0.35208449630055894)]
[(6, 0.47305342633367642)]
[(2, 0.25640408377082891), (6, 0.4096674164185638)]
[(2, 0.28222173641416554), (4, 0.37161810951706953)]
[(4, 0.5150493800342355), (6, 0.22350329554105694)]
[(4, 0.70106371210474183)]
[(4, 0.75666540655829062)]
[(4, 0.23997308559833921), (5, 0.37436895773090584)]
[(3, 0.47455470824939661)]
[(3, 0.46128873632777828)]
[(6, 0.67305963639449085)]
[(1, 0.22457007309010263), (6, 0.42243480040825138)]
[(1, 0.49432310129027679)]
[(1, 0.52126351950096939)]
[(3, 0.53572023110594613), (4, 0.36292881900375562)]
[(6, 0.84498601892604364)]
[(2, 0.59505693540881954)]
[(2, 0.2309036890000406), (4, 0.46022671029323003)]
[(0, 0.3704922088518387), (4, 0.23726460501680346)]
[(4, 0.27196640848149517), (6, 0.39848110829505151)]
[(0, 0.33713670998494022), (6, 0.35208239279488029)]
[(6, 0.47305766852752645)]
[(2, 0.25640470433385792), (6, 0.40966667351580921)]
[(2, 0.28222043055208751), (4, 0.37162194966383771)]
[(4, 0.51504777062234708), (6, 0.22350312931829552)]
[(4, 0.70106449926846115)]
[(4, 0.75659131217301279)]
[(4, 0.23997392989904756), (5, 0.37437112619963131)]
[(3, 0.47455520889694103)]
[(3, 0.46129007541397793)]
[(6, 0.67305885404361832)]
[(1, 0.22457111963948559), (6, 0.42243230172929036)]
[(1, 0.49432252009632938)]
[(1, 0.52126429866340451)]
[(3, 0.53571460749149502), (4, 0.36292746099181988)]
[(6, 0.84498186730963754)]
[(2, 0.59504747970402472)]
[(2, 0.25357102874012183), (4, 0.45073481980941893)]
[(0, 0.37049121759717635), (4, 0.23726975185822852)]
[(4, 0.27196608540716616), (6, 0.39848082424089093)]
[(0, 0.33713635110639317), (6, 0.35208650553038384)]
[(6, 0.47305476311466799)]
[(2, 0.25640404235920417), (6, 0.40966760169124783)]
[(2, 0.28221868431761282), (4, 0.37161335741687901)]
[(4, 0.51504859045208007), (6, 0.22350321398086778)]
[(4, 0.70106287132518574)]
[(4, 0.75668125707663514)]
[(4, 0.23997323864257486), (5, 0.37436932254868782)]
[(3, 0.47455563193138983)]
[(3, 0.46128686783434059)]
[(6, 0.67305866589516594)]
[(1, 0.22457142231106819), (6, 0.42243798498626428)]
[(1, 0.49432551881361098)]
[(1, 0.52126268553257116)]
[(3, 0.53571741133188711), (4, 0.36292792566650228)]
[(6, 0.8449860961146316)]
[(2, 0.59504263004621805)]
[(4, 0.59796738602607691)]
[(0, 0.37049121061168622), (4, 0.23726487928384432)]
[(4, 0.27196558336785781), (6, 0.39847996678866432)]
[(0, 0.33713628772363019), (6, 0.35209158033557325)]
[(6, 0.47305427634538749)]
[(2, 0.25640241316172113), (6, 0.40966956452726511)]
[(2, 0.28222213964304005), (4, 0.37162811723411171)]
[(4, 0.51504431008243079), (6, 0.22350277086043491)]
[(4, 0.70106087821941776)]
[(4, 0.75655917075214829)]
[(4, 0.23997592918341626), (5, 0.37437523231003783)]
[(3, 0.47455372545218344)]
[(3, 0.46129253383135332)]
[(6, 0.67305985317384343)]
[(1, 0.22457057970184946), (6, 0.42243651428734891)]
[(1, 0.49432353371224608)]
[(1, 0.52126464512336679)]
[(3, 0.53571766473092175), (4, 0.36292924289305634)]
[(6, 0.8449861550400829)]
[(2, 0.59505778227580164)]
[(2, 0.21993411921214004), (4, 0.46526338036602127)]
[(0, 0.37049137714522795), (4, 0.23726738884168561)]
[(4, 0.27196567169237051), (6, 0.39847999656407451)]
[(0, 0.33713611346747874), (6, 0.35208789149417985)]
[(6, 0.47305629039899488)]
[(2, 0.25640552730830524), (6, 0.40966563242399873)]
[(2, 0.2822232772487937), (4, 0.37162055407328065)]
[(4, 0.51504961310198349), (6, 0.22350331974983387)]
[(4, 0.70106417106673502)]
[(4, 0.75656766022493593)]
[(4, 0.2399752638847012), (5, 0.37437357817445449)]
[(3, 0.47455562906168958)]
[(3, 0.46128611333925379)]
[(6, 0.67305943853669592)]
[(1, 0.22455548417693602), (6, 0.42243647642995258)]
[(1, 0.49432505575779989)]
[(1, 0.52126803476742611)]
[(3, 0.53571956539701104), (4, 0.36292886977798994)]
[(6, 0.84498522978176505)]
[(2, 0.59504946754534938)]
[(4, 0.4854050173439648)]
[(0, 0.37048958583838887), (4, 0.23726966306348085)]
[(4, 0.27196576495472702), (6, 0.39848009023774034)]
[(0, 0.33713654198134291), (6, 0.3520842615878137)]
[(6, 0.47305629626785684)]
[(2, 0.2564045895471353), (6, 0.40966671616084127)]
[(2, 0.2822236166869892), (4, 0.37160968497644109)]
[(4, 0.51503985669328545), (6, 0.22350231047072278)]
[(4, 0.70106414481038637)]
[(4, 0.75667933488610573)]
[(4, 0.23997515255737198), (5, 0.37437587561821722)]
[(3, 0.47455537103507295)]
[(3, 0.46128622208765513)]
[(6, 0.67305974756386289)]
[(1, 0.22455460525076312), (6, 0.42243823683684795)]
[(1, 0.49432463264908127)]
[(1, 0.52126824139865502)]
[(3, 0.53571752393431604), (4, 0.362928763812776)]
[(6, 0.84498487808724954)]
[(2, 0.59505185698456897)]
[(2, 0.27996648780747768), (4, 0.44132227400321566)]
[(0, 0.3704931792496185), (4, 0.23726663961535674)]
[(4, 0.27196514718759635), (6, 0.39847909482804394)]
[(0, 0.33713623916777707), (6, 0.35208937613618746)]
[(6, 0.47304654341538643)]
[(2, 0.25640149120304156), (6, 0.40967059135130218)]
[(2, 0.2822244848104975), (4, 0.37161216302581773)]
[(4, 0.51504329444025299), (6, 0.22350266598469762)]
[(4, 0.70106374645121061)]
[(4, 0.75665042090351453)]
[(4, 0.2399763548907137), (5, 0.3743759730752711)]
[(3, 0.47455495997004754)]
[(3, 0.46127968014072418)]
[(6, 0.67306072856412336)]
[(1, 0.22455394387523886), (6, 0.42243274054842361)]
[(1, 0.49432172066170821)]
[(1, 0.52126228087656401)]
[(3, 0.53572176632074342), (4, 0.36292967637819751)]
[(6, 0.84498657435510793)]
[(2, 0.59505210123240782)]
[(2, 0.241427841847762), (4, 0.45566132710844975)]
[(0, 0.37049212400948806), (4, 0.237264180781565)]
[(4, 0.27196521601893897), (6, 0.3984791675725175)]
[(0, 0.33713671494022446), (6, 0.35208365062418578)]
[(6, 0.4730509909649645)]
[(2, 0.25640207270565263), (6, 0.4096699925839542)]
[(2, 0.28222113380934982), (4, 0.37161621111010457)]
[(4, 0.51504593884129346), (6, 0.22350293916594646)]
[(4, 0.70106575327246878)]
[(4, 0.75668217644761893)]
[(4, 0.23997462993735161), (5, 0.37437237747545699)]
[(3, 0.47455630731184018)]
[(3, 0.46129135576805297)]
[(6, 0.67306011778955921)]
[(1, 0.2245683425490316), (6, 0.4224359359582836)]
[(1, 0.494325539556148)]
[(1, 0.52126358866928624)]
[(3, 0.53571959484632836), (4, 0.36292834019308667)]
[(6, 0.84498588911099259)]
[(2, 0.5950471742832748)]
[(2, 0.24301992137684933), (4, 0.45499429348427284)]
[(0, 0.37049111869190487), (4, 0.23726943828174915)]
[(4, 0.27196626849882372), (6, 0.39848086464168836)]
[(0, 0.33713645861878783), (6, 0.35208415807582599)]
[(6, 0.47305076743764585)]
[(2, 0.25640112600996534), (6, 0.40967099453206973)]
[(2, 0.2822250972872678), (4, 0.37162185742703108)]
[(4, 0.51504748281665136), (6, 0.22350309891012074)]
[(4, 0.70106131685765782)]
[(4, 0.75656797883739513)]
[(4, 0.23997584051132262), (5, 0.37437492589173055)]
[(3, 0.47455386531324378)]
[(3, 0.46128932105094206)]
[(6, 0.67305972298048544)]
[(1, 0.22456831004910541), (6, 0.4224368916021109)]
[(1, 0.49432243805497345)]
[(1, 0.52126817920701707)]
[(3, 0.53571545784477703), (4, 0.36292738329436808)]
[(6, 0.84498633766382725)]
[(2, 0.59505566568568824)]
[(2, 0.22893514528547151), (4, 0.46111012850455507)]
[(0, 0.37049174291144765), (4, 0.23726494292313594)]
[(4, 0.27196717905165391), (6, 0.39848235956933986)]
[(0, 0.33713661183469146), (6, 0.35208520937256521)]
[(6, 0.47304743889811207)]
[(2, 0.25640152351696399), (6, 0.40967075858093149)]
[(2, 0.28221894366928846), (4, 0.37162005074908261)]
[(4, 0.51504872763625664), (6, 0.22350322823323643)]
[(4, 0.70106473146058512)]
[(4, 0.75666062886449514)]
[(4, 0.23997531187171137), (5, 0.37437374012548863)]
[(3, 0.47455551634389032)]
[(3, 0.46129022717884161)]
[(6, 0.67305898635161665)]
[(1, 0.22457096830128639), (6, 0.42243467473746105)]
[(1, 0.49432533876510498)]
[(1, 0.52126373051490604)]
[(3, 0.53571881932885212), (4, 0.36292901035298697)]
[(6, 0.84498548156595776)]
[(2, 0.59505482256426734)]
[(2, 0.21862287308922193), (4, 0.46588364070475957)]
[(0, 0.37049196598898376), (4, 0.23726646229650619)]
[(4, 0.27196705695024675), (6, 0.39848214886239158)]
[(0, 0.33713615805257791), (6, 0.35209113157210326)]
[(6, 0.4730560574318638)]
[(2, 0.2564019335812171), (6, 0.40967014696210885)]
[(2, 0.28222541518354605), (4, 0.37162186833456751)]
[(4, 0.51504157120587735), (6, 0.2235024876277531)]
[(4, 0.70106300576334979)]
[(4, 0.75666001117738291)]
[(4, 0.23997578666649816), (5, 0.37437490021976766)]
[(3, 0.47455469950387136)]
[(3, 0.46128614447161714)]
[(6, 0.67305924270997652)]
[(1, 0.22456942537147034), (6, 0.42243421127129843)]
[(1, 0.49432373133625862)]
[(1, 0.52126314360805559)]
[(3, 0.53572184242064358), (4, 0.36292953213385115)]
[(6, 0.844985841057871)]
[(2, 0.59505052600664188)]
[(2, 0.24310741855623783), (4, 0.45495781763539139)]
[(0, 0.37049019467376249), (4, 0.23726783677298233)]
[(4, 0.27196508444239187), (6, 0.39847906199908228)]
[(0, 0.33713677739782644), (6, 0.35208048607091597)]
[(6, 0.47304781322538314)]
[(2, 0.25640239632295331), (6, 0.40966955660554583)]
[(2, 0.28222114925473823), (4, 0.37162012439109543)]
[(4, 0.51504385585307633), (6, 0.22350272377263011)]
[(4, 0.70106437524415621)]
[(4, 0.75666571200536925)]
[(4, 0.23997536792834043), (5, 0.37437393280699077)]
[(3, 0.47455543329701694)]
[(3, 0.46128827392009081)]
[(6, 0.67305988143156381)]
[(1, 0.22455437777412893), (6, 0.42243628805951106)]
[(1, 0.49432506822961209)]
[(1, 0.52126332516964857)]
[(3, 0.53571720400341427), (4, 0.3629283139108726)]
[(6, 0.84498048363770428)]
[(2, 0.59505064556942666)]
[(4, 0.48615788719389058)]
[(0, 0.3704927382403258), (4, 0.23726941029912393)]
[(4, 0.27196540000659003), (6, 0.39847980602377253)]
[(0, 0.33713636009432657), (6, 0.35209020518498013)]
[(6, 0.47304991400816432)]
[(2, 0.25640182821381113), (6, 0.4096701972070052)]
[(2, 0.28222455896260251), (4, 0.37161423577303704)]
[(4, 0.51504266294159984), (6, 0.22350260036621)]
[(4, 0.70106265852404814)]
[(4, 0.75668236695691704)]
[(4, 0.23997394299627445), (5, 0.37437073824701289)]
[(3, 0.47455566673601912)]
[(3, 0.46128489289704366)]
[(6, 0.67305831330177468)]
[(1, 0.22455984014800257), (6, 0.42243597040925718)]
[(1, 0.49432541217987136)]
[(1, 0.52126421958589475)]
[(3, 0.53572094547464755), (4, 0.36292933310863384)]
[(6, 0.84498547115299683)]
[(2, 0.59505768210327403)]
[(2, 0.23911601011195607), (4, 0.45664108940792703)]
[(0, 0.37049236816126374), (4, 0.23726568233384326)]
[(4, 0.27196563718142824), (6, 0.39847985592051016)]
[(0, 0.33713648536193591), (6, 0.35208592739529354)]
[(6, 0.47304796002766869)]
[(2, 0.25640668201697303), (6, 0.40966438249463388)]
[(2, 0.28222483269563786), (4, 0.37162024265902965)]
[(4, 0.51504116838581049), (6, 0.22350244619645304)]
[(4, 0.70106356477688958)]
[(4, 0.75667026673900761)]
[(4, 0.2399750456454475), (5, 0.37437329141854275)]
[(3, 0.47455559204975484)]
[(3, 0.46129337825182387)]
[(6, 0.67305909036484435)]
[(1, 0.22455224052707951), (6, 0.42243288635693815)]
[(1, 0.49432513361023001)]
[(1, 0.52126264897722963)]
[(3, 0.53571934642073227), (4, 0.3629292363352829)]
[(6, 0.84498684264173485)]
[(2, 0.59504723650242097)]
[(2, 0.25504980008298267), (4, 0.45016046342859667)]
[(0, 0.37049056804741415), (4, 0.23726448170979847)]
[(4, 0.27196638380889959), (6, 0.39848105865138006)]
[(0, 0.3371366798721161), (6, 0.35208323097493938)]
[(6, 0.47304954179740644)]
[(2, 0.2564039213686557), (6, 0.40966768948267174)]
[(2, 0.2822225451426551), (4, 0.37161958393954342)]
[(4, 0.51504237279427623), (6, 0.22350257040064439)]
[(4, 0.70106413108700372)]
[(4, 0.75664319648454448)]
[(4, 0.2399757931360692), (5, 0.37437486585122964)]
[(3, 0.47455497030209981)]
[(3, 0.46128521192402772)]
[(6, 0.67305990735303689)]
[(1, 0.2245573747284855), (6, 0.42243567423586098)]
[(1, 0.49432505627707396)]
[(1, 0.52126830453347917)]
[(3, 0.53571608033957085), (4, 0.36292755002628929)]
[(6, 0.84498631444502148)]
[(2, 0.59504808469545833)]
[(2, 0.22623040408695355), (4, 0.46233868204404049)]
[(0, 0.37049244767759115), (4, 0.23726478901590059)]
[(4, 0.27196556403620253), (6, 0.39847980164949198)]
[(0, 0.33713667584832868), (6, 0.35208351923432812)]
[(6, 0.47305175979521413)]
[(2, 0.25640293345798215), (6, 0.40966875630680066)]
[(2, 0.28222094396110103), (4, 0.37161600996342503)]
[(4, 0.51504297919457442), (6, 0.22350263320763297)]
[(4, 0.70106380345341068)]
[(4, 0.75666325895357178)]
[(4, 0.2399753229968152), (5, 0.37437393666781071)]
[(3, 0.47455572257009393)]
[(3, 0.46129007314768444)]
[(6, 0.67305892220336738)]
[(1, 0.22456845378181195), (6, 0.42243465630813753)]
[(1, 0.49432253008488891)]
[(1, 0.5212677408963331)]
[(3, 0.53571699085229074), (4, 0.36292819215651001)]
[(6, 0.84498587088381205)]
[(2, 0.59505780425334387)]
[(4, 0.59796056264292963)]
[(0, 0.37049062928284254), (4, 0.237267557425831)]
[(4, 0.27196681889587498), (6, 0.39848178804383627)]
[(0, 0.33713672533332639), (6, 0.352081712407875)]
[(6, 0.47305630154641326)]
[(2, 0.25640451630566974), (6, 0.40966694388461022)]
[(2, 0.28222484209806653), (4, 0.37162186958898569)]
[(4, 0.51504938139424949), (6, 0.22350329540154631)]
[(4, 0.70106084224483378)]
[(4, 0.75665012594494041)]
[(4, 0.23997297864167644), (5, 0.37436907543574099)]
[(3, 0.47455603496128446)]
[(3, 0.46129154656532373)]
[(6, 0.6730591681215331)]
[(1, 0.22456931957925111), (6, 0.42243519014939862)]
[(1, 0.49432407443617093)]
[(1, 0.52126229825285486)]
[(3, 0.53571705908824518), (4, 0.3629276259542244)]
[(6, 0.84498365931800823)]
[(2, 0.59505241029102485)]
[(2, 0.23615289996689043), (4, 0.4579160412558349)]
[(0, 0.37049286042526886), (4, 0.23726836325169448)]
[(4, 0.27196582022285593), (6, 0.3984801548105224)]
[(0, 0.33713682403307099), (6, 0.3520793894982947)]
[(6, 0.47305075909105165)]
[(2, 0.25640457816851514), (6, 0.40966696303500905)]
[(2, 0.28221768405624115), (4, 0.37161663130513389)]
[(4, 0.51504943829947003), (6, 0.22350330167237498)]
[(4, 0.70106324997354696)]
[(4, 0.75657795045519738)]
[(4, 0.23997608348798619), (5, 0.37437532146674002)]
[(3, 0.47455350086358578)]
[(3, 0.46128819805587273)]
[(6, 0.67305844931249947)]
[(1, 0.22456313682389081), (6, 0.42243504536071785)]
[(1, 0.4943244694889164)]
[(1, 0.5212635985579448)]
[(3, 0.53571961227265896), (4, 0.3629300889018654)]
[(6, 0.84498654525291916)]
[(2, 0.59504843489724235)]
[(4, 0.51100401126030637)]
[(0, 0.37049323258828154), (4, 0.23726958015633803)]
[(4, 0.27196706264965498), (6, 0.39848221918893617)]
[(0, 0.3371364087613869), (6, 0.352089955373802)]
[(6, 0.47304933854284187)]
[(2, 0.25640127193382184), (6, 0.40967078816780855)]
[(2, 0.28222364526056326), (4, 0.37162021480576374)]
[(4, 0.51504154101208399), (6, 0.22350248464676681)]
[(4, 0.70106258198471394)]
[(4, 0.75668469797947824)]
[(4, 0.23997462933921404), (5, 0.3743726525684497)]
[(3, 0.47455516937429654)]
[(3, 0.46128002510871408)]
[(6, 0.67305900443954803)]
[(1, 0.22455608686187178), (6, 0.42243389326857728)]
[(1, 0.49432201995227953)]
[(1, 0.52126459451112295)]
[(3, 0.53571588233619172), (4, 0.36292763548673379)]
[(6, 0.84498575388123898)]
[(2, 0.5950589830626658)]
[(2, 0.23081994821077528), (4, 0.4602641046579693)]
[(0, 0.37049307010201832), (4, 0.23726953424914729)]
[(4, 0.27196582216705301), (6, 0.39848062956201341)]
[(0, 0.33713677426251343), (6, 0.35208059870970682)]
[(6, 0.47305395311184895)]
[(2, 0.25640216477481043), (6, 0.40966982507854743)]
[(2, 0.2822243472856043), (4, 0.37162302824857912)]
[(4, 0.51504899588432052), (6, 0.22350325594251508)]
[(4, 0.70106203152047364)]
[(4, 0.75666927273238116)]
[(4, 0.23997606031065633), (5, 0.37437533554530195)]
[(3, 0.47455458802337241)]
[(3, 0.4612870150922414)]
[(6, 0.67305924265083805)]
[(1, 0.22457069583641534), (6, 0.4224363332917011)]
[(1, 0.49432297523074537)]
[(1, 0.52126392725681003)]
[(3, 0.53572002548617614), (4, 0.36292863914325574)]
[(6, 0.84498668684613398)]
[(2, 0.59505148510762151)]
[(2, 0.23273750779413124), (4, 0.45941198692528562)]
[(0, 0.37049247821658837), (4, 0.23726614099586582)]
[(4, 0.27196510790688966), (6, 0.39847905971175107)]
[(0, 0.33713624526488073), (6, 0.3520900848690352)]
[(6, 0.47304733698225987)]
[(2, 0.25640584327073551), (6, 0.40966523227533902)]
[(2, 0.28221783187572236), (4, 0.37161632810774403)]
[(4, 0.51504034604113813), (6, 0.22350236124042086)]
[(4, 0.70106438973437069)]
[(4, 0.75664676873751291)]
[(4, 0.23997429799023434), (5, 0.37437168482115102)]
[(3, 0.47455469767836689)]
[(3, 0.46129142919653882)]
[(6, 0.67305888112491297)]
[(1, 0.22456276117832838), (6, 0.42243452918829494)]
[(1, 0.49432303719011256)]
[(1, 0.52126558080289076)]
[(3, 0.5357192252021229), (4, 0.3629285746528863)]
[(6, 0.84498066187780341)]
[(2, 0.59505967043611574)]
[(4, 0.47861048415468355)]
[(0, 0.37048727977757251), (4, 0.23726637390199257)]
[(4, 0.27196653939428328), (6, 0.39848139456527643)]
[(0, 0.33713622246624786), (6, 0.35208990835094123)]
[(6, 0.47304729799635969)]
[(2, 0.2564026190146988), (6, 0.40966926141671067)]
[(2, 0.28221978166265338), (4, 0.37162237025558825)]
[(4, 0.51504274612608736), (6, 0.2235026094282532)]
[(4, 0.70106313270793474)]
[(4, 0.75668321966716745)]
[(4, 0.23997640617119378), (5, 0.37437602402956455)]
[(3, 0.47455434757072024)]
[(3, 0.46129232256685715)]
[(6, 0.6730588081555976)]
[(1, 0.22457276859837738), (6, 0.42243753743273921)]
[(1, 0.49432320557291393)]
[(1, 0.52126329836421192)]
[(3, 0.53571275238069294), (4, 0.36292739082647391)]
[(6, 0.84498679833303258)]
[(2, 0.59505648514700471)]
[(2, 0.22690735831141537), (4, 0.46202960392381848)]
[(0, 0.37049236595376156), (4, 0.23726911523739183)]
[(4, 0.27196568242199159), (6, 0.39848002385121667)]
[(0, 0.33713679418288117), (6, 0.35208184811947185)]
[(6, 0.47305669335088224)]
[(2, 0.25640514522698349), (6, 0.40966621204092002)]
[(2, 0.28222016288711693), (4, 0.37161176297279036)]
[(4, 0.51504096284995882), (6, 0.22350242476509241)]
[(4, 0.7010648100150092)]
[(4, 0.756671142675991)]
[(4, 0.23997363887049597), (5, 0.37437037092924585)]
[(3, 0.47455582916913835)]
[(3, 0.46128933234005048)]
[(6, 0.67305835533686109)]
[(1, 0.22455101148327905), (6, 0.42243284596620861)]
[(1, 0.49432500506682814)]
[(1, 0.52126766140739744)]
[(3, 0.5357140489301967), (4, 0.36292725857823366)]
[(6, 0.844985689419535)]
[(2, 0.59505371475698465)]
[(2, 0.29417911125696555), (4, 0.43696382212032225)]
[(0, 0.37049211118057779), (4, 0.23726837137179765)]
[(4, 0.27196711608859941), (6, 0.39848228094115629)]
[(0, 0.33713637594780999), (6, 0.35208973390849896)]
[(6, 0.47305716923432367)]
[(2, 0.25640435977546033), (6, 0.40966705171897833)]
[(2, 0.28222248113564175), (4, 0.3716129732799881)]
[(4, 0.5150449184846857), (6, 0.22350283380834357)]
[(4, 0.7010586972138324)]
[(4, 0.75665762405596437)]
[(4, 0.23997501138843252), (5, 0.37437338594794467)]
[(3, 0.47455562537832241)]
[(3, 0.46128595693662733)]
[(6, 0.67305980476310978)]
[(1, 0.22456499850683703), (6, 0.4224351410370682)]
[(1, 0.4943234398537224)]
[(1, 0.52126296589623999)]
[(3, 0.53571778821678839), (4, 0.36292835623345127)]
[(6, 0.84498019377976097)]
[(2, 0.59505677660551026)]
[(2, 0.22049811428266514), (4, 0.46499776361689232)]
[(0, 0.37049276310761214), (4, 0.23726402182151479)]
[(4, 0.27196623216311788), (6, 0.39848081664727675)]
[(0, 0.33713633280294875), (6, 0.3520907514534124)]
[(6, 0.47304809805158005)]
[(2, 0.25640362228363273), (6, 0.40966799357520561)]
[(2, 0.28222075960080267), (4, 0.37161755642599009)]
[(4, 0.51504483692266645), (6, 0.22350282532151994)]
[(4, 0.70106536264744013)]
[(4, 0.75664638254596439)]
[(4, 0.23997550783170249), (5, 0.37437422533122189)]
[(3, 0.47455442766524886)]
[(3, 0.46129343658039351)]
[(6, 0.67305908718063934)]
[(1, 0.22456668602522914), (6, 0.4224361911351604)]
[(1, 0.49432444575370954)]
[(1, 0.52126370622487916)]
[(3, 0.53571720209282436), (4, 0.36292850630752527)]
[(6, 0.84498500242713781)]
[(2, 0.59505787517876907)]
[(2, 0.2510611728346967), (4, 0.45172244828258323)]
[(0, 0.37049068278924818), (4, 0.23726927855009708)]
[(4, 0.27196694633265389), (6, 0.39848197083614229)]
[(0, 0.3371362825526239), (6, 0.35208727462865941)]
[(6, 0.47304727882199837)]
[(2, 0.25640279487441697), (6, 0.40966911378062004)]
[(2, 0.28222527645774975), (4, 0.37162145399877977)]
[(4, 0.51504973851634051), (6, 0.2235033330709785)]
[(4, 0.70106338771942134)]
[(4, 0.75656983704487124)]
[(4, 0.23997619646624962), (5, 0.37437556278859035)]
[(3, 0.47455467991745537)]
[(3, 0.46129281561462537)]
[(6, 0.67305928828755113)]
[(1, 0.22456264700695519), (6, 0.42243872393930398)]
[(1, 0.49432443939667375)]
[(1, 0.52126324462854745)]
[(3, 0.53571743389480797), (4, 0.36292846288665637)]
[(6, 0.84498607270596326)]
[(2, 0.59505263826328436)]
[(2, 0.21133794116997237), (4, 0.46939761584318246)]
[(0, 0.37049328368747692), (4, 0.23726941702106474)]
[(4, 0.27196710084860004), (6, 0.39848222162138486)]
[(0, 0.33713691019480402), (6, 0.35207929217777345)]
[(6, 0.47305684126701791)]
[(2, 0.25640655401997331), (6, 0.40966431317091717)]
[(2, 0.28222613273211827), (4, 0.37162437591899755)]
[(4, 0.5150452276821027), (6, 0.22350286547883558)]
[(4, 0.70106178816239251)]
[(4, 0.75667874000963598)]
[(4, 0.23997498320648497), (5, 0.37437320243016986)]
[(3, 0.4745537479196385)]
[(3, 0.46128666048090722)]
[(6, 0.67305982454049118)]
[(1, 0.22456988851939821), (6, 0.42243363495606434)]
[(1, 0.49432441188697945)]
[(1, 0.52126350549972578)]
[(3, 0.53572054448748518), (4, 0.36292943466633143)]
[(6, 0.84498021872470974)]
[(2, 0.59505331544670226)]
[(2, 0.25111834562261726), (4, 0.45169977188895172)]
[(0, 0.37049014346997322), (4, 0.23726568965245057)]
[(4, 0.27196577739001132), (6, 0.39848031785242888)]
[(0, 0.33713642958267531), (6, 0.35208813491731822)]
[(6, 0.47305560578238953)]
[(2, 0.25640422198375357), (6, 0.40966712978301972)]
[(2, 0.28222551852924183), (4, 0.3716226230756256)]
[(4, 0.51504077902010237), (6, 0.22350240613955794)]
[(4, 0.70106598751557347)]
[(4, 0.75667303252417362)]
[(4, 0.23997350358357691), (5, 0.37437003050266288)]
[(3, 0.4745550893584205)]
[(3, 0.4612908872743729)]
[(6, 0.67306027100386789)]
[(1, 0.22456853515697356), (6, 0.42243696157019706)]
[(1, 0.49432389864395515)]
[(1, 0.52126299331244075)]
[(1, 0.57142856218118798)]
