[(2, 0.57142854912866392)]
[(3, 0.67427296665768299), (4, 0.31699647766366079)]
[(1, 0.5492066959252182), (3, 0.36126531038550969)]
[(6, 0.71626061427408205)]
[(6, 0.97232222101518895)]
[(2, 0.58178308657895439)]
[(0, 0.39455146347661968), (2, 0.26917647967079317)]
[(4, 0.21674931417643994), (6, 0.34352051471816381)]
[(1, 0.26456230578173434), (3, 0.24701848796110143), (4, 0.46111457051795296)]
[(3, 0.20501094837209963), (4, 0.52668997651445182)]
[(4, 0.73060957613731137)]
[(3, 0.30771213925611679), (4, 0.36121655285037418)]
[(4, 0.63911652626612203)]
[(4, 0.24615327166680828), (5, 0.40930508934755044)]
[(3, 0.42052825586072623), (5, 0.42598896595619573)]
[(3, 0.59372899016715452), (6, 0.20625105653171397)]
[(3, 0.33359564941761027), (6, 0.27127457930514293)]
[(3, 0.86093663363217465)]
[(3, 0.50031265300596584)]
[(3, 0.46387353197253706), (6, 0.31290809748398818)]
[(4, 0.21240428102039421), (6, 0.45668119036614635)]
[(3, 0.67427820086306633), (4, 0.31699119142067678)]
[(1, 0.54913827471817411), (3, 0.36133375600104989)]
[(6, 0.71626032383188798)]
[(6, 0.97232289425435814)]
[(2, 0.58176665310438813)]
[(0, 0.3945513959659887), (2, 0.2691772135805135)]
[(4, 0.21674919104595533), (6, 0.34352039192243095)]
[(1, 0.26456184352414874), (3, 0.24703423481713441), (4, 0.46109928356631569)]
[(3, 0.2050109571862482), (4, 0.52669016736718355)]
[(4, 0.73061349803960196)]
[(3, 0.3077122558688104), (4, 0.36121876255346641)]
[(4, 0.63912029757572575)]
[(4, 0.24615437579620475), (5, 0.40930336917306159)]
[(3, 0.42052132208220205), (5, 0.42601009082350594)]
[(3, 0.59372597069868449), (6, 0.20625056269386918)]
[(3, 0.3335936616281916), (6, 0.2712722219829673)]
[(3, 0.86095335386148952)]
[(3, 0.50030765900452767)]
[(3, 0.46387338141068812), (6, 0.31290708437775205)]
[(4, 0.21240348172021481), (6, 0.45667894971741541)]
[(3, 0.6742657937818537), (4, 0.3170036853795582)]
[(1, 0.5491080249825061), (3, 0.36136401728194389)]
[(6, 0.71626155167949257)]
[(6, 0.97232284854360995)]
[(2, 0.58177740156873647)]
[(0, 0.39455208777524764), (2, 0.26917721680516493)]
[(4, 0.21675052003566464), (6, 0.34352171601361609)]
[(1, 0.26456248559533074), (3, 0.24701236516568795), (4, 0.46112051441412261)]
[(3, 0.2050108289568626), (4, 0.52668178768263807)]
[(4, 0.73060881645397613)]
[(3, 0.30771091912183668), (4, 0.36121381435074779)]
[(4, 0.63912154209571126)]
[(4, 0.24615295693567854), (5, 0.40930120945795173)]
[(3, 0.42052356952368714), (5, 0.42600284821521833)]
[(3, 0.59372993809902141), (6, 0.20625121506570637)]
[(3, 0.33359574665016828), (6, 0.27127469612118771)]
[(3, 0.86093859024384245)]
[(3, 0.50031205567163506)]
[(3, 0.46387260915988476), (6, 0.31290867062408551)]
[(4, 0.21240404885483119), (6, 0.45668057547345742)]
[(3, 0.67427516898398088), (4, 0.31699427027494825)]
[(1, 0.54905764929064937), (3, 0.36141440894079629)]
[(6, 0.71626027904124778)]
[(6, 0.97232280466644172)]
[(2, 0.58178952464696565)]
[(0, 0.39455276232051434), (2, 0.26917959938622033)]
[(4, 0.2167504700254777), (6, 0.34352166620810964)]
[(1, 0.26456345483995902), (3, 0.24697939278069714), (4, 0.4611525224752735)]
[(3, 0.20501080840304836), (4, 0.52667902057585703)]
[(4, 0.73061013279155729)]
[(3, 0.30771395381146149), (4, 0.36121781196860925)]
[(4, 0.63911856650982291)]
[(4, 0.24615308881674763), (5, 0.40930580072599104)]
[(3, 0.42053016628147882), (5, 0.42598267096347719)]
[(3, 0.59373159362915273), (6, 0.20625143183365971)]
[(3, 0.33359402815353384), (6, 0.2712726574674782)]
[(3, 0.86093818435964387)]
[(3, 0.50031213622554038)]
[(3, 0.46387152157732237), (6, 0.31290816747025285)]
[(4, 0.21240458942898635), (6, 0.45668197586733744)]
[(3, 0.67427519015630322), (4, 0.31699423209493588)]
[(1, 0.54918825189700049), (3, 0.36128376087597353)]
[(6, 0.7162603400896026)]
[(6, 0.97232265107741078)]
[(2, 0.5817824526877402)]
[(0, 0.39455396226109823), (2, 0.2691780562316558)]
[(4, 0.21674931089390187), (6, 0.34352051152538465)]
[(1, 0.26456351735614481), (3, 0.24697726782936458), (4, 0.46115458522737124)]
[(3, 0.20501069506893674), (4, 0.52667953888733332)]
[(4, 0.73060927707205292)]
[(3, 0.3077107390329305), (4, 0.36121662894295353)]
[(4, 0.63911859934071147)]
[(4, 0.24615380465158784), (5, 0.40930368697537139)]
[(3, 0.42052087699642976), (5, 0.42601135582784411)]
[(3, 0.59373153739527962), (6, 0.20625143403428753)]
[(3, 0.3335957220326255), (6, 0.27127466526407468)]
[(3, 0.86095159166888502)]
[(3, 0.50030929652203537)]
[(3, 0.46387227312674645), (6, 0.31290795212107492)]
[(4, 0.2124048986777986), (6, 0.45668273660593844)]
[(3, 0.67427476484503457), (4, 0.31699466493302858)]
[(1, 0.54923094205864864), (3, 0.3612410573130494)]
[(6, 0.71626231366730864)]
[(6, 0.97232293833501393)]
[(2, 0.58178542539194211)]
[(0, 0.3945461485303538), (2, 0.26917333920167819)]
[(4, 0.21674931927201788), (6, 0.34352051997570959)]
[(1, 0.26456080215527955), (3, 0.24706974848451799), (4, 0.46106480595126653)]
[(3, 0.20501147358791422), (4, 0.52669511068412167)]
[(4, 0.73060897493994648)]
[(3, 0.30770470239865694), (4, 0.3612235357822054)]
[(4, 0.63912194737280603)]
[(4, 0.24615211624903444), (5, 0.40930151061803066)]
[(3, 0.42052364585380403), (5, 0.42600304375169035)]
[(3, 0.59372449613696865), (6, 0.20625007690591718)]
[(3, 0.33359288092925254), (6, 0.27127129564562441)]
[(3, 0.86093527530962044)]
[(3, 0.50030966220811701)]
[(3, 0.46387177099472521), (6, 0.31290223117516286)]
[(4, 0.21240331359157927), (6, 0.45667842045258378)]
[(3, 0.67427210340877008), (4, 0.3169973536156519)]
[(1, 0.54912376393057905), (3, 0.36134827305107881)]
[(6, 0.71626258568566814)]
[(6, 0.97232294472173864)]
[(2, 0.58178176068661547)]
[(0, 0.39454388709140997), (2, 0.2691699227108269)]
[(4, 0.21675051774980886), (6, 0.3435217138558076)]
[(1, 0.26456313677974269), (3, 0.24699020771477698), (4, 0.46114202398811299)]
[(3, 0.20501069132110239), (4, 0.52667908876252179)]
[(4, 0.73060914805628452)]
[(3, 0.3077213311080837), (4, 0.36122013233186984)]
[(4, 0.63911755081260024)]
[(4, 0.24615291707201736), (5, 0.40930185305030331)]
[(3, 0.42052452150364933), (5, 0.42600036477952746)]
[(3, 0.5937321265019031), (6, 0.20625149141745483)]
[(3, 0.33359500761053557), (6, 0.27127381916672466)]
[(3, 0.86095207343797286)]
[(3, 0.5003067922502159)]
[(3, 0.46387172303608049), (6, 0.31290793771242764)]
[(4, 0.21240446250542355), (6, 0.45668165636006858)]
[(3, 0.6742724437389841), (4, 0.3169970100902873)]
[(1, 0.54907701565398548), (3, 0.36139503382128113)]
[(6, 0.71626033079502072)]
[(6, 0.9723228308472629)]
[(2, 0.58174092527873222)]
[(0, 0.39455121151240408), (2, 0.26917679599152639)]
[(4, 0.21675040512740218), (6, 0.34352160134759824)]
[(1, 0.26456134685684995), (3, 0.2470511656127837), (4, 0.46108284690513013)]
[(3, 0.20501144896038187), (4, 0.52669491665060109)]
[(4, 0.73061099883552894)]
[(3, 0.3077153773725908), (4, 0.36121229569731161)]
[(4, 0.63911632997946277)]
[(4, 0.24615221268103021), (5, 0.40930358048868037)]
[(3, 0.42051900207056442), (5, 0.42601721224091443)]
[(3, 0.59373164095859754), (6, 0.2062514467033443)]
[(3, 0.33359330652757574), (6, 0.27127180026792136)]
[(3, 0.8609401769248215)]
[(3, 0.50031273404207)]
[(3, 0.46387611380708332), (6, 0.31290551650210841)]
[(4, 0.21240354835895503), (6, 0.45667915237346229)]
[(3, 0.67427462223522661), (4, 0.31699481890038433)]
[(1, 0.54911320690901966), (3, 0.36135882223595506)]
[(6, 0.7162606966430346)]
[(6, 0.97232282075928755)]
[(2, 0.58177286929835903)]
[(0, 0.39455713065579423), (2, 0.26918393807365221)]
[(4, 0.21674998210924337), (6, 0.34352118005247906)]
[(1, 0.26456230691970428), (3, 0.24701844881945037), (4, 0.46111460852735275)]
[(3, 0.20501078265061395), (4, 0.52667824879316194)]
[(4, 0.73060951221153236)]
[(3, 0.30773611498227149), (4, 0.36122856483020432)]
[(4, 0.63911607999022357)]
[(4, 0.24615311714484148), (5, 0.40930176455472478)]
[(3, 0.42052227053404928), (5, 0.42600719745865656)]
[(3, 0.59373314862742943), (6, 0.20625158471065777)]
[(3, 0.33359317686762779), (6, 0.27127164730077735)]
[(3, 0.86094085759199568)]
[(3, 0.50030919510415006)]
[(3, 0.46387318987328935), (6, 0.31290163336953836)]
[(4, 0.21240415801619847), (6, 0.45668086747822034)]
[(3, 0.67427839678123147), (4, 0.3169909589855)]
[(1, 0.54917745337514667), (3, 0.36129456096031182)]
[(6, 0.71626222794134553)]
[(6, 0.97232268669701272)]
[(2, 0.58178147241467715)]
[(0, 0.39455545019932003), (2, 0.26917870009910327)]
[(4, 0.21675034604419341), (6, 0.34352154285742498)]
[(1, 0.26456155447577806), (3, 0.24704408538718198), (4, 0.46108972057080627)]
[(3, 0.20501083885195101), (4, 0.52668400009414373)]
[(4, 0.73061018381121079)]
[(3, 0.30771583008440856), (4, 0.36121893310098452)]
[(4, 0.63911946268158271)]
[(4, 0.24615326337595306), (5, 0.40930202711194269)]
[(3, 0.4205179486368128), (5, 0.42602091314079155)]
[(3, 0.59373054720307483), (6, 0.20625129860567057)]
[(3, 0.33359308745784005), (6, 0.27127154160063283)]
[(3, 0.86094176260059652)]
[(3, 0.50031292657778881)]
[(3, 0.46387311401724535), (6, 0.31290804829573016)]
[(4, 0.21240411168268697), (6, 0.45668074419812954)]
[(3, 0.674277172029354), (4, 0.31699222327922078)]
[(1, 0.54906505815730178), (3, 0.36140699629254647)]
[(6, 0.71626069835438533)]
[(6, 0.97232276572538734)]
[(2, 0.58174272702301533)]
[(0, 0.39455020251505118), (2, 0.26917583466500694)]
[(4, 0.2167493096630895), (6, 0.34352051070021516)]
[(1, 0.26456105863089457), (3, 0.24706099656028274), (4, 0.46107330271135638)]
[(3, 0.20501141109410051), (4, 0.52669356660646227)]
[(4, 0.73061122864171679)]
[(3, 0.30772412677426336), (4, 0.3612369448182125)]
[(4, 0.63911999574825185)]
[(4, 0.24615353221598626), (5, 0.40930405159338634)]
[(3, 0.42052424290176998), (5, 0.42600074526608916)]
[(3, 0.59373218305821696), (6, 0.2062514981409537)]
[(3, 0.33359220980587789), (6, 0.27127050852197948)]
[(3, 0.86095105354157453)]
[(3, 0.50031384880729202)]
[(3, 0.4638729495248507), (6, 0.31290777856265745)]
[(4, 0.21240489639844856), (6, 0.45668273107652357)]
[(3, 0.67426593347607955), (4, 0.31700354528506325)]
[(1, 0.54915908003779457), (3, 0.36131294547664511)]
[(6, 0.71626033892733454)]
[(6, 0.97232292838496492)]
[(2, 0.58177993217288071)]
[(0, 0.3945562348308766), (2, 0.26918241538570076)]
[(4, 0.21674940278236124), (6, 0.3435206031578471)]
[(1, 0.26456311895805601), (3, 0.24699081367651771), (4, 0.46114143575761024)]
[(3, 0.20501089912042209), (4, 0.52668632404450977)]
[(4, 0.73060944943633321)]
[(3, 0.30771226795770573), (4, 0.36122322870000029)]
[(4, 0.63911747545409281)]
[(4, 0.24615280033054668), (5, 0.40930365667168461)]
[(3, 0.4205271040912214), (5, 0.42599289345507535)]
[(3, 0.59373301815484758), (6, 0.20625158045626801)]
[(3, 0.3335931092630583), (6, 0.27127156661444157)]
[(3, 0.86095288895907274)]
[(3, 0.50030835118574957)]
[(3, 0.46387179837720044), (6, 0.31290692107301454)]
[(4, 0.21240424773902791), (6, 0.45668110360423569)]
[(3, 0.67426658844215703), (4, 0.31700289049884556)]
[(1, 0.54925050138124265), (3, 0.36122146291383922)]
[(6, 0.71626226878825749)]
[(6, 0.97232278757629209)]
[(2, 0.58178097733135259)]
[(0, 0.39454947679203939), (2, 0.26917375943855731)]
[(4, 0.21674920921702565), (6, 0.34352041129722732)]
[(1, 0.26456150139823392), (3, 0.24704589605346183), (4, 0.46108796271167551)]
[(3, 0.20501088679685797), (4, 0.52668902415546837)]
[(4, 0.7306093301372466)]
[(3, 0.30771128456451441), (4, 0.36121315383515917)]
[(4, 0.63912184867946187)]
[(4, 0.2461515244895062), (5, 0.40930507591815452)]
[(3, 0.42052205848747787), (5, 0.42600790543533257)]
[(3, 0.59373179548412192), (6, 0.2062514662540218)]
[(3, 0.33359284692826807), (6, 0.27127125678139491)]
[(3, 0.86095093778598686)]
[(3, 0.50031231056824521)]
[(3, 0.4638744222210322), (6, 0.31290642519028278)]
[(4, 0.2124042554995422), (6, 0.45668112387400195)]
[(3, 0.67426541539348084), (4, 0.3170040645245652)]
[(1, 0.54923064683159539), (3, 0.3612413552483697)]
[(6, 0.7162625015981815)]
[(6, 0.97232285074346458)]
[(2, 0.58178680254281756)]
[(0, 0.39454880764317124), (2, 0.26917502060697951)]
[(4, 0.21675037916140777), (6, 0.34352157570974612)]
[(1, 0.26456286483442959), (3, 0.24699945864797737), (4, 0.46113304361974761)]
[(3, 0.20501082475440141), (4, 0.52668208163474362)]
[(4, 0.73061806605586077)]
[(3, 0.30771122882950031), (4, 0.36121581313139689)]
[(4, 0.63911547656308709)]
[(4, 0.24615340456104287), (5, 0.40930098083075056)]
[(3, 0.42052707964917296), (5, 0.42599191188754498)]
[(3, 0.59373036498128307), (6, 0.20625126892790646)]
[(3, 0.33359298403102694), (6, 0.27127141801742166)]
[(3, 0.86093708004327607)]
[(3, 0.50030889487679375)]
[(3, 0.46387389229908726), (6, 0.31290714121951152)]
[(4, 0.21240431385772429), (6, 0.45668127555429661)]
[(3, 0.67427329311279016), (4, 0.31699615977624995)]
[(1, 0.54904033927275042), (3, 0.36143172451602434)]
[(6, 0.71626037781886887)]
[(6, 0.97232260472216381)]
[(2, 0.58174127938524678)]
[(0, 0.39454516583518201), (2, 0.26916991382727323)]
[(4, 0.21675013760203879), (6, 0.34352133523299827)]
[(1, 0.26456135830469829), (3, 0.24705077505514991), (4, 0.46108322607329122)]
[(3, 0.20501137098284111), (4, 0.52669294410921919)]
[(4, 0.7306207677412252)]
[(3, 0.30770572794294981), (4, 0.36121806957773189)]
[(4, 0.63912036883872658)]
[(4, 0.24615215027131651), (5, 0.40930468342167908)]
[(3, 0.42052256462408177), (5, 0.42600633201022275)]
[(3, 0.59373165405638939), (6, 0.20625143957996067)]
[(3, 0.33359505654737603), (6, 0.27127387599109304)]
[(3, 0.86093610230529749)]
[(3, 0.50031344040680892)]
[(3, 0.46387280066887454), (6, 0.31290832413266828)]
[(4, 0.212404918858768), (6, 0.45668278551897529)]
[(3, 0.67426954950414464), (4, 0.3169999224399358)]
[(1, 0.54909346085369115), (3, 0.36137858080652896)]
[(6, 0.71626276716550985)]
[(6, 0.97232264516199129)]
[(2, 0.58178918640719235)]
[(0, 0.39455541136403349), (2, 0.2691791566888419)]
[(4, 0.21674924745246904), (6, 0.34352044906534157)]
[(1, 0.26456321675143774), (3, 0.24698748760351596), (4, 0.46114466453342379)]
[(3, 0.20501076492890732), (4, 0.52668180777938012)]
[(4, 0.73060951775336713)]
[(3, 0.30771384674095414), (4, 0.36122071790950133)]
[(4, 0.63911609979683415)]
[(4, 0.24615312354590488), (5, 0.40930137956725576)]
[(3, 0.42052627077184868), (5, 0.42599443763859923)]
[(3, 0.59372536149476096), (6, 0.20625041538885369)]
[(3, 0.33359538466427729), (6, 0.27127426507902447)]
[(3, 0.86095061461532363)]
[(3, 0.50031214859796536)]
[(3, 0.46387259860327523), (6, 0.31290811310686778)]
[(4, 0.2124043447975999), (6, 0.45668135545352134)]
[(3, 0.67427231772155671), (4, 0.31699713557546405)]
[(1, 0.54922498664075781), (3, 0.3612470058273432)]
[(6, 0.71626191641150683)]
[(6, 0.97232284928494628)]
[(2, 0.58173682372318947)]
[(0, 0.39456151970920844), (2, 0.26918632087491728)]
[(4, 0.21675032913153389), (6, 0.34352152584356715)]
[(1, 0.26456073570866845), (3, 0.24707201630211739), (4, 0.46106260424018947)]
[(3, 0.20501089233932374), (4, 0.52668217973166642)]
[(4, 0.7306091871718341)]
[(3, 0.30772672059875517), (4, 0.36122614014976401)]
[(4, 0.63912090216417328)]
[(4, 0.24615274081925137), (5, 0.40930140888158778)]
[(3, 0.42051595928097557), (5, 0.42602635259614619)]
[(3, 0.59373175782891152), (6, 0.20625146143414064)]
[(3, 0.33359335930794054), (6, 0.27127186404554471)]
[(3, 0.86095222931337212)]
[(3, 0.50031272658274439)]
[(3, 0.46387388269957786), (6, 0.31290625636881719)]
[(4, 0.21240417950531565), (6, 0.45668092433724539)]
[(3, 0.67427135521111592), (4, 0.31699810907149706)]
[(1, 0.54903426235231956), (3, 0.3614378033343833)]
[(6, 0.71626042916411736)]
[(6, 0.97232295982835004)]
[(2, 0.58177291251339147)]
[(0, 0.39455732015463457), (2, 0.26918284311122992)]
[(4, 0.21674953122299723), (6, 0.34352073125246863)]
[(1, 0.26456311707929808), (3, 0.24699087767217665), (4, 0.46114137363118152)]
[(3, 0.20501092209980076), (4, 0.52668844038832463)]
[(4, 0.73060911452940525)]
[(3, 0.307720721706989), (4, 0.36123189690969248)]
[(4, 0.63911929939746104)]
[(4, 0.24615251637869195), (5, 0.40930142893464599)]
[(3, 0.42051883750813512), (5, 0.42601697906468766)]
[(3, 0.59373147930979153), (6, 0.20625142019515819)]
[(3, 0.33359579225738334), (6, 0.27127474873566326)]
[(3, 0.86095159359259144)]
[(3, 0.50031273639202389)]
[(3, 0.46387131142406846), (6, 0.31290754041808361)]
[(4, 0.2124045444059772), (6, 0.45668186307947384)]
[(3, 0.6742655468426656), (4, 0.31700393315399117)]
[(1, 0.54904067385625333), (3, 0.36143138974425643)]
[(6, 0.71626262082781189)]
[(6, 0.97232272724664581)]
[(2, 0.58178183043479725)]
[(0, 0.39454509813572458), (2, 0.26916960840825582)]
[(4, 0.2167490925913719), (6, 0.34352029433223319)]
[(1, 0.26456223673933266), (3, 0.24702083911934228), (4, 0.4611122880508568)]
[(3, 0.20501066773063359), (4, 0.52667897362206029)]
[(4, 0.73061056142671255)]
[(3, 0.30771237723265121), (4, 0.36121532973287329)]
[(4, 0.63911840990582225)]
[(4, 0.24615268249107555), (5, 0.40930115776682952)]
[(3, 0.42051503823498376), (5, 0.42602893171262035)]
[(3, 0.59373204787227207), (6, 0.20625148908925744)]
[(3, 0.33359566288915554), (6, 0.27127459529375081)]
[(3, 0.86093726304633211)]
[(3, 0.50031265898143817)]
[(3, 0.4638722410355175), (6, 0.31290802409348439)]
[(4, 0.21240407563626745), (6, 0.45668064762037625)]
[(3, 0.67426524679235245), (4, 0.31700423343655731)]
[(1, 0.54903806035022817), (3, 0.36143400418743304)]
[(6, 0.71626216540134213)]
[(6, 0.97232278817139561)]
[(2, 0.58173355938491822)]
[(0, 0.39455094506094379), (2, 0.26917629018884937)]
[(4, 0.21674925179621674), (6, 0.34352045279078969)]
[(1, 0.26456306440498584), (3, 0.2469926692199309), (4, 0.46113963449040912)]
[(3, 0.20501066806867121), (4, 0.52667614800726237)]
[(4, 0.73060915852552899)]
[(3, 0.30771224054333474), (4, 0.36121705821027211)]
[(4, 0.63912003602248679)]
[(4, 0.24615318692313434), (5, 0.4093056434465327)]
[(3, 0.42052445962415907), (5, 0.42599984091808391)]
[(3, 0.59372315678385579), (6, 0.20624977047546417)]
[(3, 0.33359501741751868), (6, 0.27127382958365154)]
[(3, 0.86093575509214937)]
[(3, 0.50031263945590998)]
[(3, 0.46387122757053545), (6, 0.31290689516956338)]
[(4, 0.21240407456905408), (6, 0.45668064475188147)]
[(3, 0.67427271220570784), (4, 0.31699674011925538)]
[(1, 0.54911724329078115), (3, 0.36135479568488826)]
[(6, 0.71626160651032633)]
[(6, 0.97232294779652417)]
[(2, 0.58177675961753139)]
[(0, 0.39455659288115952), (2, 0.26918324439461017)]
[(4, 0.21675040420030631), (6, 0.34352160074650384)]
[(1, 0.26456132448272662), (3, 0.24705192813723906), (4, 0.46108210664041072)]
[(3, 0.20501069017401377), (4, 0.52668054546676923)]
[(4, 0.73060927607036064)]
[(3, 0.30770905390571729), (4, 0.36121200366795447)]
[(4, 0.6391166532952175)]
[(4, 0.24615317907915166), (5, 0.40930505804468914)]
[(3, 0.42052942542555521), (5, 0.42598497072606778)]
[(3, 0.59373276647890705), (6, 0.20625155431035863)]
[(3, 0.33359455273359018), (6, 0.27127327921251432)]
[(3, 0.86095254744037597)]
[(3, 0.50031432488518612)]
[(3, 0.46387353173388118), (6, 0.3129077885290748)]
[(4, 0.21240407513030735), (6, 0.45668064626050164)]
[(3, 0.67426515521703456), (4, 0.31700432488625291)]
[(1, 0.5491336535470519), (3, 0.36133837868479823)]
[(6, 0.71626209788657869)]
[(6, 0.97232257584608073)]
[(2, 0.58177911204676769)]
[(0, 0.39455582786448251), (2, 0.26917972790555655)]
[(4, 0.21675029628800016), (6, 0.34352149355196349)]
[(1, 0.26456100195910914), (3, 0.24706293026797765), (4, 0.46107142538584767)]
[(3, 0.20501143746847394), (4, 0.52669431672829725)]
[(4, 0.73061370231013667)]
[(3, 0.30771332807444202), (4, 0.36121717057021857)]
[(4, 0.6391176134988501)]
[(4, 0.24615354133307085), (5, 0.40930466034982083)]
[(3, 0.42051935651550187), (5, 0.42601624122415066)]
[(3, 0.59373228043046322), (6, 0.2062515074239773)]
[(3, 0.33359307563460872), (6, 0.2712715281737702)]
[(3, 0.86095023203431698)]
[(3, 0.50031287078288356)]
[(3, 0.46387480145505527), (6, 0.31290819353961508)]
[(4, 0.21240428700104616), (6, 0.45668120591183375)]
[(3, 0.67427359489406469), (4, 0.31699585747653369)]
[(1, 0.5490732491184297), (3, 0.36139880167451804)]
[(6, 0.71626051133116642)]
[(6, 0.97232285857850276)]
[(2, 0.58178840438935286)]
[(0, 0.39454873642285176), (2, 0.26917534994285802)]
[(4, 0.21675025908058043), (6, 0.34352145619159513)]
[(1, 0.26456328325428113), (3, 0.24698522652007396), (4, 0.46114685945140527)]
[(3, 0.20501082644859461), (4, 0.52668483706292502)]
[(4, 0.73060881642851594)]
[(3, 0.30771039677698347), (4, 0.36121737688909938)]
[(4, 0.63911584969250712)]
[(4, 0.24615279230967768), (5, 0.4093036924072081)]
[(3, 0.42051967151356673), (5, 0.42601488137748106)]
[(3, 0.59373197517365617), (6, 0.20625148260709972)]
[(3, 0.33359255413137545), (6, 0.27127090913932322)]
[(3, 0.86095245577983603)]
[(3, 0.50031305587547636)]
[(3, 0.46387283194110851), (6, 0.3129086205214624)]
[(4, 0.212403885124331), (6, 0.45668012655696544)]
[(3, 0.67427756536386574), (4, 0.31699185402531016)]
[(1, 0.54925111462003051), (3, 0.36122087544647175)]
[(6, 0.71626181462156902)]
[(6, 0.97232270792017794)]
[(2, 0.58177596120710295)]
[(0, 0.39454687193774574), (2, 0.26917374256571575)]
[(4, 0.21674927898024499), (6, 0.34352048028072268)]
[(1, 0.26456346946655518), (3, 0.24697889568765385), (4, 0.46115300501588363)]
[(3, 0.20501076934459284), (4, 0.5266800749601126)]
[(4, 0.73061151825362347)]
[(3, 0.30771549119536834), (4, 0.36121727581598728)]
[(4, 0.63911536413263537)]
[(4, 0.24615337163744833), (5, 0.40930415365780681)]
[(3, 0.4205167503800093), (5, 0.42602427164766316)]
[(3, 0.59373021441655616), (6, 0.20625126081897613)]
[(3, 0.33359228064559543), (6, 0.27127058471766013)]
[(3, 0.86095283833854697)]
[(3, 0.50031337814509302)]
[(3, 0.46387495626749098), (6, 0.31290622589143335)]
[(4, 0.2124037914061695), (6, 0.45667986293383861)]
[(3, 0.67427797545821), (4, 0.31699143092975324)]
[(1, 0.54913492941554498), (3, 0.36133710232833866)]
[(6, 0.71626194232012097)]
[(6, 0.9723230186649765)]
[(2, 0.58174575304170939)]
[(0, 0.39455474631409576), (2, 0.26918106840922462)]
[(4, 0.21675048250094578), (6, 0.34352167881737988)]
[(1, 0.26456097784015864), (3, 0.24706375300977976), (4, 0.46107062663960735)]
[(3, 0.20501080945211075), (4, 0.52668349753897881)]
[(4, 0.73060884414808747)]
[(3, 0.30772058957941312), (4, 0.36121758829079476)]
[(4, 0.6391182554077568)]
[(4, 0.24615246517436692), (5, 0.40930482504499849)]
[(3, 0.42052415325096432), (5, 0.42600099819154769)]
[(3, 0.59373272932224375), (6, 0.20625154984551319)]
[(3, 0.33359571190669113), (6, 0.27127465336536732)]
[(3, 0.86095340619278871)]
[(3, 0.50031282104863262)]
[(3, 0.46387273452779482), (6, 0.31290790078900027)]
[(4, 0.21240469122436426), (6, 0.45668222882297133)]
[(3, 0.67426567222521971), (4, 0.31700380769785991)]
[(1, 0.54917388996702354), (3, 0.36129812896603647)]
[(6, 0.71626198174173528)]
[(6, 0.97232280967618889)]
[(2, 0.58174662680522438)]
[(0, 0.39455623074574142), (2, 0.26918283773426926)]
[(4, 0.21675023717912267), (6, 0.34352143412691172)]
[(1, 0.26456325973259326), (3, 0.24698602615019963), (4, 0.46114608322364037)]
[(3, 0.20501063822197205), (4, 0.52667729798106089)]
[(4, 0.7306116373818613)]
[(3, 0.30771334016859203), (4, 0.36121507986003037)]
[(4, 0.6391153097251886)]
[(4, 0.24615240533109439), (5, 0.40930145661369338)]
[(3, 0.42052291603764302), (5, 0.42600440703328157)]
[(3, 0.593731628114474), (6, 0.20625142836566693)]
[(3, 0.33359385595091029), (6, 0.27127245240666448)]
[(3, 0.86095227419225251)]
[(3, 0.50031212249120915)]
[(3, 0.46387024882599703), (6, 0.31290743906694024)]
[(4, 0.21240304833928453), (6, 0.45667752056657601)]
[(3, 0.67427071126067473), (4, 0.31699875490114726)]
[(1, 0.54910874633592854), (3, 0.3613632954619968)]
[(6, 0.7162628231729079)]
[(6, 0.97232293653566015)]
[(2, 0.58179063438434209)]
[(0, 0.39456030285808202), (2, 0.26918616621263219)]
[(4, 0.21675007609703681), (6, 0.34352127334075461)]
[(1, 0.26456267940650713), (3, 0.24700576821157144), (4, 0.46112691854212928)]
[(3, 0.20501079637931255), (4, 0.5266807877831734)]
[(4, 0.73061467952519665)]
[(3, 0.30771720280743298), (4, 0.36121828231460379)]
[(4, 0.63911949170167004)]
[(4, 0.2461521258359568), (5, 0.40930158266425198)]
[(3, 0.42051814047227137), (5, 0.42602001133979944)]
[(3, 0.59373285946899945), (6, 0.20625156261793076)]
[(3, 0.33359406965603278), (6, 0.27127270696019612)]
[(3, 0.86093844089339522)]
[(3, 0.50030952413044549)]
[(3, 0.46387629018533039), (6, 0.31290803242708803)]
[(4, 0.21240376114889339), (6, 0.45667977668125359)]
[(3, 0.67427075190481744), (4, 0.31699871485217351)]
[(1, 0.54904607693523333), (3, 0.3614259832938635)]
[(6, 0.71626158760542447)]
[(6, 0.97232273038611317)]
[(2, 0.58173302432523211)]
[(0, 0.39456147561914706), (2, 0.26918599988699826)]
[(4, 0.21674906085382178), (6, 0.34352026373372052)]
[(1, 0.2645610652302271), (3, 0.24706077175119778), (4, 0.4610735209549735)]
[(3, 0.20501074429165594), (4, 0.52668436617000891)]
[(4, 0.73060948489769928)]
[(3, 0.30771237684011982), (4, 0.36121261363172064)]
[(4, 0.63911818881561022)]
[(4, 0.24615375629490863), (5, 0.40930164397311075)]
[(3, 0.42052455202407396), (5, 0.42599976439555082)]
[(3, 0.59373238317849253), (6, 0.20625151440149328)]
[(3, 0.33359577920961381), (6, 0.27127473323804402)]
[(3, 0.86095255837652218)]
[(3, 0.50031283463505771)]
[(3, 0.4638710492514323), (6, 0.31290781718657817)]
[(4, 0.21240422873201178), (6, 0.45668105385860458)]
[(3, 0.67427433374493195), (4, 0.31699511571677413)]
[(1, 0.54923342235249661), (3, 0.36123857586616698)]
[(6, 0.71626072012896291)]
[(6, 0.97232272405096365)]
[(2, 0.58174305093197065)]
[(0, 0.3945535565550074), (2, 0.26917792573924709)]
[(4, 0.21674930039625578), (6, 0.34352050181599336)]
[(1, 0.26456149530710332), (3, 0.24704610385634246), (4, 0.46108776096889381)]
[(3, 0.20501047031357508), (4, 0.52667510924353145)]
[(4, 0.73060825560096365)]
[(3, 0.30771448636003063), (4, 0.3612177930314926)]
[(4, 0.63911591035341164)]
[(4, 0.24615253382113775), (5, 0.40930517603057104)]
[(3, 0.42051836211584437), (5, 0.42601891887737831)]
[(3, 0.59373251728411103), (6, 0.20625153263095028)]
[(3, 0.33359430913072524), (6, 0.27127299033586622)]
[(3, 0.86095208737503004)]
[(3, 0.50030780858106394)]
[(3, 0.46387333966196925), (6, 0.31290758130909468)]
[(4, 0.2124045715922232), (6, 0.45668193125369572)]
[(3, 0.67427804425416693), (4, 0.31699136049724347)]
[(1, 0.54906881561404297), (3, 0.3614032387487206)]
[(6, 0.71626239616470777)]
[(6, 0.9723229949753901)]
[(2, 0.58177603943468326)]
[(0, 0.39455310535983651), (2, 0.26917673812671905)]
[(4, 0.2167501722555622), (6, 0.34352136967388031)]
[(1, 0.26456278854767751), (3, 0.24700205411836867), (4, 0.46113052404863197)]
[(3, 0.20501060089633688), (4, 0.52667723181083359)]
[(4, 0.7306094698332366)]
[(3, 0.30771090593035577), (4, 0.36121324215616307)]
[(4, 0.63911981558130015)]
[(4, 0.24615238088042998), (5, 0.40930425282837962)]
[(3, 0.4205216965404282), (5, 0.42600897950871647)]
[(3, 0.59373332422572478), (6, 0.20625160207231197)]
[(3, 0.33359269552755011), (6, 0.27127107646061066)]
[(3, 0.86095189992143006)]
[(3, 0.50031189492331551)]
[(3, 0.4638744250589717), (6, 0.31290836198251981)]
[(4, 0.212403327753695), (6, 0.45667846611873142)]
[(3, 0.674269809858696), (4, 0.31699965671798802)]
[(1, 0.54907732657064412), (3, 0.36139472483420826)]
[(6, 0.71626261360878196)]
[(6, 0.97232257710185854)]
[(2, 0.58174939190116526)]
[(0, 0.39455685471851981), (2, 0.2691812973477713)]
[(4, 0.2167502523208604), (6, 0.3435214494633696)]
[(1, 0.26456298766292469), (3, 0.24699527957661371), (4, 0.46113710048623641)]
[(3, 0.20501138090681353), (4, 0.52669364933972629)]
[(4, 0.73061105600796394)]
[(3, 0.30772012511254843), (4, 0.36121580017069954)]
[(4, 0.63911679702801749)]
[(4, 0.24615361066312935), (5, 0.40930313146156655)]
[(3, 0.42052141225841871), (5, 0.42600939456878689)]
[(3, 0.59373183504422344), (6, 0.20625147089371559)]
[(3, 0.33359494089804231), (6, 0.27127374009183697)]
[(3, 0.86094118007270792)]
[(3, 0.50030902295723756)]
[(3, 0.46387194016185923), (6, 0.31290819132417069)]
[(4, 0.2124035527755819), (6, 0.45667916567508843)]
[(3, 0.67427905642428265), (4, 0.31699034953426747)]
[(1, 0.54910069288394792), (3, 0.3613713503678237)]
[(6, 0.71626151551781336)]
[(6, 0.97232249970201001)]
[(2, 0.58178463190202478)]
[(0, 0.39455185067585868), (2, 0.2691766463206634)]
[(4, 0.2167503434565661), (6, 0.3435215399050684)]
[(1, 0.2645616437868738), (3, 0.24704104152978457), (4, 0.46109267557275946)]
[(3, 0.20501134878361738), (4, 0.52669477046987656)]
[(4, 0.73061510193211121)]
[(3, 0.30771274090690531), (4, 0.36121553561971098)]
[(4, 0.639118797866983)]
[(4, 0.24615398007052211), (5, 0.40930490098196465)]
[(3, 0.42052355993160434), (5, 0.42600316561316576)]
[(3, 0.59373196639108361), (6, 0.20625148240545066)]
[(3, 0.33359260422876452), (6, 0.27127097390800015)]
[(3, 0.86095294158851976)]
[(3, 0.50030877936652485)]
[(3, 0.46387178383961963), (6, 0.31290792037817533)]
[(4, 0.21240459366400777), (6, 0.45668198644690466)]
[(3, 0.67426829867565363), (4, 0.31700117501583031)]
[(1, 0.54903508790024536), (3, 0.36143697759063398)]
[(6, 0.71626227111476903)]
[(6, 0.9723225353837297)]
[(2, 0.58177690607763544)]
[(0, 0.39455084539368673), (2, 0.26917691488475426)]
[(4, 0.21674912181267839), (6, 0.34352032358343981)]
[(1, 0.26456247166189178), (3, 0.24701283951500405), (4, 0.46112005392740602)]
[(3, 0.20501066209765587), (4, 0.52667931885212649)]
[(4, 0.73060986388355054)]
[(3, 0.30771501335165846), (4, 0.36122014783194961)]
[(4, 0.63911708832793401)]
[(4, 0.24615286367561437), (5, 0.40930534659892714)]
[(3, 0.42052477277630662), (5, 0.42599917920704194)]
[(3, 0.59373187294611629), (6, 0.20625146561117369)]
[(3, 0.33359248584103479), (6, 0.27127082802976388)]
[(3, 0.86095048128301677)]
[(3, 0.50030979056226821)]
[(3, 0.46387384091395273), (6, 0.31290804762690005)]
[(4, 0.21240484772169743), (6, 0.45668261274615091)]
[(1, 0.57117070826456429)]
