[(2, 0.57142854912866392)]
[(3, 0.7106426119212288), (4, 0.27229838784048871)]
[(1, 0.22329922232660854), (3, 0.46048569074993417), (4, 0.30499177894925433)]
[(6, 0.67964266943511986)]
[(0, 0.31966028650656902), (4, 0.23440098472526755)]
[(4, 0.77218935600298766)]
[(0, 0.28123254614637122), (6, 0.34587636252308707)]
[(6, 0.65005507083874103)]
[(6, 0.60245114962955915)]
[(2, 0.47243037693627538)]
[(3, 0.34100759683321263), (4, 0.21363221080444755)]
[(4, 0.55544463007172828)]
[(4, 0.63386745619796492)]
[(3, 0.25202489267912498), (4, 0.39334602960700243)]
[(4, 0.35156422798279852), (5, 0.23177151987226244)]
[(1, 0.23996464562650754), (4, 0.27645957450171693), (5, 0.34665425231614205)]
[(3, 0.30549207656217775), (6, 0.31616656075683341)]
[(3, 0.55764798939602322)]
[(1, 0.30335580542653096), (6, 0.49782100951702257)]
[(1, 0.56750944575645745)]
[(1, 0.48253069494481582)]
[(3, 0.71065194758607331), (4, 0.27228904887706507)]
[(1, 0.22329911643794639), (3, 0.46048246447696534), (4, 0.3049951110991046)]
[(6, 0.67964516090617888)]
[(0, 0.31966094308651966), (4, 0.23440208809963975)]
[(4, 0.77218941144184461)]
[(0, 0.2812316014406363), (6, 0.34587900316958448)]
[(6, 0.65004439975185202)]
[(6, 0.60244828816529272)]
[(2, 0.47242955647364221)]
[(3, 0.34100786281866968), (4, 0.21363322372451954)]
[(4, 0.55545708817551742)]
[(4, 0.63387333363403009)]
[(3, 0.25201843201182395), (4, 0.39332161760600387)]
[(4, 0.35156334835157066), (5, 0.23177347214918043)]
[(1, 0.23996443244990118), (4, 0.27646401074215443), (5, 0.34666418140241401)]
[(3, 0.30548732975389586), (6, 0.31616667591521647)]
[(3, 0.55764760993839524)]
[(1, 0.30335435688509643), (6, 0.49782641760001622)]
[(1, 0.56751057432661745)]
[(1, 0.48240521525401914)]
[(3, 0.71062782904913802), (4, 0.27231317343608741)]
[(1, 0.2233032612966179), (3, 0.46047782768892581), (4, 0.30499560294003208)]
[(6, 0.67964598700557977)]
[(0, 0.31965989772385395), (4, 0.23440081093867673)]
[(4, 0.7721861484392587)]
[(0, 0.28123066736257796), (6, 0.34588201478566521)]
[(6, 0.65005059154878597)]
[(6, 0.60240953360183924)]
[(2, 0.47243235889234808)]
[(3, 0.34100908395958746), (4, 0.21363284856290751)]
[(4, 0.55545073845256376)]
[(4, 0.63387212597737752)]
[(3, 0.25201911394653809), (4, 0.39332420181075667)]
[(4, 0.35156293507360148), (5, 0.23177329825316548)]
[(1, 0.23996486388271443), (4, 0.27646121330004114), (5, 0.34665515633118071)]
[(3, 0.30549315550119377), (6, 0.31616753406756959)]
[(3, 0.5576477719366566)]
[(1, 0.30335484903908411), (6, 0.49782087208007575)]
[(1, 0.56751101848667296)]
[(1, 0.4824310965239495)]
[(3, 0.71064496691318801), (4, 0.27229603283548964)]
[(1, 0.22330136382373092), (3, 0.46048566156395881), (4, 0.30498966661022858)]
[(6, 0.67964273949763598)]
[(0, 0.31966062349505264), (4, 0.23440124859109357)]
[(4, 0.77218917670620324)]
[(0, 0.28123164452069283), (6, 0.34588007577936469)]
[(6, 0.65004414420449641)]
[(6, 0.60247196514011014)]
[(2, 0.47243346796641333)]
[(3, 0.34100849778600978), (4, 0.21363251718576082)]
[(4, 0.55545392989304598)]
[(4, 0.63387095759793854)]
[(3, 0.25202074758799181), (4, 0.3933303404694059)]
[(4, 0.35156378290655693), (5, 0.23177060409640357)]
[(1, 0.2399639753123223), (4, 0.27646153875295054), (5, 0.34666434165306198)]
[(3, 0.30549283745877182), (6, 0.31616684625287766)]
[(3, 0.5576477178903666)]
[(1, 0.30335239822475712), (6, 0.49783074726308596)]
[(1, 0.56751188706931499)]
[(1, 0.48258399709628463)]
[(3, 0.71064524342915381), (4, 0.27229575520258603)]
[(1, 0.22329631444530859), (3, 0.46047964875491865), (4, 0.30500072883518164)]
[(6, 0.67964268075470413)]
[(0, 0.31965952551105037), (4, 0.23440020231892353)]
[(4, 0.77218518676751979)]
[(0, 0.28123163345515173), (6, 0.34587929654440874)]
[(6, 0.65005411923124468)]
[(6, 0.6024097249135133)]
[(2, 0.4724339131816242)]
[(3, 0.34101147845081775), (4, 0.21363426686951065)]
[(4, 0.55545195770355837)]
[(4, 0.63387213160804445)]
[(3, 0.2520149322968222), (4, 0.39330847704658534)]
[(4, 0.3515626279185754), (5, 0.23177522691462826)]
[(1, 0.23996511078550778), (4, 0.2764630651256334), (5, 0.34665600993026185)]
[(3, 0.30549254508646961), (6, 0.3161668044190058)]
[(3, 0.55764792911282912)]
[(1, 0.30335241279472175), (6, 0.49783903421252512)]
[(1, 0.5675109335906362)]
[(1, 0.48245511821582027)]
[(3, 0.71064775922272105), (4, 0.27229323910318715)]
[(1, 0.22330143112315751), (3, 0.46048572865789889), (4, 0.30498953221617581)]
[(6, 0.67964530550946511)]
[(0, 0.31966223487727874), (4, 0.23440328644419672)]
[(4, 0.77218423370180567)]
[(0, 0.28123202594279756), (6, 0.34587828670396265)]
[(6, 0.65004816127093679)]
[(6, 0.60240711413385317)]
[(2, 0.47243435355843599)]
[(3, 0.34101256925790036), (4, 0.21363442203458766)]
[(4, 0.55545166956212)]
[(4, 0.63387165379225008)]
[(3, 0.25202027766760698), (4, 0.39332859798153447)]
[(4, 0.35156261448985776), (5, 0.23177477934817889)]
[(1, 0.23996425408772468), (4, 0.27646257150858727), (5, 0.34666379048958817)]
[(3, 0.30549262079778328), (6, 0.31616700565878086)]
[(3, 0.55764764824145108)]
[(1, 0.3033520872152648), (6, 0.49784159209436041)]
[(1, 0.56750853940441681)]
[(1, 0.48259370404553248)]
[(3, 0.71063747163257807), (4, 0.27230352958550047)]
[(1, 0.22329987679513838), (3, 0.46047881253534845), (4, 0.30499800264985349)]
[(6, 0.67964653811976916)]
[(0, 0.31966011175328768), (4, 0.23440098938445741)]
[(4, 0.77218852663938986)]
[(0, 0.28123244643566142), (6, 0.34587610957573611)]
[(6, 0.65004730768476859)]
[(6, 0.60243968454668761)]
[(2, 0.47243117811279889)]
[(3, 0.34100018137535454), (4, 0.21362990427454856)]
[(4, 0.55544392511542562)]
[(4, 0.63385656021782844)]
[(3, 0.25202369955627696), (4, 0.39334150090348136)]
[(4, 0.35156399643768693), (5, 0.23177170916716577)]
[(1, 0.23996420141903965), (4, 0.27646131107253918), (5, 0.34666187623891193)]
[(3, 0.30549254668158399), (6, 0.31616727396075067)]
[(3, 0.55764763863714162)]
[(1, 0.30335532370742585), (6, 0.4978193613395071)]
[(1, 0.56751013611661949)]
[(1, 0.4825397887897363)]
[(3, 0.71063850637380643), (4, 0.27230249456838296)]
[(1, 0.2233163206075878), (3, 0.46047686245938052), (4, 0.30498350839006105)]
[(6, 0.67964235040829268)]
[(0, 0.31966061274175778), (4, 0.23440096754912226)]
[(4, 0.77218095240746876)]
[(0, 0.28123073101363327), (6, 0.34588210057455121)]
[(6, 0.65004470990840801)]
[(6, 0.60247146620630743)]
[(2, 0.4724339002635049)]
[(3, 0.34100081677967903), (4, 0.21363070917444976)]
[(4, 0.55544343670610952)]
[(4, 0.63387036169949829)]
[(3, 0.25202050917191221), (4, 0.39332944782909457)]
[(4, 0.35156293794589161), (5, 0.23177480096960901)]
[(1, 0.23996544927316485), (4, 0.27646265744731074), (5, 0.34665098641200448)]
[(3, 0.30548919819786052), (6, 0.31616549365215812)]
[(3, 0.55764775273758482)]
[(1, 0.30335480721403846), (6, 0.497816296371558)]
[(1, 0.56751063629423359)]
[(1, 0.48235529990843024)]
[(3, 0.71064315379389165), (4, 0.27229784627061554)]
[(1, 0.22332524326080871), (3, 0.46047952201765319), (4, 0.30497192614045476)]
[(6, 0.6796466812290981)]
[(0, 0.31965937380199694), (4, 0.23440004447991913)]
[(4, 0.77219134612337526)]
[(0, 0.28123165537529748), (6, 0.34587949949096636)]
[(6, 0.65004247700331264)]
[(6, 0.60245015607605223)]
[(2, 0.47243227109786207)]
[(3, 0.34099778817138443), (4, 0.21362810807107269)]
[(4, 0.55544244559386213)]
[(4, 0.63387033136652993)]
[(3, 0.25202155903588958), (4, 0.39333342792024023)]
[(4, 0.35156281444079596), (5, 0.23177486017534782)]
[(1, 0.23996443896462724), (4, 0.2764611158542149), (5, 0.3466592475935425)]
[(3, 0.30549252707667646), (6, 0.31616700886992272)]
[(3, 0.5576477217983814)]
[(1, 0.30335229941743885), (6, 0.49783472607701446)]
[(1, 0.56750890555212841)]
[(1, 0.48259017659193021)]
[(3, 0.71066101879430632), (4, 0.27227996973786378)]
[(1, 0.22330886465690752), (3, 0.46046447883701302), (4, 0.30500334819525216)]
[(6, 0.67964265811976765)]
[(0, 0.31965958341377387), (4, 0.2344004957115009)]
[(4, 0.77218833206062287)]
[(0, 0.28123129584362894), (6, 0.34587957342633879)]
[(6, 0.65004194204012222)]
[(6, 0.6024649313030338)]
[(2, 0.47243113641179818)]
[(3, 0.34099819668625858), (4, 0.21362886755039459)]
[(4, 0.55545316370599473)]
[(4, 0.63387038269809393)]
[(3, 0.25201424136636119), (4, 0.39330592539975567)]
[(4, 0.35156398383577903), (5, 0.23177316755555386)]
[(1, 0.23996386948835971), (4, 0.27646440773663727), (5, 0.34666902729081001)]
[(3, 0.30549286992290908), (6, 0.31616665531180177)]
[(3, 0.55764757721331404)]
[(1, 0.3033507622393542), (6, 0.49784075503927283)]
[(1, 0.56750759329614464)]
[(1, 0.48255090568777514)]
[(3, 0.71065338451452575), (4, 0.27228761067553392)]
[(1, 0.22332201863072484), (3, 0.46046958085597628), (4, 0.30498509202744345)]
[(6, 0.67964607072223904)]
[(0, 0.31966197661103019), (4, 0.23440303900843307)]
[(4, 0.77218374431960379)]
[(0, 0.28123089097285203), (6, 0.34588149033757998)]
[(6, 0.65005002594448835)]
[(6, 0.6024782223691818)]
[(2, 0.47243434677119384)]
[(3, 0.34099829996008318), (4, 0.2136295766042158)]
[(4, 0.55544110692074344)]
[(4, 0.63387000793865478)]
[(3, 0.25201842065942348), (4, 0.39332155872831415)]
[(4, 0.35156292189319244), (5, 0.23177431212118355)]
[(1, 0.23996433085077673), (4, 0.27646502052717276), (5, 0.34666631729946346)]
[(3, 0.30549287422458055), (6, 0.31616708637710245)]
[(3, 0.55764796753581214)]
[(1, 0.30335430168114763), (6, 0.49783550924128489)]
[(1, 0.56750864099887288)]
[(1, 0.48252697994910904)]
[(3, 0.71062956144853617), (4, 0.27231144084073805)]
[(1, 0.22330172346415156), (3, 0.46048302271705799), (4, 0.30499194579544753)]
[(6, 0.67964458409653838)]
[(0, 0.31966181252396675), (4, 0.23440306281395371)]
[(4, 0.77218826863841472)]
[(0, 0.28123065284781995), (6, 0.34588276807546542)]
[(6, 0.65004483804914093)]
[(6, 0.60240921916489443)]
[(2, 0.47243249732245302)]
[(3, 0.34101200010207894), (4, 0.21363413769544426)]
[(4, 0.55544868904269984)]
[(4, 0.63386937180293401)]
[(3, 0.25202038591412024), (4, 0.3933290039541239)]
[(4, 0.35156350098930922), (5, 0.23177330078406877)]
[(1, 0.2399640903514941), (4, 0.27646511959434789), (5, 0.34666830873254251)]
[(3, 0.30549271375149534), (6, 0.31616681977125266)]
[(3, 0.55764770590660373)]
[(1, 0.30335774202985727), (6, 0.49781521900143927)]
[(1, 0.5675077644561356)]
[(1, 0.48244983779028972)]
[(3, 0.71063071331416505), (4, 0.2723102890157923)]
[(1, 0.22331607338375656), (3, 0.46047126302085101), (4, 0.30498935504269625)]
[(6, 0.67964347028864447)]
[(0, 0.31966065195369597), (4, 0.2344017429539281)]
[(4, 0.77218962726514995)]
[(0, 0.28123099447384148), (6, 0.34588079212125422)]
[(6, 0.6500446101622096)]
[(6, 0.60246152626923222)]
[(2, 0.47243278187942017)]
[(3, 0.34101134132915906), (4, 0.2136337250461488)]
[(4, 0.55544382999259134)]
[(4, 0.63387078650696405)]
[(3, 0.25202727206021425), (4, 0.3933550257473612)]
[(4, 0.35156424770025085), (5, 0.23177196469036615)]
[(1, 0.23996527772275342), (4, 0.27646166399636202), (5, 0.34665121480490957)]
[(3, 0.30549258652655131), (6, 0.31616604089148487)]
[(3, 0.55764810193009473)]
[(1, 0.30335339946707096), (6, 0.49783069642986194)]
[(1, 0.56750963083993644)]
[(1, 0.48259402611888857)]
[(3, 0.71062699997233592), (4, 0.27231400261818228)]
[(1, 0.22330125865644382), (3, 0.46047867849916041), (4, 0.30499675480215283)]
[(6, 0.67964616191513638)]
[(0, 0.31966021326248412), (4, 0.23440115470752232)]
[(4, 0.7721870926205342)]
[(0, 0.28123142156982073), (6, 0.34587895153303672)]
[(6, 0.65004233930107169)]
[(6, 0.60240708128437059)]
[(2, 0.47243336116271578)]
[(3, 0.341009987213092), (4, 0.21363382056369828)]
[(4, 0.55545118897321211)]
[(4, 0.63387006046775607)]
[(3, 0.2520181639036434), (4, 0.39332060102082966)]
[(4, 0.35156358511067948), (5, 0.23177072879621849)]
[(1, 0.23996488711675953), (4, 0.27645923448603743), (5, 0.34665021173691796)]
[(3, 0.30548630551682016), (6, 0.31616479211489418)]
[(3, 0.55764774957270613)]
[(1, 0.30335595391701808), (6, 0.49781609269894894)]
[(1, 0.56751004637118252)]
[(1, 0.48244669120106959)]
[(3, 0.71063716401372845), (4, 0.27230383732938651)]
[(1, 0.22330097336652902), (3, 0.46048762156209105), (4, 0.30498809708886798)]
[(6, 0.67964310051365751)]
[(0, 0.31966207868006136), (4, 0.23440294504004949)]
[(4, 0.77218393992725654)]
[(0, 0.28123245519776696), (6, 0.34587651941641795)]
[(6, 0.65004666235317232)]
[(6, 0.60241312635300104)]
[(2, 0.47243378638201905)]
[(3, 0.3410061015343856), (4, 0.21363186841090601)]
[(4, 0.55545176309543531)]
[(4, 0.63387170722996011)]
[(3, 0.25202164846899183), (4, 0.39333374829971773)]
[(4, 0.3515640397188074), (5, 0.23177219545895411)]
[(1, 0.23996404717653566), (4, 0.27646185878488483), (5, 0.34666437295058872)]
[(3, 0.3054921344666538), (6, 0.31616634205061361)]
[(3, 0.55764764612494688)]
[(1, 0.30335372915841952), (6, 0.49782326762842521)]
[(1, 0.56751101791615166)]
[(1, 0.48260685835033157)]
[(3, 0.71062850121519028), (4, 0.2723125012735399)]
[(1, 0.2233023042334949), (3, 0.46048743242264911), (4, 0.30498695533620745)]
[(6, 0.67964329054147676)]
[(0, 0.31966251290615705), (4, 0.234402793133652)]
[(4, 0.77217963979650261)]
[(0, 0.28123079445092103), (6, 0.34588234798848994)]
[(6, 0.65003917195400118)]
[(6, 0.60243853787960444)]
[(2, 0.47243296103697285)]
[(3, 0.34100253344712633), (4, 0.21363110725668036)]
[(4, 0.55546348005026491)]
[(4, 0.63386383484695186)]
[(3, 0.25201457509281333), (4, 0.39330713119178107)]
[(4, 0.35156306195146936), (5, 0.23177240172161651)]
[(1, 0.23996420170860422), (4, 0.27646381784770202), (5, 0.34666572888893976)]
[(3, 0.30548704057423226), (6, 0.31616552199689019)]
[(3, 0.55764771539977498)]
[(1, 0.30335402417721602), (6, 0.49782922128293028)]
[(1, 0.5675100368194963)]
[(1, 0.48253361717166687)]
[(3, 0.71063822282606492), (4, 0.27230277814609294)]
[(1, 0.22330200291873359), (3, 0.46048532425308591), (4, 0.3049893648068191)]
[(6, 0.67964287575852833)]
[(0, 0.31965987906808352), (4, 0.2344014578247503)]
[(4, 0.77218003783226308)]
[(0, 0.2812320147901532), (6, 0.34587805369308688)]
[(6, 0.65004716545742247)]
[(6, 0.60240979854568821)]
[(2, 0.47243236590229354)]
[(3, 0.34101325146048866), (4, 0.21363452821329329)]
[(4, 0.55544584035982802)]
[(4, 0.63386512975421616)]
[(3, 0.25201747766102417), (4, 0.39331805069865494)]
[(4, 0.35156276348060217), (5, 0.23177475616014453)]
[(1, 0.23996528481973775), (4, 0.27646516315815439), (5, 0.34665947668189268)]
[(3, 0.30548790157052702), (6, 0.31616587084426429)]
[(3, 0.55764769569679951)]
[(1, 0.30335640099500205), (6, 0.49781167163631929)]
[(1, 0.56750968086265352)]
[(1, 0.48246521879089471)]
[(3, 0.71063252752464301), (4, 0.27230847450760187)]
[(1, 0.22332494351596005), (3, 0.46045796580720089), (4, 0.30499378195929217)]
[(6, 0.67964434042243238)]
[(0, 0.31966161037182972), (4, 0.23440274716167775)]
[(4, 0.77219482716988808)]
[(0, 0.2812319972455346), (6, 0.34587936327270635)]
[(6, 0.65005034737867595)]
[(6, 0.60240960765472118)]
[(2, 0.47243136239507799)]
[(3, 0.34100846249926126), (4, 0.2136330632620618)]
[(4, 0.55544184692438947)]
[(4, 0.63387207130611412)]
[(3, 0.25201816244703779), (4, 0.39332060160447241)]
[(4, 0.35156321798986706), (5, 0.23177249291128427)]
[(1, 0.2399639975926264), (4, 0.27646492065488376), (5, 0.34666871488106843)]
[(3, 0.3054920234148471), (6, 0.31616646053041375)]
[(3, 0.55764784519394006)]
[(1, 0.30335477952043266), (6, 0.49781799982476005)]
[(1, 0.5675067280889049)]
[(1, 0.48256552839068134)]
[(3, 0.7106572502521582), (4, 0.27228374426500068)]
[(1, 0.22332036221810955), (3, 0.4604609299269849), (4, 0.30499539936738795)]
[(6, 0.67964355392272169)]
[(0, 0.31966051771509879), (4, 0.23440150655235367)]
[(4, 0.77218397419473583)]
[(0, 0.28123082505993746), (6, 0.34588169452103168)]
[(6, 0.65003798661785805)]
[(6, 0.60242118585652427)]
[(2, 0.47243367626283722)]
[(3, 0.34099822315009326), (4, 0.21363030115260565)]
[(4, 0.5554532196627322)]
[(4, 0.63386807435688985)]
[(3, 0.25202278810701761), (4, 0.39333806389808962)]
[(4, 0.35156366336620137), (5, 0.23177221943138274)]
[(1, 0.23996503414022535), (4, 0.27646201988722785), (5, 0.34665591802195789)]
[(3, 0.30548633278146159), (6, 0.31616413321447162)]
[(3, 0.55764789732146558)]
[(1, 0.30335480761389189), (6, 0.49782827528568485)]
[(1, 0.56751139093455716)]
[(1, 0.48242994032655406)]
[(3, 0.71065397064789171), (4, 0.27228702508496783)]
[(1, 0.22330276654890646), (3, 0.46048672106012689), (4, 0.30498720437470545)]
[(6, 0.67964248139915473)]
[(0, 0.31966142248982238), (4, 0.2344022261994117)]
[(4, 0.77218507012765403)]
[(0, 0.28123187333005195), (6, 0.34587849804173904)]
[(6, 0.65004966758257932)]
[(6, 0.60240726668816658)]
[(2, 0.47243340547844481)]
[(3, 0.34100693013959466), (4, 0.2136314890924482)]
[(4, 0.55545107162765983)]
[(4, 0.63387152099291688)]
[(3, 0.25201760157660824), (4, 0.39331849897699173)]
[(4, 0.3515629460306523), (5, 0.23177314752536046)]
[(1, 0.23996560508459089), (4, 0.27646122175356019), (5, 0.34664764972161027)]
[(3, 0.30549195315174599), (6, 0.31616642129953587)]
[(3, 0.55764774966024144)]
[(1, 0.30335338824455088), (6, 0.49782918589971836)]
[(1, 0.56750881062920266)]
[(1, 0.48241379448575489)]
[(3, 0.71063641140687694), (4, 0.27230458986738693)]
[(1, 0.22329966261378664), (3, 0.46048443166021186), (4, 0.30499259774281473)]
[(6, 0.67964502923834647)]
[(0, 0.31966035110958985), (4, 0.23440070592996351)]
[(4, 0.7721879998742095)]
[(0, 0.2812309666574962), (6, 0.34588099512222764)]
[(6, 0.65005550947876189)]
[(6, 0.60246745961644688)]
[(2, 0.47243330037094089)]
[(3, 0.34101058433855036), (4, 0.21363363493679194)]
[(4, 0.55545247237213446)]
[(4, 0.63387228476910695)]
[(3, 0.25202074952857872), (4, 0.39333038171216878)]
[(4, 0.35156275465510894), (5, 0.23177354879574005)]
[(1, 0.23996401242672399), (4, 0.27646309819731379), (5, 0.34666611695864324)]
[(3, 0.30549290456039674), (6, 0.31616728184756721)]
[(3, 0.55764771692438486)]
[(1, 0.30335831103256444), (6, 0.49781856189053364)]
[(1, 0.56750947425877973)]
[(1, 0.48249199772273543)]
[(3, 0.71062624591940182), (4, 0.27231475672660621)]
[(1, 0.22330195141898734), (3, 0.46048721076076726), (4, 0.30498752981508392)]
[(6, 0.67964317162874854)]
[(0, 0.3196605216442055), (4, 0.23440078407884882)]
[(4, 0.77218332724279248)]
[(0, 0.28123101698434694), (6, 0.34588074331316271)]
[(6, 0.65003510166108536)]
[(6, 0.60247082171200794)]
[(2, 0.47243361072712658)]
[(3, 0.34100351118555877), (4, 0.2136317373496735)]
[(4, 0.55545592092127882)]
[(4, 0.6338674911191019)]
[(3, 0.25202194239681214), (4, 0.3933348688318436)]
[(4, 0.35156384948004349), (5, 0.23177307370318723)]
[(1, 0.23996425485023043), (4, 0.27646222853631819), (5, 0.34666281711972713)]
[(3, 0.30549229369814895), (6, 0.31616638691491705)]
[(3, 0.55764789277945304)]
[(1, 0.3033533863844361), (6, 0.49783254053316772)]
[(1, 0.56750759688210639)]
[(1, 0.48249125810535459)]
[(3, 0.71063965560304121), (4, 0.27230134538551026)]
[(1, 0.22331226329169773), (3, 0.4604692610477864), (4, 0.30499516730867265)]
[(6, 0.67964573165847419)]
[(0, 0.31966197489122378), (4, 0.23440315227768083)]
[(4, 0.77218179702045864)]
[(0, 0.28123100589469807), (6, 0.34588130555245583)]
[(6, 0.65004573010501121)]
[(6, 0.60246123460310474)]
[(2, 0.47243188965665711)]
[(3, 0.34101023903616062), (4, 0.21363344545031521)]
[(4, 0.55545765123240876)]
[(4, 0.63386276436896538)]
[(3, 0.25202278111487059), (4, 0.3933380248998965)]
[(4, 0.35156318202552744), (5, 0.23177391154271404)]
[(1, 0.23996384040655613), (4, 0.27646468942906677), (5, 0.34666930364296544)]
[(3, 0.30549216332441997), (6, 0.3161670401513052)]
[(3, 0.55764808607445415)]
[(1, 0.30335303059182062), (6, 0.49782612283392014)]
[(1, 0.56750943503069096)]
[(1, 0.48252633010588752)]
[(3, 0.71065241666496803), (4, 0.27228858108362908)]
[(1, 0.22331494885610034), (3, 0.46045698628294862), (4, 0.30500475644331188)]
[(6, 0.67964475192263518)]
[(0, 0.3196627042944975), (4, 0.23440275861708804)]
[(4, 0.77218415909235505)]
[(0, 0.28123099985387751), (6, 0.34588101544140271)]
[(6, 0.65005605784712983)]
[(6, 0.60242026786048342)]
[(2, 0.47243369211985725)]
[(3, 0.34101283661437898), (4, 0.21363431874918876)]
[(4, 0.55545031543431722)]
[(4, 0.63387095048968578)]
[(3, 0.25201571443223098), (4, 0.39331142218561616)]
[(4, 0.35156418550804486), (5, 0.23177230040301228)]
[(1, 0.23996520536026314), (4, 0.27646073466702242), (5, 0.3466490560285877)]
[(3, 0.30549230766333729), (6, 0.31616670069518782)]
[(3, 0.55764767315718966)]
[(1, 0.30335437287976308), (6, 0.49782964156766696)]
[(1, 0.56751153027851964)]
[(1, 0.48250004259312251)]
[(3, 0.71065494328685863), (4, 0.27228605286125368)]
[(1, 0.22330004192250599), (3, 0.46048413530079452), (4, 0.30499251478286071)]
[(6, 0.67964606948803219)]
[(0, 0.31965973039819895), (4, 0.23440011399848232)]
[(4, 0.77217861909579621)]
[(0, 0.28123087397395607), (6, 0.34588084096400273)]
[(6, 0.65005536139542441)]
[(6, 0.60248382155162339)]
[(2, 0.47243276796288175)]
[(3, 0.34101133176660103), (4, 0.2136336260647754)]
[(4, 0.55544757563221148)]
[(4, 0.63387382597047925)]
[(3, 0.25201986000783622), (4, 0.39332699665596793)]
[(4, 0.35156316346166738), (5, 0.23177312063728375)]
[(1, 0.23996408250349233), (4, 0.27646127218695682), (5, 0.346662865952239)]
[(3, 0.30549225491660464), (6, 0.31616658395155195)]
[(3, 0.55764777639873964)]
[(1, 0.30335394808822319), (6, 0.49782839718928046)]
[(1, 0.56751199887793369)]
[(1, 0.48249914114072606)]
[(3, 0.71062649562730262), (4, 0.27231450703658072)]
[(1, 0.22330176825894749), (3, 0.46048468917836277), (4, 0.30499023454676549)]
[(6, 0.6796455143885346)]
[(0, 0.31966078178589591), (4, 0.23440145706259521)]
[(4, 0.77219012821673172)]
[(0, 0.2812307934173735), (6, 0.34588186394693987)]
[(6, 0.65005155278111859)]
[(6, 0.6024746585577595)]
[(2, 0.47243349493568843)]
[(3, 0.34100815312153554), (4, 0.21363286833413123)]
[(4, 0.55545364862784097)]
[(4, 0.63387105105085917)]
[(3, 0.25201784353112527), (4, 0.39331938462385102)]
[(4, 0.35156377988918586), (5, 0.23176999191663936)]
[(1, 0.23996397539350273), (4, 0.27646296535601877), (5, 0.34666674178527729)]
[(3, 0.30548885941164106), (6, 0.31616702993158236)]
[(3, 0.55764774563852304)]
[(1, 0.30335128534974493), (6, 0.49784067069680399)]
[(1, 0.56750716162657078)]
[(1, 0.48267215784696132)]
[(3, 0.71063113951582058), (4, 0.27230986264787688)]
[(1, 0.22329853000486569), (3, 0.4604796889358217), (4, 0.30499847306629729)]
[(6, 0.67964239883871158)]
[(0, 0.31966124989501543), (4, 0.23440242398757608)]
[(4, 0.77218669234763082)]
[(0, 0.28123119682917991), (6, 0.34588057917829562)]
[(6, 0.65003403606893662)]
[(6, 0.60240641268809381)]
[(2, 0.47243306348838365)]
[(3, 0.34100782613585284), (4, 0.21363269478813629)]
[(4, 0.55544723686203745)]
[(4, 0.63386878981247707)]
[(3, 0.25202083157100047), (4, 0.39333068518654368)]
[(4, 0.35156282116401993), (5, 0.23177474417947727)]
[(1, 0.23996432855868319), (4, 0.27646212910474427), (5, 0.34666227446986925)]
[(3, 0.30549178601483135), (6, 0.31616692235466204)]
[(3, 0.55764784758633723)]
[(1, 0.30335540422019786), (6, 0.49782345898674452)]
[(1, 0.56751150626323332)]
[(1, 0.48249549090727273)]
[(3, 0.71062984998962431), (4, 0.272311152326696)]
[(1, 0.22331455714972137), (3, 0.46046847652459227), (4, 0.30499365796182176)]
[(6, 0.67964506281754866)]
[(0, 0.31965970558797119), (4, 0.23440044335590973)]
[(4, 0.77218004667594387)]
[(0, 0.28123232111467378), (6, 0.34587737605655122)]
[(6, 0.65005491391669468)]
[(6, 0.60240887355369144)]
[(2, 0.47243131149969736)]
[(3, 0.34101083250284675), (4, 0.21363432195506002)]
[(4, 0.55545207295745613)]
[(4, 0.63387294529189353)]
[(3, 0.2520269429891237), (4, 0.39335378592844938)]
[(4, 0.35156327856457631), (5, 0.23177258643133769)]
[(1, 0.23996440233156061), (4, 0.27646261020832313), (5, 0.34666212800755075)]
[(3, 0.30548761976288463), (6, 0.31616649009691083)]
[(3, 0.55764822446598938)]
[(1, 0.30335577853813617), (6, 0.49781640369410424)]
[(1, 0.56750907053979027)]
[(1, 0.48250088194777224)]
[(3, 0.71064017913544497), (4, 0.27230082184849486)]
[(1, 0.22330052366771996), (3, 0.46048625831968137), (4, 0.30498991002685799)]
[(6, 0.67964262574646994)]
[(0, 0.31965890773742339), (4, 0.23439996386396716)]
[(4, 0.77217865988800072)]
[(0, 0.28123156826015805), (6, 0.34588011760109222)]
[(6, 0.65003766878276392)]
[(6, 0.60246843516494963)]
[(2, 0.47243212765292347)]
[(3, 0.34101115930304343), (4, 0.21363352974972669)]
[(4, 0.55545273556269292)]
[(4, 0.63386807305910087)]
[(3, 0.2520235651593315), (4, 0.39334098068774581)]
[(4, 0.35156372139819808), (5, 0.23177203925690182)]
[(1, 0.2399642986013179), (4, 0.27646263341843619), (5, 0.34666314483616145)]
[(3, 0.30549244825975902), (6, 0.31616703714950006)]
[(3, 0.55764776397606475)]
[(1, 0.30335131668616416), (6, 0.49783617975699151)]
[(1, 0.56751265068356205)]
[(1, 0.48242239217329713)]
[(3, 0.71064858288424693), (4, 0.27229241539692312)]
[(1, 0.22329369602852259), (3, 0.46047991513775893), (4, 0.30500308091065487)]
[(6, 0.67964271464672887)]
[(0, 0.3196592790196412), (4, 0.23440013701951168)]
[(4, 0.77218721907637611)]
[(0, 0.28123143569024761), (6, 0.34587973727402072)]
[(6, 0.65003456353192157)]
[(6, 0.60245548683294647)]
[(2, 0.47243405386100767)]
[(3, 0.34100977354892315), (4, 0.21363418339912571)]
[(4, 0.55545487153032758)]
[(4, 0.63386835331320779)]
[(3, 0.25201877099165465), (4, 0.39332289270691018)]
[(4, 0.35156270021115188), (5, 0.23177467701719662)]
[(1, 0.23996417436297143), (4, 0.27646405225228765), (5, 0.3466663772917864)]
[(3, 0.30548889956772196), (6, 0.31616404909347579)]
[(3, 0.55764796430182151)]
[(1, 0.30335179447913929), (6, 0.49783664377510201)]
[(1, 0.56751260258957026)]
[(1, 0.48251009520251797)]
[(3, 0.71063037359714132), (4, 0.27231062854796495)]
[(1, 0.22330223237207489), (3, 0.46048161899480194), (4, 0.30499284059321319)]
[(6, 0.67964271630746553)]
[(0, 0.31966162168997303), (4, 0.23440153701158692)]
[(4, 0.77218416727137951)]
[(0, 0.28123094099188173), (6, 0.34588130968427755)]
[(6, 0.65005064002530422)]
[(6, 0.60245685624906786)]
[(2, 0.47243364593889808)]
[(3, 0.34100641478435728), (4, 0.21363209649839196)]
[(4, 0.55545458926873503)]
[(4, 0.63387117333139087)]
[(3, 0.25201437047203556), (4, 0.39330637457114903)]
[(4, 0.35156300898429871), (5, 0.23177310838500967)]
[(1, 0.23996563655755654), (4, 0.2764648827141874), (5, 0.34665496698980869)]
[(3, 0.30549224773873801), (6, 0.31616730735032339)]
[(3, 0.55764770278836706)]
[(1, 0.30335170849533549), (6, 0.4978318754065299)]
[(1, 0.56750713823923371)]
[(1, 0.48242554621618511)]
[(3, 0.71065460737634145), (4, 0.27228638966021101)]
[(1, 0.22329969480951933), (3, 0.46048337979933174), (4, 0.30499361740161673)]
[(6, 0.67964361702324827)]
[(0, 0.31966099293280037), (4, 0.23440147195631378)]
[(4, 0.77218552751700908)]
[(0, 0.2812311565310488), (6, 0.34588050570931106)]
[(6, 0.6500450230691025)]
[(6, 0.60245464841809393)]
[(2, 0.47243252434248878)]
[(3, 0.3410125182513461), (4, 0.21363549451235486)]
[(4, 0.55545077157341449)]
[(4, 0.63386920343643927)]
[(3, 0.25201857357479812), (4, 0.39332218020602111)]
[(4, 0.35156367674578082), (5, 0.23177318267173758)]
[(1, 0.23996509873637223), (4, 0.2764621450319284), (5, 0.34665543747781019)]
[(3, 0.3054921605393433), (6, 0.31616795914374779)]
[(3, 0.55764790763320971)]
[(1, 0.3033509161605531), (6, 0.49784165809880399)]
[(1, 0.56750862207749575)]
[(1, 0.48257679060914016)]
[(3, 0.71062693907463748), (4, 0.27231406349727455)]
[(1, 0.22329991470053059), (3, 0.46047922560366555), (4, 0.30499755167706277)]
[(6, 0.67964388379759844)]
[(0, 0.31966233353002182), (4, 0.23440331256979297)]
[(4, 0.77218861457834753)]
[(0, 0.28123223996202157), (6, 0.34587753670859545)]
[(6, 0.65004434246769238)]
[(6, 0.60245480092330561)]
[(2, 0.47243267299117059)]
[(3, 0.34101129691601823), (4, 0.21363436861498294)]
[(4, 0.55544888347382892)]
[(4, 0.633872870235343)]
[(3, 0.25201985777349439), (4, 0.39332701460765762)]
[(4, 0.35156280855825239), (5, 0.23177336209825003)]
[(1, 0.2399638256373052), (4, 0.27646450395997302), (5, 0.34666938145254006)]
[(3, 0.30548747358427547), (6, 0.31616464535888078)]
[(3, 0.5576482460620672)]
[(1, 0.30335213622008622), (6, 0.4978389853009339)]
[(1, 0.56750824581198023)]
[(1, 0.48260755403185657)]
[(3, 0.71063693511217496), (4, 0.27230406627489756)]
[(1, 0.22330170152183404), (3, 0.46048178498479131), (4, 0.30499320546059477)]
[(6, 0.67964278038864345)]
[(0, 0.3196594995458365), (4, 0.23440032180229112)]
[(4, 0.77219130733053432)]
[(0, 0.2812313566323163), (6, 0.34588001595237966)]
[(6, 0.65005432998855073)]
[(6, 0.6024120564476384)]
[(2, 0.47243291339386273)]
[(3, 0.34100965253810245), (4, 0.21363305675864988)]
[(4, 0.55544644831733403)]
[(4, 0.63387055499945166)]
[(3, 0.25202022356675058), (4, 0.39332836877032296)]
[(4, 0.35156304535285249), (5, 0.23177294538397883)]
[(1, 0.23996395249955835), (4, 0.27646282297590025), (5, 0.34666620652239344)]
[(3, 0.30548664431188866), (6, 0.31616567707426185)]
[(3, 0.55764762214628405)]
[(1, 0.30335659780795504), (6, 0.49781544428368485)]
[(1, 0.56751130309852771)]
[(1, 0.48242036994374005)]
[(3, 0.71064711128039981), (4, 0.27229388826990103)]
[(1, 0.22332555031651213), (3, 0.46047365340570495), (4, 0.30497748778596023)]
[(6, 0.67964632922417756)]
[(0, 0.31965997751179126), (4, 0.23440147452995147)]
[(4, 0.77218898900494248)]
[(0, 0.2812321790216073), (6, 0.34587761547331686)]
[(6, 0.65004767862848867)]
[(6, 0.60240752019847355)]
[(2, 0.4724324899780597)]
[(3, 0.34100296389362744), (4, 0.21363025248740344)]
[(4, 0.5554491937598891)]
[(4, 0.63386872413344897)]
[(3, 0.252017159341129), (4, 0.39331683501782189)]
[(4, 0.35156420002554117), (5, 0.23177110622293745)]
[(1, 0.23996509858646589), (4, 0.27646147214419703), (5, 0.34665444577327365)]
[(3, 0.30549254150445043), (6, 0.31616656900981865)]
[(3, 0.55764784961957314)]
[(1, 0.30335187596504565), (6, 0.49783916391006194)]
[(1, 0.56750987834187139)]
[(1, 0.48251330390083513)]
[(3, 0.71064496820078416), (4, 0.27229603025984683)]
[(1, 0.22331786121471336), (3, 0.46046392082757953), (4, 0.30499490904849985)]
[(6, 0.67964312430037677)]
[(0, 0.31966145975229127), (4, 0.23440264399440966)]
[(4, 0.77218817468913714)]
[(0, 0.28123248297506415), (6, 0.34587657231902919)]
[(6, 0.65005442148862724)]
[(6, 0.60246623591369264)]
[(2, 0.47243387625977046)]
[(3, 0.34101002309994932), (4, 0.2136333629282858)]
[(4, 0.55545242291208874)]
[(4, 0.63387078163996435)]
[(3, 0.25201968938487612), (4, 0.39332636662034193)]
[(4, 0.35156293214302314), (5, 0.23177387101634575)]
[(1, 0.2399641999475991), (4, 0.27646142979821015), (5, 0.34666220277509863)]
[(3, 0.3054917264657992), (6, 0.31616677466522719)]
[(3, 0.55764773960843939)]
[(1, 0.30335564760287836), (6, 0.497818832408362)]
[(1, 0.56750831182671857)]
[(1, 0.48255987889729579)]
[(3, 0.71064298778168966), (4, 0.2722980121436725)]
[(1, 0.22332411413204939), (3, 0.46045536179955476), (4, 0.30499721548272357)]
[(6, 0.67964262889922322)]
[(0, 0.31966070153713932), (4, 0.23440213137485569)]
[(4, 0.77218140743804475)]
[(0, 0.28123114046741426), (6, 0.34588102183366909)]
[(6, 0.65005233464355638)]
[(6, 0.60242466649737481)]
[(2, 0.47243013609334461)]
[(3, 0.34100965566614977), (4, 0.21363487905911296)]
[(4, 0.5554371784012927)]
[(4, 0.63387188200369704)]
[(3, 0.25202268699611613), (4, 0.39333767533029224)]
[(4, 0.35156270232308146), (5, 0.23177528177217274)]
[(1, 0.23996513565417729), (4, 0.2764645034378978), (5, 0.34665982517962252)]
[(3, 0.30548712696235319), (6, 0.31616563971923078)]
[(3, 0.55764771084487885)]
[(1, 0.30335197053754054), (6, 0.49783874905244985)]
[(1, 0.56750998497903848)]
[(1, 0.48245439212248076)]
[(3, 0.71063486282092714), (4, 0.27230613898084033)]
[(1, 0.22330465643219963), (3, 0.46047930754642918), (4, 0.30499272793021798)]
[(6, 0.67964484428029859)]
[(0, 0.31966126206675061), (4, 0.23440190845820855)]
[(4, 0.77219726774551034)]
[(0, 0.28123202254620089), (6, 0.3458774771293559)]
[(6, 0.65005281271111381)]
[(6, 0.60245735707066261)]
[(2, 0.47243327600837387)]
[(3, 0.34099966436499268), (4, 0.21362894875390043)]
[(4, 0.55545537532846656)]
[(4, 0.63387038770306448)]
[(3, 0.25201882187870406), (4, 0.39332310133279169)]
[(4, 0.35156371255666802), (5, 0.2317723836834992)]
[(1, 0.2399642105187437), (4, 0.27646527612435828), (5, 0.34666787945214822)]
[(3, 0.30548714340294586), (6, 0.31616475771612634)]
[(3, 0.55764776581120079)]
[(1, 0.30335336590606848), (6, 0.49782401542136939)]
[(1, 0.56751077317234844)]
[(1, 0.48254428536448829)]
[(3, 0.71063558299367413), (4, 0.27230541849461309)]
[(1, 0.22330049489599496), (3, 0.46048683407336322), (4, 0.30498936304727237)]
[(6, 0.67964285278902303)]
[(0, 0.31966160003697214), (4, 0.23440269793870408)]
[(4, 0.77218524931231203)]
[(0, 0.28123139059520341), (6, 0.3458799132783999)]
[(6, 0.65004039898332167)]
[(6, 0.60244448777198023)]
[(2, 0.47243251600711855)]
[(3, 0.34100997184404652), (4, 0.21363297298833947)]
[(4, 0.55544579956868734)]
[(4, 0.6338740120326265)]
[(3, 0.25201735422324428), (4, 0.39331756520838423)]
[(4, 0.35156421116812364), (5, 0.23177083111649849)]
[(1, 0.23996416468252632), (4, 0.27646174861894351), (5, 0.34666331506748349)]
[(3, 0.30549253911321378), (6, 0.31616681225107546)]
[(3, 0.55764775862487082)]
[(1, 0.30335389931299184), (6, 0.49782897750518323)]
[(1, 0.56751078193403615)]
[(1, 0.48257804025917567)]
[(3, 0.71065656269199773), (4, 0.2722844329739223)]
[(1, 0.22330376750866421), (3, 0.46047824274808663), (4, 0.3049946816624533)]
[(6, 0.67964288798471328)]
[(0, 0.3196613154154947), (4, 0.23440263777591289)]
[(4, 0.77218021552330207)]
[(0, 0.28123166716308096), (6, 0.34587921627645929)]
[(6, 0.65004253680458313)]
[(6, 0.60247312278330811)]
[(2, 0.47243255658684469)]
[(3, 0.34101153046992139), (4, 0.2136346252412368)]
[(4, 0.55544482044589838)]
[(4, 0.63387349942747384)]
[(3, 0.25202131101094993), (4, 0.39333246131716487)]
[(4, 0.35156349428484807), (5, 0.23177167357925033)]
[(1, 0.23996425616724271), (4, 0.27646144401604228), (5, 0.34666172867332301)]
[(3, 0.30549216886292441), (6, 0.31616701722745805)]
[(3, 0.55764772173552812)]
[(1, 0.30335077428831114), (6, 0.49784104282300118)]
[(1, 0.56750931088372925)]
[(1, 0.48250894422018742)]
[(3, 0.71064219636973924), (4, 0.27229880416591629)]
[(1, 0.22330313957296916), (3, 0.46047252930325544), (4, 0.30500102301667886)]
[(6, 0.67964670464490895)]
[(0, 0.31966082017280095), (4, 0.234402100793354)]
[(4, 0.77218691879895329)]
[(0, 0.28123251453374337), (6, 0.3458765549635861)]
[(6, 0.65005517143605773)]
[(6, 0.6024309229428717)]
[(2, 0.47243253569653704)]
[(3, 0.34100743200928418), (4, 0.21363180415085067)]
[(4, 0.55544339240117901)]
[(4, 0.63386418103735742)]
[(3, 0.25202290311785147), (4, 0.39333848281104428)]
[(4, 0.35156291921492283), (5, 0.231774020924498)]
[(1, 0.2399640519794744), (4, 0.27646244236175127), (5, 0.34666502525451726)]
[(3, 0.30548739222107246), (6, 0.31616353862801749)]
[(3, 0.55764785190499955)]
[(1, 0.30335160896465352), (6, 0.49783611673659073)]
[(1, 0.56751052726453033)]
[(1, 0.48249654064469066)]
[(3, 0.71062968757313827), (4, 0.27231131467236225)]
[(1, 0.22332462587654703), (3, 0.46046234045770662), (4, 0.30498972496341398)]
[(6, 0.67964521509502318)]
[(0, 0.31966098615275829), (4, 0.2344016941980662)]
[(4, 0.77218886566280343)]
[(0, 0.28123119800253804), (6, 0.34588068242560149)]
[(6, 0.65005432189388157)]
[(6, 0.60241036267526105)]
[(2, 0.4724334529173333)]
[(3, 0.34101191179226381), (4, 0.2136346804139844)]
[(4, 0.55544544894331005)]
[(4, 0.63387213211439364)]
[(3, 0.25202088003873918), (4, 0.39333086724732158)]
[(4, 0.35156272206756845), (5, 0.23177404627516465)]
[(1, 0.23996405196576245), (4, 0.27646265087594618), (5, 0.34666521713205806)]
[(3, 0.30549109724209983), (6, 0.31616727161227004)]
[(3, 0.55764784311863724)]
[(1, 0.30335322313258301), (6, 0.49783039709158489)]
[(1, 0.56750820679164005)]
[(1, 0.48250876117198771)]
[(3, 0.71065289490696437), (4, 0.27228810149286009)]
[(1, 0.22330111011091425), (3, 0.46048301546556214), (4, 0.3049925664090688)]
[(6, 0.67964449208732547)]
[(0, 0.31965987190361178), (4, 0.23440056108918811)]
[(4, 0.77218866820540111)]
[(0, 0.28123105877092758), (6, 0.34588053157800164)]
[(6, 0.65005008654206842)]
[(6, 0.60241254207606965)]
[(2, 0.47243408939900067)]
[(3, 0.34100571243405026), (4, 0.21363200938546631)]
[(4, 0.55545110805140696)]
[(4, 0.63387301299169441)]
[(3, 0.25201905343468672), (4, 0.39332397598343299)]
[(4, 0.351564329902395), (5, 0.23177067492089529)]
[(1, 0.23996555637366712), (4, 0.27646169510900082), (5, 0.34664713998012642)]
[(3, 0.30548629436090741), (6, 0.3161649644754102)]
[(3, 0.55764786721421133)]
[(1, 0.30335720440640562), (6, 0.49781154085181356)]
[(1, 0.56750908466704963)]
[(1, 0.48251786699921195)]
[(3, 0.71065459121289964), (4, 0.27228640298501666)]
[(1, 0.22332230052804714), (3, 0.46046807991751637), (4, 0.30498631093718326)]
[(6, 0.67964429854699038)]
[(0, 0.31965961803479687), (4, 0.23440070310794037)]
[(4, 0.77218615546010039)]
[(0, 0.28123243991414149), (6, 0.34587631123194068)]
[(6, 0.65005107356078495)]
[(6, 0.60242620874674058)]
[(2, 0.47243332159274354)]
[(3, 0.34100795739427253), (4, 0.2136323283569288)]
[(4, 0.55545177825726211)]
[(4, 0.63386994995595103)]
[(3, 0.25202037928721227), (4, 0.39332897009359508)]
[(4, 0.35156316999763915), (5, 0.23177271466599347)]
[(1, 0.23996389535981344), (4, 0.27646428151990743), (5, 0.34666857425074338)]
[(3, 0.30549290888957426), (6, 0.31616722322588531)]
[(3, 0.55764757150686983)]
[(1, 0.30335109635604757), (6, 0.49784010702085352)]
[(1, 0.56750892267437625)]
[(1, 0.48247831677696212)]
[(3, 0.71065092354208548), (4, 0.2722900742071917)]
[(1, 0.22329978375687259), (3, 0.46048557711817972), (4, 0.30499133114570265)]
[(6, 0.67964546186442754)]
[(0, 0.31966170181374115), (4, 0.23440293270393273)]
[(4, 0.7721900810289658)]
[(0, 0.28123223440131134), (6, 0.34587767008617487)]
[(6, 0.65004243602991196)]
[(6, 0.60240808375649901)]
[(2, 0.47243348574249194)]
[(3, 0.34100982612650449), (4, 0.21363333459214756)]
[(4, 0.55545332837168482)]
[(4, 0.63387238682271418)]
[(3, 0.25202165849649633), (4, 0.3933337872691291)]
[(4, 0.35156239166793007), (5, 0.23177400946242641)]
[(1, 0.23996410794969922), (4, 0.27646486000892623), (5, 0.34666779522291258)]
[(3, 0.30549244675357357), (6, 0.31616693278006086)]
[(3, 0.55764783885290936)]
[(1, 0.30335162037798941), (6, 0.49783903745841962)]
[(1, 0.56750957572061667)]
[(1, 0.48245684756467794)]
[(3, 0.71064582858261005), (4, 0.27229517066404324)]
[(1, 0.22330272747349419), (3, 0.46047975669369784), (4, 0.30499420777619257)]
[(6, 0.67964448711955761)]
[(0, 0.31966215142809301), (4, 0.23440305703336992)]
[(4, 0.77219232564816143)]
[(0, 0.28123122227771186), (6, 0.34588088078097629)]
[(6, 0.65003791663937016)]
[(6, 0.60241507479580503)]
[(2, 0.47243260774436258)]
[(3, 0.34101012360611443), (4, 0.21363420766231356)]
[(4, 0.55545172321623593)]
[(4, 0.63386975120799682)]
[(3, 0.25202011089137533), (4, 0.3933279676709025)]
[(4, 0.35156347546025912), (5, 0.23177120707254936)]
[(1, 0.23996563011912861), (4, 0.27646451178240328), (5, 0.34665544987143471)]
[(3, 0.30548714389493986), (6, 0.31616632434804237)]
[(3, 0.55764771012639835)]
[(1, 0.30335183243403369), (6, 0.49783669138363879)]
[(1, 0.56750899138538813)]
[(1, 0.48241784432765727)]
[(3, 0.71065646999930576), (4, 0.27228452388193392)]
[(1, 0.22331660017429253), (3, 0.46047362436514389), (4, 0.30498646694939702)]
[(6, 0.67964315013965748)]
[(0, 0.3196594122843141), (4, 0.23440050706577051)]
[(4, 0.77219069192290712)]
[(0, 0.28123190012107863), (6, 0.34587848567720575)]
[(6, 0.6500373078977959)]
[(6, 0.60241490748831239)]
[(2, 0.47243294656977664)]
[(3, 0.34101271292572721), (4, 0.21363535415496124)]
[(4, 0.55545564960254656)]
[(4, 0.63387374513231765)]
[(3, 0.25202229403834597), (4, 0.393336180302581)]
[(4, 0.35156421481464395), (5, 0.23177193419473721)]
[(1, 0.23996531169403595), (4, 0.2764630396780115), (5, 0.34665302955657062)]
[(3, 0.30549297602874409), (6, 0.31616687530626364)]
[(3, 0.55764783445675936)]
[(1, 0.30335609594399809), (6, 0.49781677971084642)]
[(1, 0.56750767629373378)]
[(1, 0.48244866446305057)]
[(3, 0.71065770635941694), (4, 0.27228328742191021)]
[(1, 0.22332437867799379), (3, 0.460460805302978), (4, 0.30499150730348851)]
[(6, 0.67964617028048679)]
[(0, 0.31966037300237421), (4, 0.23440213375774474)]
[(4, 0.77218179650501007)]
[(0, 0.28123063471708493), (6, 0.34588221459928598)]
[(6, 0.65004314832550669)]
[(6, 0.60244710888037223)]
[(2, 0.4724337609066141)]
[(3, 0.34100592446914457), (4, 0.21363113740649275)]
[(4, 0.5554569836484341)]
[(4, 0.63386758561799172)]
[(3, 0.25202745829386641), (4, 0.39335573647118605)]
[(4, 0.35156297803217296), (5, 0.23177345716739697)]
[(1, 0.23996387165335561), (4, 0.27646364446906557), (5, 0.3466682152255452)]
[(3, 0.30548759918109286), (6, 0.31616606037828393)]
[(3, 0.5576477922037878)]
[(1, 0.30335287834958274), (6, 0.49783406563683713)]
[(1, 0.567509254163863)]
[(1, 0.48247689937262722)]
[(3, 0.71063959245489206), (4, 0.27230140864080482)]
[(1, 0.22330662309376534), (3, 0.46048744368289801), (4, 0.30498262515541213)]
[(6, 0.6796453940863687)]
[(0, 0.31966041922512334), (4, 0.23440141760171118)]
[(4, 0.77219049396849393)]
[(0, 0.28123013776576056), (6, 0.34588103319211966)]
[(6, 0.65005361782409188)]
[(6, 0.60243626428547492)]
[(2, 0.47243140061028177)]
[(3, 0.34101081427992802), (4, 0.21363391685353184)]
[(4, 0.55544899567808248)]
[(4, 0.63387047142769926)]
[(3, 0.25202444454863093), (4, 0.39334433322438578)]
[(4, 0.35156259836456688), (5, 0.23177495111790353)]
[(1, 0.23996471194675184), (4, 0.2764621910005674), (5, 0.34665878928582089)]
[(3, 0.30549248312829391), (6, 0.31616667928771369)]
[(3, 0.5576475405380521)]
[(1, 0.30335125054895679), (6, 0.49784330271753591)]
[(1, 0.56750954419741106)]
[(1, 0.48245900703054317)]
[(3, 0.7106442202445159), (4, 0.27229677940431862)]
[(1, 0.22331586514063423), (3, 0.46045921316762456), (4, 0.30500161323339936)]
[(6, 0.67964513445224428)]
[(0, 0.3196611777357517), (4, 0.23440206469272684)]
[(4, 0.77218908559831945)]
[(0, 0.28123125774040469), (6, 0.34588017942903626)]
[(6, 0.65004584949217026)]
[(6, 0.60246868018900068)]
[(2, 0.47243059932233916)]
[(3, 0.34101237557443598), (4, 0.21363533698110518)]
[(4, 0.55544879236417599)]
[(4, 0.63387162314750234)]
[(3, 0.2520193689826713), (4, 0.39332518029534558)]
[(4, 0.35156304807054395), (5, 0.23177221653058244)]
[(1, 0.23996546304551539), (4, 0.27646214872969221), (5, 0.34665050631810412)]
[(3, 0.30548704887563904), (6, 0.31616492430642412)]
[(3, 0.55764776052969067)]
[(1, 0.30335333027390871), (6, 0.49783271077422336)]
[(1, 0.56751249802417547)]
[(1, 0.48247165147868415)]
[(3, 0.71064970064547583), (4, 0.27229129661447782)]
[(1, 0.22330001689189152), (3, 0.46048770335486738), (4, 0.30498897178236917)]
[(6, 0.6796433620246557)]
[(0, 0.31966055490545092), (4, 0.23440142710935497)]
[(4, 0.77218701198301021)]
[(0, 0.28123214126340784), (6, 0.34587417879373988)]
[(6, 0.65005496046183309)]
[(6, 0.60244687743730208)]
[(2, 0.47243075442244481)]
[(3, 0.34099953424539803), (4, 0.21362822302834281)]
[(4, 0.55544667486709487)]
[(4, 0.63387125259866162)]
[(3, 0.25201668414190337), (4, 0.39331506846979419)]
[(4, 0.35156226671246849), (5, 0.23177473867732751)]
[(1, 0.23996399924320519), (4, 0.27646417876755947), (5, 0.34666753060969285)]
[(3, 0.30548747710752944), (6, 0.31616646924371816)]
[(3, 0.55764773404456436)]
[(1, 0.30335500883811412), (6, 0.49781966968282981)]
[(1, 0.56750978827474208)]
[(1, 0.48255867728541235)]
[(3, 0.71064552091528588), (4, 0.27229547861604952)]
[(1, 0.22332346159443248), (3, 0.46046221357556072), (4, 0.30499101609517359)]
[(6, 0.67964481452464509)]
[(0, 0.31966050812516178), (4, 0.23440138457583476)]
[(4, 0.7721885885189792)]
[(0, 0.28123143546227458), (6, 0.34587970068186835)]
[(6, 0.650034875698982)]
[(6, 0.60241461558962428)]
[(2, 0.47243359747278624)]
[(3, 0.34100018979498448), (4, 0.213630088690065)]
[(4, 0.55544984946163956)]
[(4, 0.63387422977771557)]
[(3, 0.25201966034514983), (4, 0.39332627848742596)]
[(4, 0.35156437227260123), (5, 0.23177096800107622)]
[(1, 0.23996422796070743), (4, 0.27646371660468361), (5, 0.34666552812164048)]
[(3, 0.30549282663524924), (6, 0.31616668532655806)]
[(3, 0.55764783758069192)]
[(1, 0.30335366049508788), (6, 0.49782897241481694)]
[(1, 0.56750956737744951)]
[(1, 0.48237417892377887)]
[(3, 0.7106478498294061), (4, 0.27229314982090264)]
[(1, 0.22331801285838027), (3, 0.46045575227398106), (4, 0.30500292638001231)]
[(6, 0.67964437922831644)]
[(0, 0.31966167029151266), (4, 0.23440303963987022)]
[(4, 0.77218435856656287)]
[(0, 0.2812311112071289), (6, 0.34588088419619045)]
[(6, 0.65004893632542882)]
[(6, 0.60243963484388297)]
[(2, 0.47243067481877721)]
[(3, 0.34100974539781603), (4, 0.21363345725865177)]
[(4, 0.55544908720343988)]
[(4, 0.63387070395570133)]
[(3, 0.25202818736624216), (4, 0.3933584971560507)]
[(4, 0.35156310957381376), (5, 0.2317730148640238)]
[(1, 0.23996401752120972), (4, 0.27646415109522193), (5, 0.34666770450945272)]
[(3, 0.30549189891127781), (6, 0.31616698877646393)]
[(3, 0.55764754431076191)]
[(1, 0.30335384572819946), (6, 0.49782930787640639)]
[(1, 0.56750923067896297)]
[(1, 0.48257447675488707)]
[(3, 0.7106448519566313), (4, 0.27229614758175769)]
[(1, 0.22329886071748747), (3, 0.4604803332819416), (4, 0.30499749800440906)]
[(6, 0.67964446178085602)]
[(0, 0.31966129456665643), (4, 0.23440199424587155)]
[(4, 0.77218694846557756)]
[(0, 0.28123137490972711), (6, 0.34587993755146562)]
[(6, 0.65005158159403498)]
[(6, 0.60240982575540614)]
[(2, 0.47243334658400449)]
[(3, 0.34100274140964465), (4, 0.21363047884333169)]
[(4, 0.5554553101609655)]
[(4, 0.63387271330578598)]
[(3, 0.2520186006111188), (4, 0.39332227027257766)]
[(4, 0.35156427131603418), (5, 0.23177181190478732)]
[(1, 0.23996496309563589), (4, 0.27646398124820071), (5, 0.34665942354480928)]
[(3, 0.30549278411062103), (6, 0.31616674669711592)]
[(3, 0.55764747692728911)]
[(1, 0.30335676542693252), (6, 0.49781472686787998)]
[(1, 0.56751329190817701)]
[(1, 0.4824806239881626)]
[(3, 0.71062635698019927), (4, 0.2723146456532925)]
[(1, 0.22332162103882544), (3, 0.46047062994760596), (4, 0.30498444052993623)]
[(6, 0.67964443914667716)]
[(0, 0.31965943645882572), (4, 0.2344003081310482)]
[(4, 0.77217730352562453)]
[(0, 0.2812318838552465), (6, 0.34587866908203269)]
[(6, 0.65005515377340251)]
[(6, 0.60241266633669255)]
[(2, 0.47243166810586373)]
[(3, 0.34099832299874272), (4, 0.21362769419612354)]
[(4, 0.5554504610237504)]
[(4, 0.63387049804291762)]
[(3, 0.25201932594601234), (4, 0.39332500322437552)]
[(4, 0.3515643492870314), (5, 0.23177094769755896)]
[(1, 0.2399641242537193), (4, 0.27646120310612121), (5, 0.34666263999318514)]
[(3, 0.30549202219178079), (6, 0.31616670868091085)]
[(3, 0.55764777093898332)]
[(1, 0.3033570913185582), (6, 0.49781142853328253)]
[(1, 0.56750945971245659)]
[(1, 0.48243120533514289)]
[(3, 0.71063575736515228), (4, 0.2723052442652627)]
[(1, 0.22330230580145538), (3, 0.46047955984959704), (4, 0.30499482629389918)]
[(6, 0.6796446209277317)]
[(0, 0.31966064144592415), (4, 0.23440161779954197)]
[(4, 0.77218719657948132)]
[(0, 0.28123091031861891), (6, 0.3458815631740525)]
[(6, 0.65004685943851892)]
[(6, 0.60247813021475805)]
[(2, 0.47243325525021074)]
[(3, 0.34100656960221348), (4, 0.21363196970723508)]
[(4, 0.55545019468118839)]
[(4, 0.63386932445569066)]
[(3, 0.25201740472751027), (4, 0.39331776318175438)]
[(4, 0.35156276394930713), (5, 0.23177411176124402)]
[(1, 0.23996409171205541), (4, 0.2764618344975987), (5, 0.34666423589834899)]
[(3, 0.30549272833170432), (6, 0.31616686728765298)]
[(3, 0.55764783262557593)]
[(1, 0.30335094922662209), (6, 0.49783908459138893)]
[(1, 0.56750880215261823)]
[(1, 0.48250745190949373)]
[(3, 0.71063252496616602), (4, 0.27230847687052151)]
[(1, 0.22330209246235486), (3, 0.46047939244995117), (4, 0.30499520703770278)]
[(6, 0.67964386176592972)]
[(0, 0.31966025492285843), (4, 0.23440149420340523)]
[(4, 0.7721823847920084)]
[(0, 0.28123082188991083), (6, 0.34588189191392849)]
[(6, 0.65003637685835136)]
[(6, 0.60243380120143009)]
[(2, 0.47243332117672904)]
[(3, 0.34101192907142347), (4, 0.21363452423582596)]
[(4, 0.55545767963380588)]
[(4, 0.63386854705779538)]
[(3, 0.25202634724393064), (4, 0.39335148043287799)]
[(4, 0.35156304997652821), (5, 0.23177301051415952)]
[(1, 0.23996543527699218), (4, 0.27646072451876558), (5, 0.34664625480618005)]
[(3, 0.30548711169911302), (6, 0.31616599694843922)]
[(3, 0.5576479170443811)]
[(1, 0.30335207453119678), (6, 0.4978355346178045)]
[(1, 0.5675079662150877)]
[(1, 0.48259980409168551)]
[(5, 0.57120348478754013)]
