[(2, 0.57142854912866392)]
[(3, 0.48137030271341719), (4, 0.25014441989331154)]
[(6, 0.7191621697183388)]
[(2, 0.25376388567593067), (6, 0.64781572514931862)]
[(2, 0.63528327220156133), (3, 0.20012044921191371)]
[(0, 0.71728383445794341)]
[(4, 0.34732662834159378), (6, 0.22350030534005089)]
[(6, 0.41289419816343553)]
[(0, 0.34705839055861687), (6, 0.26530123759638685)]
[(6, 0.52881146931375345)]
[(2, 0.34304880715820135), (6, 0.24632544642891013)]
[(4, 0.53098481505020589)]
[(4, 0.45252139562123633)]
[(4, 0.47409128071560408), (6, 0.21154812734248893)]
[(3, 0.26822510924254683), (5, 0.3340000732973693), (6, 0.23786488107140924)]
[(3, 0.20329207992448575), (6, 0.40251358350363148)]
[(3, 0.63771990065712891)]
[(3, 0.44625271520448012), (6, 0.31944747523278905)]
[(3, 0.42683135514669368)]
[(6, 0.56919260785128867)]
[(1, 0.27477178372545408), (6, 0.39391566187624155)]
[(3, 0.48136803289781638), (4, 0.25014358992356117)]
[(6, 0.71916327538214453)]
[(2, 0.2537615601149571), (6, 0.64781255399846949)]
[(2, 0.63527868787902764), (3, 0.20011806508557986)]
[(0, 0.71734906146416266)]
[(4, 0.34732810929024588), (6, 0.22350093270032148)]
[(6, 0.41289462688462014)]
[(0, 0.34705867079864228), (6, 0.26530220247310282)]
[(6, 0.52881380443918158)]
[(2, 0.34305267717756205), (6, 0.24632351231828198)]
[(4, 0.53098677164136809)]
[(4, 0.45253120317194739)]
[(4, 0.47409189879635877), (6, 0.21154947886623834)]
[(3, 0.2682273151432919), (5, 0.33400201570573179), (6, 0.23786394783281609)]
[(3, 0.20329160195273455), (6, 0.40251252790970443)]
[(3, 0.63772126980337107)]
[(3, 0.44625206075554952), (6, 0.31944028299379351)]
[(3, 0.42683135858192667)]
[(6, 0.56919238660123406)]
[(1, 0.2747681279093141), (6, 0.39391219156775303)]
[(3, 0.48137614314493293), (4, 0.25014647270797996)]
[(6, 0.71923826259616086)]
[(2, 0.25376599540057998), (6, 0.64781576572970723)]
[(2, 0.63527636557189959), (3, 0.20011689666758448)]
[(0, 0.71724932987413303)]
[(4, 0.34732468349855194), (6, 0.22349980494315577)]
[(6, 0.4128966814829757)]
[(0, 0.3470605407176427), (6, 0.26530545416727386)]
[(6, 0.52881287293775869)]
[(2, 0.34305521635428493), (6, 0.24632570012454072)]
[(4, 0.53099127282175451)]
[(4, 0.45252109524049744)]
[(4, 0.47409074390821404), (6, 0.2115515414156284)]
[(3, 0.26822744049221481), (5, 0.3340029535810336), (6, 0.23786432451746062)]
[(3, 0.2032908994074091), (6, 0.40251412679108822)]
[(3, 0.63771921284705613)]
[(3, 0.44625135726163584), (6, 0.31944666297888907)]
[(3, 0.42683134348095192)]
[(6, 0.5691924876297777)]
[(1, 0.27476992346723572), (6, 0.39391370931215663)]
[(3, 0.48137152161486041), (4, 0.25014471197021104)]
[(6, 0.71913855169393914)]
[(2, 0.25375773094970594), (6, 0.64780730007367504)]
[(2, 0.63527566956247528), (3, 0.20011655515302798)]
[(0, 0.71761586316835857)]
[(4, 0.34732302414942451), (6, 0.22350063957245703)]
[(6, 0.41290185726370454)]
[(0, 0.34706052891061145), (6, 0.26529978943094462)]
[(6, 0.52881307646689413)]
[(2, 0.34305356419532584), (6, 0.24632549267040799)]
[(4, 0.53099025314406878)]
[(4, 0.45252178723410486)]
[(4, 0.47409052700944604), (6, 0.21154710685596143)]
[(3, 0.268225005792185), (5, 0.3339983301069141), (6, 0.23786506951995659)]
[(3, 0.20329263908935788), (6, 0.40251399012116967)]
[(3, 0.63772016276099208)]
[(3, 0.44624931856981631), (6, 0.31945450750568805)]
[(3, 0.42683139321648006)]
[(6, 0.56919227637509218)]
[(1, 0.2747730618624144), (6, 0.39391691075279162)]
[(3, 0.48136972173279285), (4, 0.25014434972630817)]
[(6, 0.71923056061234492)]
[(2, 0.25375317815489762), (6, 0.64780482473446654)]
[(2, 0.6352781652070224), (3, 0.20011785678079558)]
[(0, 0.71726967874172143)]
[(4, 0.34732471990090952), (6, 0.22350039272976249)]
[(6, 0.41290118179004098)]
[(0, 0.34705914271793203), (6, 0.26529497058112028)]
[(6, 0.52881223290734369)]
[(2, 0.34305653417981419), (6, 0.24632305323504991)]
[(4, 0.53099022770751558)]
[(4, 0.45252346168592139)]
[(4, 0.47408835280056699), (6, 0.21154894278502356)]
[(3, 0.26822437964214718), (5, 0.33400007326122577), (6, 0.23786465986968128)]
[(3, 0.20329266363320672), (6, 0.4025103724914294)]
[(3, 0.63771988885373354)]
[(3, 0.4462504361045716), (6, 0.31945545017980265)]
[(3, 0.42683128612984889)]
[(6, 0.56919221095536265)]
[(1, 0.27477175212144345), (6, 0.39391603621965021)]
[(3, 0.48136865306003201), (4, 0.25014373446011345)]
[(6, 0.71911555450533182)]
[(2, 0.25376164794459222), (6, 0.64781281772770805)]
[(2, 0.63529885745637582), (3, 0.20012764669532462)]
[(0, 0.71729636404898234)]
[(4, 0.34732570786506256), (6, 0.22349896716818896)]
[(6, 0.41289844725796204)]
[(0, 0.3470587591609598), (6, 0.26529587574195657)]
[(6, 0.52881187589636036)]
[(2, 0.34305206117602638), (6, 0.24632603307127229)]
[(4, 0.53098906809341018)]
[(4, 0.45252429709965825)]
[(4, 0.47408737405717238), (6, 0.21154640448124501)]
[(3, 0.26822815277099626), (5, 0.33400438065960825), (6, 0.23786389993330256)]
[(3, 0.2032962207947184), (6, 0.40251101014357421)]
[(3, 0.63772109462812276)]
[(3, 0.44624694606643106), (6, 0.31946199657542623)]
[(3, 0.42683130585028811)]
[(6, 0.56919218605246835)]
[(1, 0.27476516374103865), (6, 0.39391254851520208)]
[(3, 0.48137311060443949), (4, 0.25014535882817712)]
[(6, 0.71924841094240044)]
[(2, 0.25376618220264741), (6, 0.64781614452666314)]
[(2, 0.63527419167624444), (3, 0.20011567008806028)]
[(0, 0.71752697098246587)]
[(4, 0.3473288136850502), (6, 0.22349871672610716)]
[(6, 0.41289552135619756)]
[(0, 0.34705912664797445), (6, 0.26529725114292618)]
[(6, 0.52881041328353062)]
[(2, 0.34305356903393835), (6, 0.2463243583161816)]
[(4, 0.53098424751693862)]
[(4, 0.45251807069687167)]
[(4, 0.47408867680428612), (6, 0.21154757684857892)]
[(3, 0.26822806399712162), (5, 0.33400484709204675), (6, 0.23786389781100786)]
[(3, 0.20329258266819056), (6, 0.40251414779800648)]
[(3, 0.63772065287749069)]
[(3, 0.44624949270153813), (6, 0.31945379477832986)]
[(3, 0.42683133363666753)]
[(6, 0.56919229852808229)]
[(1, 0.27477202919573929), (6, 0.3939159908134684)]
[(3, 0.48137252176651962), (4, 0.25014519188162149)]
[(6, 0.71915822655833017)]
[(2, 0.25376414844163597), (6, 0.64781552050195779)]
[(2, 0.63528738013860753), (3, 0.2001224264415786)]
[(0, 0.71722408944211713)]
[(4, 0.34732526482659143), (6, 0.22350020040519344)]
[(6, 0.41289375329498473)]
[(0, 0.34705986347681722), (6, 0.26529840555197931)]
[(6, 0.52881708564656094)]
[(2, 0.34305035689871494), (6, 0.24632484511172356)]
[(4, 0.53098532615853988)]
[(4, 0.45252574625052416)]
[(4, 0.47408835568588986), (6, 0.21154302407369863)]
[(3, 0.26822489426214358), (5, 0.33399958392248508), (6, 0.23786503732146452)]
[(3, 0.20328915126906555), (6, 0.40251488158510618)]
[(3, 0.63771966577942985)]
[(3, 0.4462556194938993), (6, 0.31942769669942428)]
[(3, 0.42683139291223166)]
[(6, 0.56919227759132907)]
[(1, 0.27476743283372879), (6, 0.39391202535658459)]
[(3, 0.48137155624757744), (4, 0.25014476702589772)]
[(6, 0.719143639606309)]
[(2, 0.25375989937144527), (6, 0.64781324018663911)]
[(2, 0.63528581692400343), (3, 0.20012169570337884)]
[(0, 0.71728665020785431)]
[(4, 0.34731659797428766), (6, 0.22350152651297475)]
[(6, 0.41290227317569511)]
[(0, 0.34706052457613212), (6, 0.26529996980929976)]
[(6, 0.52881276458849569)]
[(2, 0.34305302582522734), (6, 0.24632355409607803)]
[(4, 0.53098329914381803)]
[(4, 0.45252199384237135)]
[(4, 0.47409107969569098), (6, 0.21155304751368031)]
[(3, 0.26822621789495887), (5, 0.33400204292753571), (6, 0.23786426480934372)]
[(3, 0.2032923502019725), (6, 0.40251439865346789)]
[(3, 0.63771989229344228)]
[(3, 0.44625227472987217), (6, 0.31944112100673255)]
[(3, 0.42683135293638402)]
[(6, 0.56919253536876779)]
[(1, 0.27477171489578206), (6, 0.39391533362228054)]
[(3, 0.48136460192567726), (4, 0.25014257054785222)]
[(6, 0.71916209322480684)]
[(2, 0.25376894366282388), (6, 0.64781869585250651)]
[(2, 0.63528112853225049), (3, 0.20011939243999588)]
[(0, 0.7173371315281154)]
[(4, 0.34732630586086288), (6, 0.22350030197335416)]
[(6, 0.41289622772683116)]
[(0, 0.34706080307082271), (6, 0.26530846395104202)]
[(6, 0.52881585749113424)]
[(2, 0.34304742718510656), (6, 0.24632370766798026)]
[(4, 0.53099064329478796)]
[(4, 0.45252514274393923)]
[(4, 0.47409830662015484), (6, 0.2115658622816558)]
[(3, 0.26822292307283485), (5, 0.3340029262024295), (6, 0.23786462975864153)]
[(3, 0.20329261305471194), (6, 0.40251381743129672)]
[(3, 0.63772022365585279)]
[(3, 0.44624535724246978), (6, 0.31945467386003734)]
[(3, 0.42683135315274512)]
[(6, 0.56919233960854632)]
[(1, 0.27477104064019858), (6, 0.39391467747039371)]
[(3, 0.48136669713505498), (4, 0.2501431422535747)]
[(6, 0.71912048786531935)]
[(2, 0.25376177182179477), (6, 0.64781335678924323)]
[(2, 0.63529833610046482), (3, 0.20012738098091859)]
[(0, 0.71737792359789143)]
[(4, 0.34732698176155247), (6, 0.22349935231450022)]
[(6, 0.41290068497819177)]
[(0, 0.34705946067038929), (6, 0.26530239609408052)]
[(6, 0.52881325305418525)]
[(2, 0.34305113169553819), (6, 0.24632452669761368)]
[(4, 0.53099652384718365)]
[(4, 0.45252316913837448)]
[(4, 0.47409032186233041), (6, 0.21154640762647725)]
[(3, 0.26822606729268322), (5, 0.33399275345246149), (6, 0.23786739262299211)]
[(3, 0.20329160454506123), (6, 0.40251452744741628)]
[(3, 0.63772101076188814)]
[(3, 0.44625227615537105), (6, 0.31945024298079139)]
[(3, 0.4268311248566411)]
[(6, 0.5691924172066386)]
[(1, 0.27477261979585904), (6, 0.39391663308979058)]
[(3, 0.48137562718357618), (4, 0.25014630488443218)]
[(6, 0.71918134715411208)]
[(2, 0.25377168761471719), (6, 0.64782301791425989)]
[(2, 0.63528275435715142), (3, 0.20012020279388842)]
[(0, 0.71738141253908638)]
[(4, 0.3473232964588136), (6, 0.22350224673362531)]
[(6, 0.41289833569079443)]
[(0, 0.34706040836627394), (6, 0.26530111385382749)]
[(6, 0.52881639784756118)]
[(2, 0.34305456283174662), (6, 0.24632286871038939)]
[(4, 0.53098802003770973)]
[(4, 0.45252131227967879)]
[(4, 0.47409060690813759), (6, 0.21154721830561621)]
[(3, 0.26822722509671659), (5, 0.33400371673722284), (6, 0.2378639533807719)]
[(3, 0.20329242804730807), (6, 0.40251092144593847)]
[(3, 0.63771395536772624)]
[(3, 0.44624968909965473), (6, 0.31945235844893211)]
[(3, 0.42683134466928196)]
[(6, 0.56919264505563805)]
[(1, 0.27476994280039385), (6, 0.39391455928767677)]
[(3, 0.48137603087358266), (4, 0.25014629502492242)]
[(6, 0.71913135310054699)]
[(2, 0.25375795618495095), (6, 0.64780851486707502)]
[(2, 0.63530083092975798), (3, 0.20012850820420547)]
[(0, 0.71744034236486331)]
[(4, 0.34732920031801945), (6, 0.22349917921925574)]
[(6, 0.41290013011547982)]
[(0, 0.34705839453477938), (6, 0.26530141461743617)]
[(6, 0.52881731203505344)]
[(2, 0.34305054657571332), (6, 0.24632589213884235)]
[(4, 0.53098892097545458)]
[(4, 0.45252330538440522)]
[(4, 0.47408750085325074), (6, 0.21154070683798387)]
[(3, 0.26822557331530117), (5, 0.33400017842455809), (6, 0.23786459795325693)]
[(3, 0.2032922382856934), (6, 0.40250992224311893)]
[(3, 0.63772021294332004)]
[(3, 0.44625293992499626), (6, 0.31945007463537017)]
[(3, 0.42683132299114135)]
[(6, 0.56919230741690974)]
[(1, 0.2747719717708535), (6, 0.39391533834009651)]
[(3, 0.48136509097227431), (4, 0.2501423796325164)]
[(6, 0.71928905614249272)]
[(2, 0.25376534457834499), (6, 0.64781566560852533)]
[(2, 0.63529633671068964), (3, 0.20012655984399441)]
[(0, 0.71732963226581181)]
[(4, 0.34732432178747547), (6, 0.22349860318459563)]
[(6, 0.41289917875927296)]
[(0, 0.34705885058277453), (6, 0.26530257068478658)]
[(6, 0.52881178170892318)]
[(2, 0.34305670038284036), (6, 0.24632346571010705)]
[(4, 0.5309876668862803)]
[(4, 0.45252301216403779)]
[(4, 0.47409155506869988), (6, 0.21155128757728706)]
[(3, 0.26822562252389842), (5, 0.3340001749497663), (6, 0.23786482992360031)]
[(3, 0.20329208779399968), (6, 0.40251401482630061)]
[(3, 0.63772101504978795)]
[(3, 0.44624890425552283), (6, 0.31945768705606803)]
[(3, 0.42683135894997754)]
[(6, 0.56919223449276268)]
[(1, 0.27477048064427673), (6, 0.3939145929610397)]
[(3, 0.48137322289038775), (4, 0.25014535989333947)]
[(6, 0.71914392109028014)]
[(2, 0.25375439808904826), (6, 0.64780637239626937)]
[(2, 0.63529683515189306), (3, 0.2001267024925466)]
[(0, 0.71727505965837834)]
[(4, 0.34732659340698446), (6, 0.22349900007754417)]
[(6, 0.41290169929730652)]
[(0, 0.34705875899446686), (6, 0.26529521012900648)]
[(6, 0.52881219843222182)]
[(2, 0.34305022712491068), (6, 0.2463258306051252)]
[(4, 0.53098054288729846)]
[(4, 0.45252803058132157)]
[(4, 0.47408908862549531), (6, 0.21154395904905787)]
[(3, 0.26822825215506324), (5, 0.33400492189931624), (6, 0.237864037484015)]
[(3, 0.20329283666092771), (6, 0.40251382186527751)]
[(3, 0.63771668401888149)]
[(3, 0.44624773679189733), (6, 0.31945668618463152)]
[(3, 0.42683136990212844)]
[(6, 0.56919228997384252)]
[(1, 0.27476430636358068), (6, 0.39391163591237616)]
[(3, 0.4813767345567323), (4, 0.25014658485734081)]
[(6, 0.71915716457474421)]
[(2, 0.25375256603893537), (6, 0.64780561492923583)]
[(2, 0.63527994202254978), (3, 0.20011880449235306)]
[(0, 0.7173271784274009)]
[(4, 0.34732516816699543), (6, 0.22350227050739072)]
[(6, 0.41289968520721737)]
[(0, 0.34706112872418982), (6, 0.2653009480724568)]
[(6, 0.52881552942107579)]
[(2, 0.3430486391999969), (6, 0.24632415956895792)]
[(4, 0.53097815661178749)]
[(4, 0.45251902662694199)]
[(4, 0.47409543152207845), (6, 0.21156100615215598)]
[(3, 0.26822745683788374), (5, 0.33400254726487716), (6, 0.23786435941897682)]
[(3, 0.2032907150041933), (6, 0.40251268646120136)]
[(3, 0.63772013412026041)]
[(3, 0.44624386767704421), (6, 0.31947910917000255)]
[(3, 0.42683129746227466)]
[(6, 0.5691922991114543)]
[(1, 0.27477195108845109), (6, 0.39391565338386292)]
[(3, 0.48137178690191995), (4, 0.2501448630791907)]
[(6, 0.71915493965993915)]
[(2, 0.25376936463651578), (6, 0.64781901526751018)]
[(2, 0.63530116105639067), (3, 0.20012858498576672)]
[(0, 0.71722563931079708)]
[(4, 0.34731533062185382), (6, 0.22350109956548556)]
[(6, 0.41289295577653584)]
[(0, 0.34705858569214099), (6, 0.26529514889063094)]
[(6, 0.52881673907629234)]
[(2, 0.34305674991734925), (6, 0.24632257929603923)]
[(4, 0.53098101851000767)]
[(4, 0.45251998664338189)]
[(4, 0.47409117565435038), (6, 0.21155408808438347)]
[(3, 0.26822786715365959), (5, 0.33401366492891243), (6, 0.23786709150005994)]
[(3, 0.20329130055813141), (6, 0.40251012559053517)]
[(3, 0.63771906256564792)]
[(3, 0.44624745929611398), (6, 0.31946345329719461)]
[(3, 0.4268313685455668)]
[(6, 0.56919228991191906)]
[(1, 0.27477036139210964), (6, 0.39391432659168629)]
[(3, 0.48137520507059767), (4, 0.25014608186185316)]
[(6, 0.71922253824670068)]
[(2, 0.25375790852239932), (6, 0.64780971345648297)]
[(2, 0.63528002929941874), (3, 0.20011883048729245)]
[(0, 0.71788723490676987)]
[(4, 0.34732168753668174), (6, 0.22350280372227865)]
[(6, 0.4128984791278178)]
[(0, 0.34705849961398327), (6, 0.26530170446995949)]
[(6, 0.52881111962532357)]
[(2, 0.34305303781891394), (6, 0.24632554268285917)]
[(4, 0.5309799563197326)]
[(4, 0.4525295499883637)]
[(4, 0.47408943205171317), (6, 0.21154791899872388)]
[(3, 0.26823113502588714), (5, 0.33400983551054231), (6, 0.23786503757732019)]
[(3, 0.20329142500246436), (6, 0.40251426321808353)]
[(3, 0.63771412611100542)]
[(3, 0.446250656943253), (6, 0.31944979904668352)]
[(3, 0.42683137229933377)]
[(6, 0.56919222664537084)]
[(1, 0.2747720520055344), (6, 0.39391566987814536)]
[(3, 0.48136720668743438), (4, 0.25014317397614666)]
[(6, 0.71916258330479577)]
[(2, 0.25375711858960437), (6, 0.64780807405682062)]
[(2, 0.63528252663103579), (3, 0.20012011603109031)]
[(0, 0.71715182580821546)]
[(4, 0.34732707729015988), (6, 0.22349946847378746)]
[(6, 0.4128946956005356)]
[(0, 0.34705911248702531), (6, 0.26529691803094724)]
[(6, 0.52881425999601872)]
[(2, 0.34305234085115754), (6, 0.24632495547312691)]
[(4, 0.53099506960502629)]
[(4, 0.45252069801781003)]
[(4, 0.47408832121889394), (6, 0.21154547913298222)]
[(3, 0.26823821134895282), (5, 0.3340171966987982), (6, 0.23786519755632968)]
[(3, 0.20328894899546607), (6, 0.40251494739250815)]
[(3, 0.63771925596639123)]
[(3, 0.44625482520273047), (6, 0.31943647728853269)]
[(3, 0.42683134987783261)]
[(6, 0.56919233256078217)]
[(1, 0.27476954317720154), (6, 0.39391379774217933)]
[(3, 0.4813682390382002), (4, 0.25014365398052563)]
[(6, 0.71914271291511722)]
[(2, 0.25376920126070285), (6, 0.64781809337621921)]
[(2, 0.63528415948299632), (3, 0.20012090261746215)]
[(0, 0.71742086029518337)]
[(4, 0.34732564077731398), (6, 0.2235002949629965)]
[(6, 0.41289340633895516)]
[(0, 0.34705895159305722), (6, 0.2652949308071339)]
[(6, 0.52881143809979358)]
[(2, 0.34305481588194903), (6, 0.24632517402635315)]
[(4, 0.53098854588470401)]
[(4, 0.4525295529259219)]
[(4, 0.47409125081307252), (6, 0.21155017086343891)]
[(3, 0.26822902998555409), (5, 0.33400375780655878), (6, 0.23786519005408896)]
[(3, 0.20329156965278619), (6, 0.40251161968958393)]
[(3, 0.63771978471521629)]
[(3, 0.44624821757019884), (6, 0.31945739218149777)]
[(3, 0.42683132753347242)]
[(6, 0.56919223868782332)]
[(1, 0.27476931099435181), (6, 0.39391349305372469)]
[(3, 0.48137304559519861), (4, 0.25014541419533964)]
[(6, 0.71914602485837109)]
[(2, 0.25375903294445962), (6, 0.64780468508051536)]
[(2, 0.63528042461373591), (3, 0.20011899356841534)]
[(0, 0.71728898271508135)]
[(4, 0.3473220814917638), (6, 0.22349951432254608)]
[(6, 0.41289577382990766)]
[(0, 0.34706105675975851), (6, 0.26530023246653323)]
[(6, 0.52881546042658556)]
[(2, 0.34305076006947438), (6, 0.24632569646651903)]
[(4, 0.53098642763666781)]
[(4, 0.45252328327325797)]
[(4, 0.47408701991507651), (6, 0.21154463884450742)]
[(3, 0.268227423954502), (5, 0.33400245918417093), (6, 0.23786450621083874)]
[(3, 0.20329524739169144), (6, 0.40251044032843442)]
[(3, 0.63771958315355282)]
[(3, 0.44624733278147855), (6, 0.31946453285385107)]
[(3, 0.42683116056996917)]
[(6, 0.56919235843281835)]
[(1, 0.27477039620135529), (6, 0.39391446730097496)]
[(3, 0.48136492138136239), (4, 0.25014231972738155)]
[(6, 0.71910799133876135)]
[(2, 0.25375664741346704), (6, 0.64780746545680612)]
[(2, 0.63527410681784413), (3, 0.20011572024748381)]
[(0, 0.71746694374908959)]
[(4, 0.34732586463279735), (6, 0.2235009732322227)]
[(6, 0.41289311022623504)]
[(0, 0.34705917172201228), (6, 0.26529490621974083)]
[(6, 0.52881246378057767)]
[(2, 0.3430502387096997), (6, 0.24632067346809577)]
[(4, 0.53099394724493254)]
[(4, 0.45252137295457984)]
[(4, 0.47409145563483285), (6, 0.21154855531603997)]
[(3, 0.26822783623613616), (5, 0.33400894741445503), (6, 0.23786455170244994)]
[(3, 0.20329201876423678), (6, 0.40251436169563604)]
[(3, 0.63772001623381136)]
[(3, 0.44625100080009755), (6, 0.3194524419119385)]
[(3, 0.42683133974195825)]
[(6, 0.56919252330553682)]
[(1, 0.27477097704644382), (6, 0.39391566945791084)]
[(3, 0.48137327076531455), (4, 0.25014534735101795)]
[(6, 0.71913325811341311)]
[(2, 0.25376313226242692), (6, 0.64781321564172867)]
[(2, 0.63528539866627509), (3, 0.20012143704916138)]
[(0, 0.71728306788543084)]
[(4, 0.34732609164106654), (6, 0.22349955094864402)]
[(6, 0.41289537938363596)]
[(0, 0.34705858563481323), (6, 0.26530145755799545)]
[(6, 0.5288110286180504)]
[(2, 0.34305408598935944), (6, 0.24632588341007447)]
[(4, 0.53098705325305373)]
[(4, 0.45252122216049123)]
[(4, 0.47408876941709516), (6, 0.21154341457032524)]
[(3, 0.26822496846029226), (5, 0.33399905105816041), (6, 0.23786637332209812)]
[(3, 0.20329324791291054), (6, 0.40251019513015884)]
[(3, 0.63772102415179832)]
[(3, 0.44625538259711872), (6, 0.31943664527921056)]
[(3, 0.42683138605862841)]
[(6, 0.56919268216203056)]
[(1, 0.27477066896069846), (6, 0.393914286195376)]
[(3, 0.48136927707896177), (4, 0.25014375856031495)]
[(6, 0.71919541434783218)]
[(2, 0.25376108835361039), (6, 0.64781151259603809)]
[(2, 0.63528120173486247), (3, 0.20011944880045149)]
[(0, 0.7172687289877383)]
[(4, 0.34732430400970971), (6, 0.2234985675043937)]
[(6, 0.41289718860275298)]
[(0, 0.34705826262551454), (6, 0.26529955655650972)]
[(6, 0.52881178791349936)]
[(2, 0.34305516376109674), (6, 0.24632327874936194)]
[(4, 0.53098839313163604)]
[(4, 0.45252848696094372)]
[(4, 0.47408829737577951), (6, 0.21154861279451215)]
[(3, 0.26822451336184894), (5, 0.33400948593718577), (6, 0.23786522707270713)]
[(3, 0.20329061336693618), (6, 0.4025141504059267)]
[(3, 0.63771914862777368)]
[(3, 0.44624818047351633), (6, 0.31945855472293666)]
[(3, 0.42683124058287458)]
[(6, 0.56919231946807769)]
[(1, 0.27477027939722437), (6, 0.39391415471265762)]
[(3, 0.48136808499057454), (4, 0.25014340397902535)]
[(6, 0.71914229042777733)]
[(2, 0.25375735835629892), (6, 0.64780661137032214)]
[(2, 0.63528155456873414), (3, 0.20011953955138501)]
[(0, 0.71722266351415842)]
[(4, 0.34732492424449707), (6, 0.22350125277968952)]
[(6, 0.41289782749032578)]
[(0, 0.34705908738621577), (6, 0.26530197141341239)]
[(6, 0.52881107592793342)]
[(2, 0.34305241804736475), (6, 0.24632574834064574)]
[(4, 0.53098499681201849)]
[(4, 0.45252289578024291)]
[(4, 0.47408938792144545), (6, 0.2115452719225572)]
[(3, 0.26822628201185872), (5, 0.33399868618553491), (6, 0.23786533248865127)]
[(3, 0.20329139800665166), (6, 0.4025145727546372)]
[(3, 0.63771898699664276)]
[(3, 0.44625268809132546), (6, 0.31943990021749102)]
[(3, 0.42683131649607553)]
[(6, 0.5691922987574406)]
[(1, 0.27477194780132835), (6, 0.39391632571134011)]
[(3, 0.48136573086935036), (4, 0.25014253282401333)]
[(6, 0.71915137081825797)]
[(2, 0.25377594071177439), (6, 0.64782057358183853)]
[(2, 0.6352991051414173), (3, 0.20012771784297437)]
[(0, 0.71927033795122497)]
[(4, 0.3473183545352127), (6, 0.22349948117120749)]
[(6, 0.41289731843667393)]
[(0, 0.34705988048578096), (6, 0.26529734349490058)]
[(6, 0.52881696445090842)]
[(2, 0.34304936868597558), (6, 0.24632571642591719)]
[(4, 0.53099232517422301)]
[(4, 0.45253318144919885)]
[(4, 0.47409173838751545), (6, 0.21154972072316522)]
[(3, 0.26822380001420104), (5, 0.33399854588292427), (6, 0.23786501657016748)]
[(3, 0.20329408595320958), (6, 0.40251373536418111)]
[(3, 0.63772080730144931)]
[(3, 0.44624939019175602), (6, 0.3194510591866665)]
[(3, 0.4268313537849629)]
[(6, 0.56919225227573378)]
[(1, 0.27476648390140368), (6, 0.39391233537224368)]
[(3, 0.48137570649223499), (4, 0.25014631150055705)]
[(6, 0.71921051523841306)]
[(2, 0.25376525140788692), (6, 0.64781578395001871)]
[(2, 0.6352841331896647), (3, 0.20012065556493594)]
[(0, 0.71748538184243016)]
[(4, 0.34731634205570394), (6, 0.22350087548142986)]
[(6, 0.41289305128288306)]
[(0, 0.34705916082260369), (6, 0.2652968176238692)]
[(6, 0.52881643663056288)]
[(2, 0.34305418373456081), (6, 0.24632277771171943)]
[(4, 0.53098454238827086)]
[(4, 0.45252137533989933)]
[(4, 0.47409195652789637), (6, 0.21155119929434799)]
[(3, 0.26822673388448359), (5, 0.33400291845257041), (6, 0.23786382751903776)]
[(3, 0.2032920322925027), (6, 0.40251440358980639)]
[(3, 0.63772042719788447)]
[(3, 0.44625280464445183), (6, 0.31944252136499779)]
[(3, 0.42683123150287416)]
[(6, 0.56919269722902244)]
[(1, 0.27476978725532908), (6, 0.39391364917419819)]
[(3, 0.48137618939419591), (4, 0.25014649545772449)]
[(6, 0.71912949499082279)]
[(2, 0.25376496904464174), (6, 0.64781427889166987)]
[(2, 0.6352770763186949), (3, 0.20011727667109827)]
[(0, 0.71728467888373926)]
[(4, 0.34731775947964399), (6, 0.22350293973286897)]
[(6, 0.41289265563129918)]
[(0, 0.34705843311181278), (6, 0.26530244609110498)]
[(6, 0.52881360835921898)]
[(2, 0.34305521168679898), (6, 0.24632316687563247)]
[(4, 0.53099431906858718)]
[(4, 0.45252710175252486)]
[(4, 0.47409960057677569), (6, 0.21156840245631187)]
[(3, 0.26822832268645469), (5, 0.33400391462007634), (6, 0.23786451525067825)]
[(3, 0.20329293036320356), (6, 0.40251425867843987)]
[(3, 0.63772024819213946)]
[(3, 0.44625693937414468), (6, 0.31943197365912523)]
[(3, 0.42683124567939518)]
[(6, 0.56919258445413834)]
[(1, 0.27477098263230465), (6, 0.3939151670402925)]
[(3, 0.48137321511823861), (4, 0.25014526406089888)]
[(6, 0.71915439569786421)]
[(2, 0.25375966639350955), (6, 0.64781354807563007)]
[(2, 0.63530054954779303), (3, 0.20012840197860032)]
[(0, 0.71728247106063359)]
[(4, 0.34732526798309449), (6, 0.22350165739969771)]
[(6, 0.41290008724283273)]
[(0, 0.34705771857182544), (6, 0.26530025026973819)]
[(6, 0.52881201907080821)]
[(2, 0.34305464363411636), (6, 0.24632593137542924)]
[(4, 0.53099241464849911)]
[(4, 0.45252086996159147)]
[(4, 0.47408939940014883), (6, 0.21154362205915678)]
[(3, 0.26822655845080262), (5, 0.33400086943163243), (6, 0.23786420692373772)]
[(3, 0.20329144211852962), (6, 0.40251447266606527)]
[(3, 0.63772096402533351)]
[(3, 0.44624897872524621), (6, 0.31945893857602065)]
[(3, 0.42683137991861253)]
[(6, 0.56919267263740647)]
[(1, 0.27477056152981361), (6, 0.39391503622295759)]
[(3, 0.4813700574286896), (4, 0.25014429459914145)]
[(6, 0.71925276417668327)]
[(2, 0.25375590573394197), (6, 0.64780676778825252)]
[(2, 0.63529198255909347), (3, 0.20012446978939089)]
[(0, 0.71728733019637425)]
[(4, 0.3473257693462663), (6, 0.22350072186751574)]
[(6, 0.41289467642709199)]
[(0, 0.34705998835266821), (6, 0.26529829002536132)]
[(6, 0.52881038915144163)]
[(2, 0.34304906105710142), (6, 0.24632163038758009)]
[(4, 0.53098076274221406)]
[(4, 0.45252050382640258)]
[(4, 0.47408983988482517), (6, 0.21154530689337184)]
[(3, 0.268224281455547), (5, 0.33400012835228787), (6, 0.23786457371386702)]
[(3, 0.20329379762173846), (6, 0.40251070821675294)]
[(3, 0.63771773644627339)]
[(3, 0.44625076227378307), (6, 0.31945507186690214)]
[(3, 0.42683130965812915)]
[(6, 0.56919240075923305)]
[(1, 0.27476917320458644), (6, 0.39391297075140319)]
[(3, 0.4813746925232707), (4, 0.25014602540067904)]
[(6, 0.71919170255037546)]
[(2, 0.25375575850226662), (6, 0.64780654544515137)]
[(2, 0.6352968821760937), (3, 0.20012681405966995)]
[(0, 0.71729579583888792)]
[(4, 0.34732507348631686), (6, 0.22350113771256946)]
[(6, 0.41289416223469005)]
[(0, 0.34705969235787282), (6, 0.26529776965501284)]
[(6, 0.52881647305624502)]
[(2, 0.34305300541877143), (6, 0.24632572208481129)]
[(4, 0.53099371666503825)]
[(4, 0.45252153159781616)]
[(4, 0.47408841689829712), (6, 0.21154921538726193)]
[(3, 0.2682251979192104), (5, 0.33400014886513074), (6, 0.23786402957289363)]
[(3, 0.20328872196316652), (6, 0.40251493909542729)]
[(3, 0.63772073300998877)]
[(3, 0.44625190461227238), (6, 0.31944226847115731)]
[(3, 0.42683139929002184)]
[(6, 0.56919227940343831)]
[(1, 0.27476822047632943), (6, 0.39391222019661931)]
[(3, 0.48136900310542613), (4, 0.25014364609744449)]
[(6, 0.71915894234684707)]
[(2, 0.25375528870868302), (6, 0.64780724438065829)]
[(2, 0.63528402338351186), (3, 0.20012073666788224)]
[(0, 0.71731088343318106)]
[(4, 0.34732582825769404), (6, 0.22349995896951885)]
[(6, 0.412896111469233)]
[(0, 0.34706015546499908), (6, 0.26530405888054254)]
[(6, 0.52881688729615406)]
[(2, 0.34305540302310344), (6, 0.24632441249017717)]
[(4, 0.53097735224770637)]
[(4, 0.45252376384457549)]
[(4, 0.47408893264338187), (6, 0.21154929516136764)]
[(3, 0.26822833839477911), (5, 0.33400930780687427), (6, 0.23786508577435389)]
[(3, 0.20328893334045897), (6, 0.40251492634375946)]
[(3, 0.63772031847864974)]
[(3, 0.44625263833477058), (6, 0.31944188890591391)]
[(3, 0.42683133158577691)]
[(6, 0.56919257418048297)]
[(1, 0.27477241406498609), (6, 0.3939160345518376)]
[(3, 0.48137659666423394), (4, 0.25014661312720776)]
[(6, 0.71925799407504309)]
[(2, 0.25376041489374601), (6, 0.64781028830599008)]
[(2, 0.63527547588656808), (3, 0.20011646420763429)]
[(0, 0.71755325712184737)]
[(4, 0.34732372653688048), (6, 0.22349958081422183)]
[(6, 0.41289878121165835)]
[(0, 0.34706089490148351), (6, 0.26530057571142007)]
[(6, 0.52881578629987136)]
[(2, 0.34304941361949054), (6, 0.24632355711725659)]
[(4, 0.53098950991582483)]
[(4, 0.45252432529855707)]
[(4, 0.47409149540268758), (6, 0.21154982095397959)]
[(3, 0.26822640409417658), (5, 0.33400220519092927), (6, 0.23786420018366061)]
[(3, 0.20329076084844058), (6, 0.40251458095184856)]
[(3, 0.63771961319661152)]
[(3, 0.44625388400707822), (6, 0.31944578258042317)]
[(3, 0.42683133559771536)]
[(6, 0.56919250657511011)]
[(1, 0.27476482840407301), (6, 0.39391096184377172)]
[(3, 0.4813739115294029), (4, 0.25014562862216383)]
[(6, 0.71921067188261611)]
[(2, 0.25375802922837548), (6, 0.64780765806640705)]
[(2, 0.63529615280830187), (3, 0.20012646857600461)]
[(0, 0.71768411269936006)]
[(4, 0.34731811820579861), (6, 0.22350083114310137)]
[(6, 0.41290060092717185)]
[(0, 0.34706143742272799), (6, 0.26529921454992433)]
[(6, 0.52881602139489547)]
[(2, 0.34305050872039816), (6, 0.24632580902712189)]
[(4, 0.53099207365819068)]
[(4, 0.45251822797978419)]
[(4, 0.47409215978684016), (6, 0.21155010232130381)]
[(3, 0.2682266188666142), (5, 0.33400202755347358), (6, 0.23786420314813567)]
[(3, 0.20329095222582971), (6, 0.40251445503598887)]
[(3, 0.63771923026420274)]
[(3, 0.4462560104307311), (6, 0.31944450829239152)]
[(3, 0.42683136003796252)]
[(6, 0.56919235847520178)]
[(1, 0.27476924072077957), (6, 0.39391376753563184)]
[(3, 0.48137105225164944), (4, 0.25014440459595438)]
[(6, 0.71915751255299643)]
[(2, 0.25376537101167285), (6, 0.64781573653276592)]
[(2, 0.6352794968202734), (3, 0.20011856241651518)]
[(0, 0.71739945758344337)]
[(4, 0.34732617722482068), (6, 0.22350150101861729)]
[(6, 0.41289781016956795)]
[(0, 0.34706027548655943), (6, 0.26530493417516754)]
[(6, 0.52881387653211598)]
[(2, 0.34305053184339912), (6, 0.24632448719679007)]
[(4, 0.53099155360785211)]
[(4, 0.45252689877013519)]
[(4, 0.47409357691963822), (6, 0.21155740183356345)]
[(3, 0.26822601381231798), (5, 0.33400299618647433), (6, 0.23786417015496131)]
[(3, 0.20328996566069257), (6, 0.4025111701816933)]
[(3, 0.63771955455632723)]
[(3, 0.44624802062106683), (6, 0.31945952489800145)]
[(3, 0.42683136665645965)]
[(6, 0.56919223646662132)]
[(1, 0.27477280743511667), (6, 0.39391677142530368)]
[(3, 0.4813688233901533), (4, 0.25014399560106693)]
[(6, 0.7192047824919483)]
[(2, 0.25376450484669094), (6, 0.64781719454468933)]
[(2, 0.63528216492794576), (3, 0.20011990906270227)]
[(0, 0.71727895287344123)]
[(4, 0.34732576173142016), (6, 0.223501190947309)]
[(6, 0.41289350656894308)]
[(0, 0.34705900990435623), (6, 0.26529737228948619)]
[(6, 0.52881511404650461)]
[(2, 0.34305110045282039), (6, 0.24632579321795572)]
[(4, 0.53098905611466984)]
[(4, 0.45252531533697349)]
[(4, 0.47408975026621292), (6, 0.21154528864621644)]
[(3, 0.26822885365413307), (5, 0.33400516302951994), (6, 0.23786466325609684)]
[(3, 0.20329424030573301), (6, 0.40251361507065431)]
[(3, 0.63772031890805914)]
[(3, 0.44624591818681186), (6, 0.3194656663128338)]
[(3, 0.42683136882081052)]
[(6, 0.5691925276918901)]
[(1, 0.27477290579075458), (6, 0.39391670035033327)]
[(3, 0.48137278247457327), (4, 0.25014526264296655)]
[(6, 0.71920651799934043)]
[(2, 0.25376615391950647), (6, 0.64781712176427808)]
[(2, 0.63527543971850731), (3, 0.20011642187495571)]
[(0, 0.71733163617324691)]
[(4, 0.34732416600739352), (6, 0.22350269296275249)]
[(6, 0.41290175718793737)]
[(0, 0.34706103663448129), (6, 0.26530711240543725)]
[(6, 0.52881682641388228)]
[(2, 0.34305123606698962), (6, 0.24632419127083383)]
[(4, 0.53099589298811489)]
[(4, 0.45253049703673243)]
[(4, 0.4740903256932425), (6, 0.21154666103952952)]
[(3, 0.26822506336677715), (5, 0.3340005780925035), (6, 0.23786427885732203)]
[(3, 0.20329227085118021), (6, 0.40251087036516048)]
[(3, 0.63772088428603335)]
[(3, 0.44625130422050835), (6, 0.31944479987662)]
[(3, 0.42683132898696341)]
[(6, 0.56919229960229178)]
[(1, 0.27476912479535592), (6, 0.39391286014288435)]
[(3, 0.48137480646861697), (4, 0.25014586000273836)]
[(6, 0.71928034160347643)]
[(2, 0.25375795157712155), (6, 0.64781015060257596)]
[(2, 0.63529705832913064), (3, 0.2001268436983045)]
[(0, 0.71778288527999456)]
[(4, 0.34732724141375898), (6, 0.2235008370684709)]
[(6, 0.41289424084861859)]
[(0, 0.34705877983888966), (6, 0.26530203812744524)]
[(6, 0.52881327132370959)]
[(2, 0.34305182907857812), (6, 0.24632366917376011)]
[(4, 0.53099468158424512)]
[(4, 0.45252269485168239)]
[(4, 0.47409174396800691), (6, 0.21155023119370089)]
[(3, 0.2682259345174261), (5, 0.33399942406056482), (6, 0.23786509154768173)]
[(3, 0.20328792157801961), (6, 0.40251313922452781)]
[(3, 0.63772049399438668)]
[(3, 0.44624874058741509), (6, 0.31945481699030998)]
[(3, 0.4268313846551583)]
[(6, 0.56919258731006239)]
[(1, 0.27477200383759987), (6, 0.39391556772973291)]
[(3, 0.48137369556690518), (4, 0.25014558103251688)]
[(6, 0.71914726668505402)]
[(2, 0.25375489688399494), (6, 0.64780620510293363)]
[(2, 0.63527413336536764), (3, 0.20011573835665694)]
[(0, 0.71722399584309726)]
[(4, 0.34732708023707037), (6, 0.2234998390551575)]
[(6, 0.41289647152545184)]
[(0, 0.34705864061518948), (6, 0.26529532937750777)]
[(6, 0.52881264742807776)]
[(2, 0.3430553509462082), (6, 0.24632209529081184)]
[(4, 0.5309786712672333)]
[(4, 0.45252461724174514)]
[(4, 0.47409115428480153), (6, 0.21155278942057862)]
[(3, 0.26824569961430311), (5, 0.33402386942403295), (6, 0.23786532698120552)]
[(3, 0.20329270675132055), (6, 0.40251417531879019)]
[(3, 0.63772074581846017)]
[(3, 0.4462499147458473), (6, 0.31945653505960142)]
[(3, 0.42683128733331538)]
[(6, 0.56919229821089257)]
[(1, 0.27476525993042522), (6, 0.39391181039002798)]
[(3, 0.48136741269181249), (4, 0.25014310022716801)]
[(6, 0.71927592556327757)]
[(2, 0.25376567903115377), (6, 0.64781712542751491)]
[(2, 0.63527888900610596), (3, 0.20011822089156295)]
[(0, 0.71742758769003245)]
[(4, 0.34732549309898697), (6, 0.22350119053761849)]
[(6, 0.41289532084409036)]
[(0, 0.34705850639781693), (6, 0.26529497240517858)]
[(6, 0.52881728412498108)]
[(2, 0.34305525521144969), (6, 0.24632350235793182)]
[(4, 0.53098922132288728)]
[(4, 0.45251804480041419)]
[(4, 0.47408995143077975), (6, 0.21154503597620966)]
[(3, 0.26822736211607606), (5, 0.33400232921511064), (6, 0.23786431151898343)]
[(3, 0.20329266347782468), (6, 0.40251418723076537)]
[(3, 0.63771977895194443)]
[(3, 0.44624670917786513), (6, 0.31946854681895415)]
[(3, 0.42683136400137245)]
[(6, 0.56919228971601221)]
[(1, 0.27477216669851168), (6, 0.39391640917248349)]
[(3, 0.48137182086570512), (4, 0.25014473933544928)]
[(6, 0.71929774105470057)]
[(2, 0.25375901776963727), (6, 0.64780796645647354)]
[(2, 0.6352878160271106), (3, 0.20012248779858793)]
[(0, 0.71733362621967889)]
[(4, 0.34732561987403798), (6, 0.22350235084683454)]
[(6, 0.41289822212532679)]
[(0, 0.34705743730884975), (6, 0.26530005683001234)]
[(6, 0.52881510676090859)]
[(2, 0.34305028897812634), (6, 0.24632531547561379)]
[(4, 0.53097736405374107)]
[(4, 0.45252023925849444)]
[(4, 0.47408979515263172), (6, 0.21154546389644638)]
[(3, 0.26822776479999305), (5, 0.33400362627111857), (6, 0.23786410521986157)]
[(3, 0.20329439732837579), (6, 0.40251331283608938)]
[(3, 0.63772046780064529)]
[(3, 0.44624877717362227), (6, 0.31945863079874803)]
[(3, 0.42683131086121556)]
[(6, 0.56919216709469234)]
[(1, 0.27477157615498798), (6, 0.39391581847518697)]
[(3, 0.48137543100475716), (4, 0.25014628531729394)]
[(6, 0.71918146976816921)]
[(2, 0.25376150182168455), (6, 0.64781255163977869)]
[(2, 0.63529376232839507), (3, 0.20012534474376206)]
[(0, 0.71746674739007044)]
[(4, 0.34732545908370732), (6, 0.22350166676530783)]
[(6, 0.41289616613069841)]
[(0, 0.3470591229200562), (6, 0.26529597070258254)]
[(6, 0.52881028302294619)]
[(2, 0.34305401041560601), (6, 0.24632323022684158)]
[(4, 0.53098286247878645)]
[(4, 0.45252407000826944)]
[(4, 0.47408988629154175), (6, 0.21154991257545552)]
[(3, 0.26822814994344585), (5, 0.33400522538000788), (6, 0.23786408551845742)]
[(3, 0.20329184264510428), (6, 0.40251423041666834)]
[(3, 0.63771956400577889)]
[(3, 0.44624968467011483), (6, 0.31945497257785049)]
[(3, 0.42683133177415927)]
[(6, 0.56919237493180364)]
[(1, 0.27476946403169938), (6, 0.39391295919583247)]
[(3, 0.48136801781005972), (4, 0.2501435127373472)]
[(6, 0.71918089794504891)]
[(2, 0.2537726300552367), (6, 0.64782322472627607)]
[(2, 0.63529903110710484), (3, 0.20012775317470424)]
[(0, 0.71737466490370894)]
[(4, 0.34732621993395218), (6, 0.22349978083258853)]
[(6, 0.41289922466370393)]
[(0, 0.34705884046825303), (6, 0.26530178371394153)]
[(6, 0.52881230235633114)]
[(2, 0.34305464569706856), (6, 0.24632484801114918)]
[(4, 0.53098947340202751)]
[(4, 0.4525236852882224)]
[(4, 0.47409045949497225), (6, 0.21154763098691381)]
[(3, 0.26822714411886145), (5, 0.33400308539126733), (6, 0.23786464157858137)]
[(3, 0.20329335625027189), (6, 0.40251015950317937)]
[(3, 0.63772026348691035)]
[(3, 0.44625340610289238), (6, 0.31943741975812856)]
[(3, 0.42683134831325176)]
[(6, 0.56919221134933184)]
[(1, 0.27477148469377549), (6, 0.39391557814840872)]
[(3, 0.48136685089917303), (4, 0.25014328489929977)]
[(6, 0.71913715695489189)]
[(2, 0.25375868387748768), (6, 0.64780959143376582)]
[(2, 0.63529855722062745), (3, 0.20012751813680477)]
[(0, 0.7172404669623087)]
[(4, 0.34732636167253722), (6, 0.22350037280547339)]
[(6, 0.41289379014575817)]
[(0, 0.34706076199156294), (6, 0.26529812668874519)]
[(6, 0.52881406373617845)]
[(2, 0.34305294205364723), (6, 0.24632539390224373)]
[(4, 0.53098676277623269)]
[(4, 0.45252277297751564)]
[(4, 0.47408963622614081), (6, 0.21154866220511787)]
[(3, 0.26822900559322144), (5, 0.33399989854902373), (6, 0.23786762110676865)]
[(3, 0.20329375893165261), (6, 0.40251356265559785)]
[(3, 0.63772121051741226)]
[(3, 0.44624506196374247), (6, 0.31946706482478016)]
[(3, 0.42683134743610607)]
[(6, 0.56919233616304687)]
[(1, 0.27477155000287473), (6, 0.39391563325165885)]
[(3, 0.48136926393975976), (4, 0.2501438862017768)]
[(6, 0.7191336571995971)]
[(2, 0.25377484082025054), (6, 0.64782003987509029)]
[(2, 0.63528091438093504), (3, 0.200119238041675)]
[(0, 0.71724898380245405)]
[(4, 0.34732649303240493), (6, 0.22350189734488463)]
[(6, 0.41290035530890085)]
[(0, 0.34705902069330574), (6, 0.26530209490937529)]
[(6, 0.52881535903270904)]
[(2, 0.34305410827982324), (6, 0.24632323012734583)]
[(4, 0.5309889638136529)]
[(4, 0.4525313405028264)]
[(4, 0.47409041661601542), (6, 0.21154627014146585)]
[(3, 0.26822741379645609), (5, 0.33400308727985212), (6, 0.23786431578793824)]
[(3, 0.20329167416684879), (6, 0.40251426543993712)]
[(3, 0.63771489665865488)]
[(3, 0.44625484754390737), (6, 0.31943252052481536)]
[(3, 0.42683132065770613)]
[(6, 0.56919228422232671)]
[(1, 0.27477086719626292), (6, 0.39391501084152608)]
[(3, 0.48137055303793946), (4, 0.25014441035882778)]
[(6, 0.71921891628338386)]
[(2, 0.25377390948361755), (6, 0.64782457933391491)]
[(2, 0.63529027346001787), (3, 0.20012376911178778)]
[(0, 0.71753779222166958)]
[(4, 0.34732732848756376), (6, 0.22350095505439846)]
[(6, 0.41289799489841011)]
[(0, 0.34706009186292375), (6, 0.26530593855311441)]
[(6, 0.52881702842287792)]
[(2, 0.34305482381862112), (6, 0.24632325065868155)]
[(4, 0.53099128567613219)]
[(4, 0.45252352029266402)]
[(4, 0.47408981376149073), (6, 0.21154681369573303)]
[(3, 0.26823082874208415), (5, 0.33400407113325892), (6, 0.23786650445945243)]
[(3, 0.20329141056432531), (6, 0.40251436002828123)]
[(3, 0.63772101249646129)]
[(3, 0.44625622907081286), (6, 0.31944383111010399)]
[(3, 0.42683132720979483)]
[(6, 0.56919265938218855)]
[(1, 0.274769350375486), (6, 0.39391350531721986)]
[(3, 0.48136636414226092), (4, 0.25014294950606175)]
[(6, 0.71914207460239998)]
[(2, 0.25376971451347835), (6, 0.64782044996828103)]
[(2, 0.63529242529638308), (3, 0.20012465440705179)]
[(0, 0.71740181276352843)]
[(4, 0.34732598049337987), (6, 0.2235007893977026)]
[(6, 0.41289379942320326)]
[(0, 0.34706121375453725), (6, 0.26530414842677275)]
[(6, 0.52881516754865199)]
[(2, 0.34305071727908859), (6, 0.24632376968302469)]
[(4, 0.53098930072759165)]
[(4, 0.45253173231716209)]
[(4, 0.47409150694013191), (6, 0.21154616899441767)]
[(3, 0.26822745264151648), (5, 0.33400602666126356), (6, 0.23786660889734573)]
[(3, 0.20329097607884258), (6, 0.40251049796643124)]
[(3, 0.63771934473122638)]
[(3, 0.44624943609748169), (6, 0.3194589968674254)]
[(3, 0.4268313451629418)]
[(6, 0.56919214226036619)]
[(1, 0.27477113162878353), (6, 0.39391601199135312)]
[(3, 0.4813666798963086), (4, 0.2501430238645026)]
[(6, 0.71921559653829892)]
[(2, 0.25376621836464996), (6, 0.64781590383121712)]
[(2, 0.63530170069172498), (3, 0.20012886862548593)]
[(0, 0.71737788623021481)]
[(4, 0.34732631884152926), (6, 0.22350043117436311)]
[(6, 0.41289254534609704)]
[(0, 0.34706063579700674), (6, 0.26530046909655497)]
[(6, 0.52881328563437757)]
[(2, 0.34305243757333342), (6, 0.24632494998416221)]
[(4, 0.53099640724091579)]
[(4, 0.45252348621387978)]
[(4, 0.47409826288971102), (6, 0.21156502936205315)]
[(3, 0.26822730512524035), (5, 0.33400221939718494), (6, 0.2378641641400491)]
[(3, 0.2032912678563053), (6, 0.40251399798399212)]
[(3, 0.63772026708286944)]
[(3, 0.44625079931571887), (6, 0.31944628229591532)]
[(3, 0.42683136420136231)]
[(6, 0.56919240709033148)]
[(1, 0.27477097040603926), (6, 0.39391511191540091)]
[(3, 0.4813735239928843), (4, 0.25014540124603274)]
[(6, 0.71915759433518289)]
[(2, 0.25375960080105703), (6, 0.64781149085737966)]
[(2, 0.63529849581235454), (3, 0.20012745625033904)]
[(0, 0.71769019016057511)]
[(4, 0.34732670564384704), (6, 0.22349870941040964)]
[(6, 0.41289352892520254)]
[(0, 0.34705927663560343), (6, 0.26529597632583768)]
[(6, 0.52881700686581112)]
[(2, 0.34305330113469862), (6, 0.24632308954057019)]
[(4, 0.53098809677916459)]
[(4, 0.45253079452339934)]
[(4, 0.47408784476567734), (6, 0.21154505758112949)]
[(3, 0.26822505424295173), (5, 0.33400060206792737), (6, 0.23786624288135072)]
[(3, 0.20328882966321166), (6, 0.40251475123993807)]
[(3, 0.63771999998442741)]
[(3, 0.44624519248090561), (6, 0.31946025085618573)]
[(3, 0.42683120343936709)]
[(6, 0.56919253028494654)]
[(1, 0.27476943086230415), (6, 0.39391334847980208)]
[(3, 0.48137145574561346), (4, 0.25014474526106878)]
[(6, 0.71918607855176331)]
[(2, 0.25375728958517263), (6, 0.6478100831367033)]
[(2, 0.63528266997099181), (3, 0.20012012234661122)]
[(0, 0.71743553511443725)]
[(4, 0.34732616490438373), (6, 0.2235008146753415)]
[(6, 0.41289674939604132)]
[(0, 0.3470602871869638), (6, 0.26530374991319872)]
[(6, 0.52881496491153146)]
[(2, 0.34305341605468836), (6, 0.24632380133079024)]
[(4, 0.53098433435416403)]
[(4, 0.45253016562234838)]
[(4, 0.47409079578739249), (6, 0.21155208927449615)]
[(3, 0.26823040263789849), (5, 0.33400541262788846), (6, 0.23786560017647132)]
[(3, 0.20328931515308271), (6, 0.40251479887995684)]
[(3, 0.63771920752834166)]
[(3, 0.44624907585209855), (6, 0.319458180015045)]
[(3, 0.42683133480939001)]
[(6, 0.5691925043953826)]
[(1, 0.2747700323107361), (6, 0.39391406850748761)]
[(3, 0.48136858354517487), (4, 0.25014383424742176)]
[(6, 0.71910521642662395)]
[(2, 0.25376735430774844), (6, 0.64781906149278556)]
[(2, 0.635275135576994), (3, 0.20011622650209424)]
[(0, 0.71731194977834989)]
[(4, 0.34732406406933086), (6, 0.22350013164702415)]
[(6, 0.41289693421456991)]
[(0, 0.34705837972913012), (6, 0.26530194890419151)]
[(6, 0.52881029437920091)]
[(2, 0.34305258144974593), (6, 0.24632334119843696)]
[(4, 0.53098743245854652)]
[(4, 0.45252626126567108)]
[(4, 0.47408726556995734), (6, 0.21154731819853953)]
[(3, 0.2682247528425647), (5, 0.33399972329672384), (6, 0.23786470088514458)]
[(3, 0.20329231029788608), (6, 0.40251429855423115)]
[(3, 0.63772015516389091)]
[(3, 0.44625028317652993), (6, 0.3194532245370324)]
[(3, 0.42683137830411561)]
[(6, 0.569192082805271)]
[(1, 0.2747730352221745), (6, 0.39391761728638813)]
[(3, 0.48137089933379529), (4, 0.25014446766329224)]
[(6, 0.7191520967583892)]
[(2, 0.25377472189151334), (6, 0.6478252263951787)]
[(2, 0.63528435619603618), (3, 0.20012093555296623)]
[(0, 0.71730635934044107)]
[(4, 0.3473269102585585), (6, 0.22349782271129853)]
[(6, 0.41289962678138242)]
[(0, 0.34706011034440498), (6, 0.26530181805326963)]
[(6, 0.52881015143268961)]
[(2, 0.3430541827241238), (6, 0.24632475411514768)]
[(4, 0.53098694186423889)]
[(4, 0.45252638233844472)]
[(4, 0.47409009385565165), (6, 0.21155229822182103)]
[(3, 0.26822906201854269), (5, 0.33400536830174465), (6, 0.23786753461271393)]
[(3, 0.20329213548375089), (6, 0.40251198435489105)]
[(3, 0.63772035754985423)]
[(3, 0.44625157502281326), (6, 0.31944777701280191)]
[(3, 0.42683136466308202)]
[(6, 0.56919218116757764)]
[(1, 0.27476832915519322), (6, 0.39391299425893989)]
[(3, 0.4813707839517104), (4, 0.25014417515318565)]
[(6, 0.71921466792765743)]
[(2, 0.2537617381539013), (6, 0.64781158054125565)]
[(2, 0.63528549564255654), (3, 0.20012154795791318)]
[(0, 0.71723418834365271)]
[(4, 0.34732598601752029), (6, 0.22350045800933863)]
[(6, 0.41289489787926742)]
[(0, 0.34705914712021146), (6, 0.2652989507660069)]
[(6, 0.52881185838945577)]
[(2, 0.34305074320407553), (6, 0.24632578462645316)]
[(4, 0.53099190913560479)]
[(4, 0.45253316068860139)]
[(4, 0.4740975600151428), (6, 0.21156384807304932)]
[(3, 0.26822368138160418), (5, 0.33400286629074299), (6, 0.23786524923568836)]
[(3, 0.20329472588090264), (6, 0.40251026915512239)]
[(3, 0.63772023760985741)]
[(3, 0.44624566645624303), (6, 0.31945444488989899)]
[(3, 0.42683133374401094)]
[(6, 0.56919208281958966)]
[(1, 0.2747727759708174), (6, 0.39391690493245174)]
[(3, 0.48137081193291087), (4, 0.25014450903003488)]
[(6, 0.71926097213933071)]
[(2, 0.2537610234390219), (6, 0.64781149567894247)]
[(2, 0.63528516969132609), (3, 0.20012139210395383)]
[(0, 0.71743143376443763)]
[(4, 0.34732432341456165), (6, 0.22349996614681841)]
[(6, 0.4128925630828727)]
[(0, 0.3470579787399431), (6, 0.26529642042285945)]
[(6, 0.528816593469982)]
[(2, 0.34304949842501442), (6, 0.24632417050085323)]
[(4, 0.53099359144544633)]
[(4, 0.45252873133653898)]
[(4, 0.47409095480381674), (6, 0.21154820921928436)]
[(3, 0.26822801530432921), (5, 0.33400525256955604), (6, 0.23786395343630243)]
[(3, 0.20329002714646952), (6, 0.40251446022221116)]
[(3, 0.63772108331386679)]
[(3, 0.44625676424273159), (6, 0.31943952882180449)]
[(3, 0.42683132435769761)]
[(6, 0.56919257019308855)]
[(1, 0.27477059070388954), (6, 0.39391438436457304)]
[(3, 0.48136552521811465), (4, 0.2501425793597109)]
[(6, 0.71915441985368211)]
[(2, 0.25376010867046106), (6, 0.64781086097273011)]
[(2, 0.63529459028859647), (3, 0.2001257645273517)]
[(0, 0.71725138217498718)]
[(4, 0.34732569533215396), (6, 0.22350120169157536)]
[(6, 0.41289308334189551)]
[(0, 0.34705926097484746), (6, 0.265295122717226)]
[(6, 0.52881262944002649)]
[(2, 0.34305105874221059), (6, 0.24632369787542432)]
[(4, 0.53099450164856588)]
[(4, 0.45252311631486025)]
[(4, 0.47409035546997891), (6, 0.2115506036343397)]
[(3, 0.26822471711665891), (5, 0.33400779739822728), (6, 0.23786705308304884)]
[(3, 0.20329431921919436), (6, 0.4025135592248541)]
[(3, 0.63771039043909372)]
[(3, 0.44624923972752656), (6, 0.31946104948502746)]
[(3, 0.42683134341308071)]
[(6, 0.56919219417871703)]
[(1, 0.27476982733440292), (6, 0.39391426283755393)]
[(3, 0.48137411397620788), (4, 0.25014564656449673)]
[(6, 0.71923979392171222)]
[(2, 0.25375812035357559), (6, 0.64781857307488022)]
[(2, 0.63528293006869019), (3, 0.20012012034227369)]
[(0, 0.7176719755740073)]
[(4, 0.34732702206205029), (6, 0.22349936641423357)]
[(6, 0.41289410109536562)]
[(0, 0.34706024420931664), (6, 0.26530448202537782)]
[(6, 0.52881568196535578)]
[(2, 0.34305202993127532), (6, 0.24632563127339421)]
[(4, 0.53098619092453492)]
[(4, 0.45252524051118764)]
[(4, 0.47409126095721299), (6, 0.21154871330378244)]
[(3, 0.26822646408638656), (5, 0.33400337630504512), (6, 0.23786473041516087)]
[(3, 0.20329234517181508), (6, 0.40251420534408539)]
[(3, 0.6377203909947976)]
[(3, 0.44625091218861285), (6, 0.319453254453476)]
[(3, 0.42683140814107973)]
[(6, 0.56919257590635064)]
[(1, 0.27477194918295406), (6, 0.39391601156213046)]
[(3, 0.48137426415611967), (4, 0.25014592418863435)]
[(6, 0.71924121935905816)]
[(2, 0.25377283279927293), (6, 0.64782232988323529)]
[(2, 0.63527699778927238), (3, 0.20011671038695161)]
[(0, 0.71732869427673773)]
[(4, 0.34732572225402825), (6, 0.2235019185545406)]
[(6, 0.41290151059948282)]
[(0, 0.34706049240416137), (6, 0.26530601296203637)]
[(6, 0.52881343092061117)]
[(2, 0.34305292502053547), (6, 0.24632321250620137)]
[(4, 0.53098576501204586)]
[(4, 0.45251871278743178)]
[(4, 0.47409078153874651), (6, 0.21154432475463147)]
[(3, 0.26822867517296706), (5, 0.33400181931945616), (6, 0.23786940740744306)]
[(3, 0.20329226430076902), (6, 0.40251123701882796)]
[(3, 0.63772087357161233)]
[(3, 0.44625263960312489), (6, 0.31944228964325677)]
[(3, 0.4268312552332828)]
[(6, 0.56919255990158524)]
[(1, 0.27476629181991497), (6, 0.39391316382815283)]
[(3, 0.48136919563614355), (4, 0.25014398868846155)]
[(6, 0.7191269005085712)]
[(2, 0.25376129932567426), (6, 0.64781101273496888)]
[(2, 0.635276985394853), (3, 0.20011723921602234)]
[(0, 0.71735290617689462)]
[(4, 0.34732476050649869), (6, 0.22349834594142678)]
[(6, 0.41290146565789027)]
[(0, 0.34705872007733124), (6, 0.26530161519961487)]
[(6, 0.52881300496126982)]
[(2, 0.34305575084785001), (6, 0.24632453821847897)]
[(4, 0.53098750008976436)]
[(4, 0.45252370385669405)]
[(4, 0.474091461651724), (6, 0.21155013921232441)]
[(3, 0.2682267223723912), (5, 0.33400199758021504), (6, 0.23786444992937969)]
[(3, 0.20329029829764339), (6, 0.40251487565776872)]
[(3, 0.63772044321120658)]
[(3, 0.44625226572409787), (6, 0.31944915877537694)]
[(3, 0.42683136667415011)]
[(6, 0.56919257687474223)]
[(1, 0.27477186959025146), (6, 0.39391586633029368)]
[(3, 0.48136736790656465), (4, 0.25014316260599911)]
[(6, 0.71923678220444243)]
[(2, 0.25376380482437311), (6, 0.647814659472014)]
[(2, 0.63528032287722513), (3, 0.20011899434940655)]
[(0, 0.71727095031856702)]
[(4, 0.34732563744599615), (6, 0.22350163526164493)]
[(6, 0.4128942319241497)]
[(0, 0.34706011290880079), (6, 0.26529831670850579)]
[(6, 0.52881357462245837)]
[(2, 0.34305050266802722), (6, 0.24632423432457193)]
[(4, 0.53099010171968486)]
[(4, 0.45252708384241147)]
[(4, 0.47409071747677767), (6, 0.21154783505222988)]
[(3, 0.26822375022621914), (5, 0.33399866872775641), (6, 0.23786446568136821)]
[(3, 0.20329169198158722), (6, 0.40251469790718425)]
[(3, 0.63771502718799267)]
[(3, 0.44624953534605816), (6, 0.31945641420653448)]
[(3, 0.42683136654735787)]
[(6, 0.5691921426800246)]
[(1, 0.2747728159154928), (6, 0.39391726858725146)]
[(3, 0.48137346840213424), (4, 0.25014543307405435)]
[(6, 0.71918021447495184)]
[(2, 0.25375771391068896), (6, 0.64780838156281451)]
[(2, 0.6352871733007418), (3, 0.20012234647034988)]
[(0, 0.71741269341305525)]
[(4, 0.34731688384751241), (6, 0.22350030764485038)]
[(6, 0.41289339605052039)]
[(0, 0.34706144610778122), (6, 0.26530027104636222)]
[(6, 0.52881528863095262)]
[(2, 0.34305016271706706), (6, 0.24632353301457272)]
[(4, 0.53099585274240324)]
[(4, 0.45252237743765272)]
[(4, 0.47408893690307158), (6, 0.21154369339068535)]
[(3, 0.26822805771503855), (5, 0.33400353752970263), (6, 0.23786400647080455)]
[(3, 0.20329166264790433), (6, 0.40251444969390943)]
[(3, 0.63771952133598775)]
[(3, 0.44625263760344841), (6, 0.31944214844568591)]
[(3, 0.42683132046307187)]
[(6, 0.56919273663684866)]
[(1, 0.27477286240237969), (6, 0.39391634270345144)]
[(3, 0.48136784483790657), (4, 0.25014346264515624)]
[(6, 0.71928485832506672)]
[(2, 0.25375292339948441), (6, 0.64780319328804181)]
[(2, 0.63530131080947749), (3, 0.20012867079567759)]
[(0, 0.71751058439691406)]
[(4, 0.3473258075224791), (6, 0.22350081358648771)]
[(6, 0.41289279813261537)]
[(0, 0.34705758543523701), (6, 0.26529899553523922)]
[(6, 0.52881378954548486)]
[(2, 0.34305035659657329), (6, 0.24632492228014852)]
[(4, 0.530989643618477)]
[(4, 0.45252285820027949)]
[(4, 0.4740911113829413), (6, 0.21154886130221032)]
[(3, 0.26822450583066326), (5, 0.33399814150603585), (6, 0.23786428705328339)]
[(3, 0.20329216454636392), (6, 0.40251146085469591)]
[(3, 0.63771928686484902)]
[(3, 0.44625154232857067), (6, 0.31944243245587478)]
[(3, 0.42683134825617297)]
[(6, 0.56919236258539563)]
[(1, 0.2747723914701829), (6, 0.39391665857339925)]
[(3, 0.48136865920334848), (4, 0.25014400054141678)]
[(6, 0.71927178293696226)]
[(2, 0.25376200484346084), (6, 0.64781304248461824)]
[(2, 0.63529006258407472), (3, 0.20012373720891932)]
[(0, 0.71742436530402198)]
[(4, 0.34732465390432915), (6, 0.22349969510275758)]
[(6, 0.4128979227977414)]
[(0, 0.34705841139527632), (6, 0.26529854958065802)]
[(6, 0.52881497276774647)]
[(2, 0.34305037081509931), (6, 0.24632331569473409)]
[(4, 0.53098215493397061)]
[(4, 0.45252344193192368)]
[(4, 0.47409587142437876), (6, 0.2115604182458426)]
[(3, 0.26822942932034832), (5, 0.33400465268348689), (6, 0.23786450162263301)]
[(3, 0.20329247668782624), (6, 0.4025138020608714)]
[(3, 0.63771954702852263)]
[(3, 0.44624827262767824), (6, 0.31946046486853402)]
[(3, 0.42683131153811932)]
[(6, 0.5691920685998233)]
[(1, 0.27477157165468502), (6, 0.39391532759445264)]
[(3, 0.48137503684585242), (4, 0.25014588903274715)]
[(6, 0.71921216944835853)]
[(2, 0.25375555458360655), (6, 0.64780732649364825)]
[(2, 0.63529559286252046), (3, 0.20012622225753976)]
[(0, 0.71725264932418231)]
[(4, 0.34732103906530748), (6, 0.22349700880900433)]
[(6, 0.41289671587420146)]
[(0, 0.34705910946622648), (6, 0.26529757650755348)]
[(6, 0.52881182878689748)]
[(2, 0.34305735516911101), (6, 0.2463232679350057)]
[(4, 0.53097972679071959)]
[(4, 0.45251940285219455)]
[(4, 0.47409168443080513), (6, 0.21154990529639028)]
[(3, 0.26822660511333102), (5, 0.33400276458298139), (6, 0.23786407427462014)]
[(3, 0.20329059504703351), (6, 0.4025109862132043)]
[(3, 0.63771178578064269)]
[(3, 0.44625752474551889), (6, 0.31942682476316725)]
[(3, 0.42683138050171499)]
[(6, 0.56919254866920288)]
[(1, 0.27477199024414528), (6, 0.39391592103711687)]
[(3, 0.48136671967493733), (4, 0.25014301681967244)]
[(6, 0.71925985831910766)]
[(2, 0.25376104841608882), (6, 0.64781286730290888)]
[(2, 0.63527887999653854), (3, 0.20011823724088212)]
[(0, 0.71738246422971053)]
[(4, 0.3473242424018656), (6, 0.22350245516991377)]
[(6, 0.41289605663080664)]
[(0, 0.34705861875696842), (6, 0.26530147098519685)]
[(6, 0.5288108793673757)]
[(2, 0.3430542015744299), (6, 0.2463234269038847)]
[(4, 0.53098934246252483)]
[(4, 0.4525283414017986)]
[(4, 0.47408985355028782), (6, 0.21154606868038789)]
[(3, 0.26822855805312723), (5, 0.3340049088129271), (6, 0.23786510824948245)]
[(3, 0.20329123514187047), (6, 0.40251458689136521)]
[(3, 0.63771862786329314)]
[(3, 0.44624869868234002), (6, 0.31945562788168042)]
[(3, 0.42683136055028154)]
[(6, 0.56919261820689782)]
[(1, 0.27477048368131035), (6, 0.39391511707516291)]
[(3, 0.48136999442732559), (4, 0.25014416281297164)]
[(6, 0.71916123465294746)]
[(2, 0.25377185747661635), (6, 0.64782049578689671)]
[(2, 0.63527415669718967), (3, 0.20011573214693618)]
[(0, 0.71727025683537715)]
[(4, 0.34732545348268462), (6, 0.22350170845975614)]
[(6, 0.41289856608022907)]
[(0, 0.34705948193435493), (6, 0.26530383046861999)]
[(6, 0.52881054285033435)]
[(2, 0.34305069850606768), (6, 0.24632368512213779)]
[(4, 0.53098352919626735)]
[(4, 0.45252300903138637)]
[(4, 0.47408935244282369), (6, 0.21154496274458734)]
[(3, 0.26822522551805938), (5, 0.33400402347584285), (6, 0.23786519742401277)]
[(3, 0.2032917630298533), (6, 0.40251383048868855)]
[(3, 0.63772089861285131)]
[(3, 0.44625397155766156), (6, 0.31944338568037994)]
[(3, 0.42683131121028189)]
[(6, 0.56919255152157955)]
[(1, 0.27477246003820577), (6, 0.39391604531070434)]
[(3, 0.48137054522876527), (4, 0.25014454597394442)]
[(6, 0.71919528837201618)]
[(2, 0.25375624712474815), (6, 0.64780766567956916)]
[(2, 0.63527681097935951), (3, 0.20011713213877763)]
[(0, 0.71728699032623577)]
[(4, 0.34732615161799307), (6, 0.22350192673008695)]
[(6, 0.41289643274835675)]
[(0, 0.34705849811611694), (6, 0.26530118480416726)]
[(6, 0.52881646279206695)]
[(2, 0.34305029307042828), (6, 0.24632567227547261)]
[(4, 0.53099094393019641)]
[(4, 0.45252893122439447)]
[(4, 0.47408799493872811), (6, 0.21154478025238946)]
[(3, 0.26823050958579053), (5, 0.33400727245065398), (6, 0.23786894847465967)]
[(3, 0.20329409790476649), (6, 0.40251030849798236)]
[(3, 0.63772054241677045)]
[(3, 0.4462513400869067), (6, 0.31945009971907051)]
[(3, 0.42683137236720342)]
[(6, 0.56919236785348948)]
[(1, 0.27476892795533941), (6, 0.39391376372634024)]
[(3, 0.48137363349873497), (4, 0.25014550094672011)]
[(6, 0.71911953364070635)]
[(2, 0.25376845349176042), (6, 0.64781908593449966)]
[(2, 0.63528057731329413), (3, 0.20011909420397644)]
[(0, 0.71737529928654886)]
[(4, 0.34732536657699914), (6, 0.2234993045552271)]
[(6, 0.412896821971108)]
[(0, 0.34705911168041798), (6, 0.26529658148994795)]
[(6, 0.52881611060388023)]
[(2, 0.34304949440169696), (6, 0.24632618466310094)]
[(4, 0.53098373028324619)]
[(4, 0.45252929851686063)]
[(4, 0.47409118605616052), (6, 0.21154843010117083)]
[(3, 0.26822663914957789), (5, 0.33400416561245738), (6, 0.23786416034259056)]
[(3, 0.20329270769519889), (6, 0.40251425032469318)]
[(3, 0.63772010931543588)]
[(3, 0.44625046770980648), (6, 0.31945387354876237)]
[(3, 0.42683135338948741)]
[(6, 0.56919238747210243)]
[(1, 0.2747674508905803), (6, 0.39391202763510624)]
[(3, 0.48137037251970161), (4, 0.25014447463349188)]
[(6, 0.71915214708628183)]
[(2, 0.25376187253257609), (6, 0.64781284603599665)]
[(2, 0.63528647105303437), (3, 0.20012196506763405)]
[(0, 0.71728974098379128)]
[(4, 0.34732510164610747), (6, 0.22349958241604131)]
[(6, 0.41289688696865823)]
[(0, 0.34706013563066346), (6, 0.26529770823821552)]
[(6, 0.52881612568430159)]
[(2, 0.34305734078938305), (6, 0.24632350688314966)]
[(4, 0.53099227512800729)]
[(4, 0.45252337428602307)]
[(4, 0.47409130883607198), (6, 0.2115534647882599)]
[(3, 0.2682261320418981), (5, 0.33400245072030743), (6, 0.23786423650453897)]
[(3, 0.20329228342289504), (6, 0.40251412292605276)]
[(3, 0.63771443980843057)]
[(3, 0.44624530717843058), (6, 0.31946387373779217)]
[(3, 0.42683131358192428)]
[(6, 0.56919239751805562)]
[(1, 0.27477039168216011), (6, 0.39391493934730376)]
[(3, 0.4813657945144651), (4, 0.25014275924562235)]
[(6, 0.71925167076691143)]
[(2, 0.25376147001880739), (6, 0.64781131004946035)]
[(2, 0.63529990148018445), (3, 0.20012811218585699)]
[(0, 0.71721996705788771)]
[(4, 0.34732824540179297), (6, 0.22349962969526951)]
[(6, 0.41289827531919743)]
[(0, 0.34705826572630666), (6, 0.26529700691706792)]
[(6, 0.52881269945094367)]
[(2, 0.34304999363731237), (6, 0.24632575942635132)]
[(4, 0.53098216353316341)]
[(4, 0.45252608672611)]
[(4, 0.47409042773399651), (6, 0.21154749599604242)]
[(3, 0.26822509469874134), (5, 0.33400149354348946), (6, 0.23786484593843885)]
[(3, 0.20329180166581284), (6, 0.40251473514225578)]
[(3, 0.63771462079135788)]
[(3, 0.44624828309636361), (6, 0.3194666922851927)]
[(3, 0.42683133854384114)]
[(6, 0.56919233644200296)]
[(1, 0.2747672843822323), (6, 0.39391421677472876)]
[(3, 0.48137383330414002), (4, 0.25014571146897285)]
[(6, 0.71916940453581235)]
[(2, 0.25376788419933521), (6, 0.64781787529006341)]
[(2, 0.63528021499389264), (3, 0.20011884370013175)]
[(0, 0.71739463780503954)]
[(4, 0.34732582755502661), (6, 0.22349738361882648)]
[(6, 0.4129023564718427)]
[(0, 0.3470600268674377), (6, 0.26530305089130207)]
[(6, 0.52881277195818865)]
[(2, 0.34305172371956799), (6, 0.24632448876816534)]
[(4, 0.53098587043762069)]
[(4, 0.45252705365160534)]
[(4, 0.47408983217683653), (6, 0.21155217376843682)]
[(3, 0.26822708138209805), (5, 0.33400452467399167), (6, 0.23786405561505522)]
[(3, 0.2032933081740729), (6, 0.40251344561008462)]
[(3, 0.63771872250528916)]
[(3, 0.446250465110967), (6, 0.31945495335691276)]
[(3, 0.42683130463284313)]
[(6, 0.56919254388889984)]
[(1, 0.27477081499803957), (6, 0.39391508253962515)]
[(3, 0.48136771089232011), (4, 0.25014335713706243)]
[(6, 0.71919126360790553)]
[(2, 0.25375581503792688), (6, 0.64780871431691156)]
[(2, 0.63527483034189047), (3, 0.20011610467221955)]
[(0, 0.71734115574312862)]
[(4, 0.34732581752093683), (6, 0.22350067994950948)]
[(6, 0.41290111784897343)]
[(0, 0.34705981178740053), (6, 0.26529796327278904)]
[(6, 0.52881377594389134)]
[(2, 0.34304861654117835), (6, 0.24632468188787451)]
[(4, 0.53098069843210682)]
[(4, 0.45252228275385409)]
[(4, 0.47408872459569251), (6, 0.21154260966004382)]
[(3, 0.26822874091870708), (5, 0.33400499082481599), (6, 0.23786533412998292)]
[(3, 0.20329400550543603), (6, 0.40251027585258631)]
[(3, 0.63771898131583693)]
[(3, 0.44625388040537362), (6, 0.31943143292637821)]
[(3, 0.42683131748845732)]
[(6, 0.56919228385754261)]
[(1, 0.27476394683712668), (6, 0.39391141480559949)]
[(3, 0.48137222446664096), (4, 0.25014505935023845)]
[(6, 0.71913520253872587)]
[(2, 0.25377435908411278), (6, 0.6478252287459817)]
[(2, 0.63527811338439444), (3, 0.20011786034434961)]
[(0, 0.7173204707541565)]
[(4, 0.34732569928819362), (6, 0.22349754124419552)]
[(6, 0.4128941623698375)]
[(0, 0.34705904447341202), (6, 0.26529451761200618)]
[(6, 0.52881166391260237)]
[(2, 0.34305432839624572), (6, 0.24632385282874303)]
[(4, 0.53098432171510268)]
[(4, 0.4525210289043296)]
[(4, 0.47409248729205111), (6, 0.21155760677321842)]
[(3, 0.26822645558508068), (5, 0.33399983747337186), (6, 0.23786491280824082)]
[(3, 0.20329208989205497), (6, 0.40251411858262592)]
[(3, 0.63771931169635765)]
[(3, 0.44625164448127724), (6, 0.31945115639672811)]
[(3, 0.42683137329978871)]
[(6, 0.5691921675353141)]
[(1, 0.2747699320059574), (6, 0.39391376967095537)]
[(3, 0.48136620993040041), (4, 0.25014284432416889)]
[(6, 0.71919554129340812)]
[(2, 0.25376207420774954), (6, 0.64781327236098418)]
[(2, 0.63530012981700634), (3, 0.20012816366100009)]
[(0, 0.71734844352781435)]
[(4, 0.34732591146757619), (6, 0.22350177612942443)]
[(6, 0.41289514108962461)]
[(0, 0.34705854221877674), (6, 0.26529585526216193)]
[(6, 0.52881688262149085)]
[(2, 0.3430538816519223), (6, 0.24632559161059506)]
[(4, 0.53098614038838066)]
[(4, 0.45252365596762839)]
[(4, 0.47409179836154913), (6, 0.21154872148081025)]
[(3, 0.26822142841416574), (5, 0.33399701496283452), (6, 0.23786466565990141)]
[(3, 0.20329217123107962), (6, 0.40251082399723992)]
[(3, 0.63772027707031331)]
[(3, 0.44625763694887138), (6, 0.31942726260977988)]
[(3, 0.42683134167544157)]
[(6, 0.56919236533152084)]
[(1, 0.27477046433391739), (6, 0.39391439482299889)]
[(3, 0.48136975562107126), (4, 0.25014420356242256)]
[(6, 0.71925966183592438)]
[(2, 0.25376275689426531), (6, 0.64781380780427977)]
[(2, 0.63527957912189226), (3, 0.20011862281777015)]
[(0, 0.71734373980599486)]
[(4, 0.34732404322288207), (6, 0.2235022955271766)]
[(6, 0.41290097647303864)]
[(0, 0.34705977821231498), (6, 0.26529607481818196)]
[(6, 0.5288128469009592)]
[(2, 0.34304911698116297), (6, 0.24632572846226411)]
[(4, 0.53098123510025408)]
[(4, 0.45252211886730886)]
[(4, 0.47409019439637579), (6, 0.21155249456274997)]
[(3, 0.26824276395876057), (5, 0.33402762131000346), (6, 0.23786941788692667)]
[(3, 0.20329289989625388), (6, 0.40251072890127493)]
[(3, 0.6377205518041722)]
[(3, 0.44624837014396446), (6, 0.31946098198029388)]
[(3, 0.42683123272196422)]
[(6, 0.56919235780667543)]
[(1, 0.2747658499865514), (6, 0.39391245378180223)]
[(3, 0.48137609332749703), (4, 0.2501462675977939)]
[(6, 0.71915812649473165)]
[(2, 0.25375527711290169), (6, 0.64780634547128613)]
[(2, 0.63529717691274112), (3, 0.20012683276657753)]
[(0, 0.71734742549706831)]
[(4, 0.34732730771565723), (6, 0.22349940226532508)]
[(6, 0.41290177161833724)]
[(0, 0.34706008621057755), (6, 0.26529747708821505)]
[(6, 0.5288130617486535)]
[(2, 0.34305590280217002), (6, 0.24632164459053482)]
[(4, 0.53099258417938988)]
[(4, 0.45253385019213999)]
[(4, 0.47409119223257773), (6, 0.21154809020305013)]
[(3, 0.26822415702637348), (5, 0.3339997908469588), (6, 0.23786457472171724)]
[(3, 0.20329031193883382), (6, 0.40251482778597691)]
[(3, 0.6377213033201875)]
[(3, 0.44625395566393677), (6, 0.31943836550813448)]
[(3, 0.42683134018517283)]
[(6, 0.56919251472322574)]
[(1, 0.27476920117096226), (6, 0.39391370929844827)]
[(3, 0.4813733984969199), (4, 0.25014563200734807)]
[(6, 0.7192165386803826)]
[(2, 0.25375775902423808), (6, 0.64780854254405718)]
[(2, 0.63528931312455483), (3, 0.20012327998652968)]
[(0, 0.71734934341747725)]
[(4, 0.34732585687443851), (6, 0.22349792888007189)]
[(6, 0.41290106160465689)]
[(0, 0.34705961013116748), (6, 0.26529892456138304)]
[(6, 0.52881316342535856)]
[(2, 0.3430495853499585), (6, 0.24632589068178473)]
[(4, 0.53098160789849336)]
[(4, 0.45252071405219324)]
[(4, 0.4740944732320706), (6, 0.21155966985515626)]
[(3, 0.26822683083945786), (5, 0.33400279109539682), (6, 0.23786427610848832)]
[(3, 0.20329110077040793), (6, 0.4025144371210615)]
[(3, 0.63771984498603906)]
[(3, 0.44624511000361544), (6, 0.31946753796245703)]
[(3, 0.42683135640718123)]
[(6, 0.56919275007209036)]
[(1, 0.27476954882345517), (6, 0.39391397676830814)]
[(3, 0.4813683987168601), (4, 0.25014358650115753)]
[(6, 0.71919628169214977)]
[(2, 0.25375859631322151), (6, 0.64780921116112233)]
[(2, 0.63527626513039559), (3, 0.20011683708657346)]
[(0, 0.71742319386235687)]
[(4, 0.34732508106080018), (6, 0.22350186848836856)]
[(6, 0.41290092714268761)]
[(0, 0.34705886190303359), (6, 0.26529965191049615)]
[(6, 0.52881244628342039)]
[(2, 0.34305112264115728), (6, 0.24632423208413434)]
[(4, 0.53098976306671741)]
[(4, 0.45252049232597796)]
[(4, 0.47408941903948471), (6, 0.21154870141299875)]
[(3, 0.26822933652574638), (5, 0.33400111372202196), (6, 0.23786350139639484)]
[(3, 0.20329061281850178), (6, 0.4025148146441978)]
[(3, 0.63772065863484917)]
[(3, 0.44624748476915405), (6, 0.31946328391886269)]
[(3, 0.426831330818846)]
[(6, 0.56919229920774983)]
[(1, 0.27476721745122051), (6, 0.39391184433520943)]
[(3, 0.48136953884508038), (4, 0.25014411667503095)]
[(6, 0.71917714217419348)]
[(2, 0.2537551424177063), (6, 0.64780583670438663)]
[(2, 0.63528890498552648), (3, 0.20012318901704251)]
[(0, 0.71739326214336785)]
[(4, 0.34732469167116931), (6, 0.22350008378972694)]
[(6, 0.41289543683753771)]
[(0, 0.34705866151299419), (6, 0.26530198884065603)]
[(6, 0.52881191986160736)]
[(2, 0.34305647676817108), (6, 0.24632274720348613)]
[(4, 0.53098728756791924)]
[(4, 0.45252829265697564)]
[(4, 0.47408800627840986), (6, 0.21154510642014027)]
[(3, 0.26822558141534464), (5, 0.3340006855307987), (6, 0.23786394365683358)]
[(3, 0.20329055354006714), (6, 0.4025147431913122)]
[(3, 0.63772093449368039)]
[(3, 0.44624884033580992), (6, 0.31945395020189593)]
[(3, 0.42683131495185461)]
[(6, 0.56919245310090671)]
[(1, 0.27476997984647183), (6, 0.393914161701511)]
[(3, 0.48136987109626717), (4, 0.25014406616464541)]
[(6, 0.719120771304256)]
[(2, 0.25376343291505377), (6, 0.64781355857239309)]
[(2, 0.63528594836422903), (3, 0.20012176449425731)]
[(0, 0.71730736124574646)]
[(4, 0.34732514310894169), (6, 0.22349894867802775)]
[(6, 0.41289526672073651)]
[(0, 0.34705923418545492), (6, 0.26529940245685413)]
[(6, 0.52881635570332619)]
[(2, 0.34304895108168887), (6, 0.24632527764550421)]
[(4, 0.53098984905105695)]
[(4, 0.4525218117551405)]
[(4, 0.47409173573930857), (6, 0.21155073670432029)]
[(3, 0.2682300051865637), (5, 0.33400101150689926), (6, 0.23786466536493361)]
[(3, 0.20329355996800186), (6, 0.40251336780839936)]
[(3, 0.63771988967074122)]
[(3, 0.44624996927728605), (6, 0.31945414802295624)]
[(3, 0.42683134562606811)]
[(6, 0.56919226556630498)]
[(1, 0.27476882454672219), (6, 0.39391287292844468)]
[(3, 0.48137381481123509), (4, 0.25014573247755284)]
[(6, 0.71924029723997718)]
[(2, 0.25375895929296882), (6, 0.64780885397323573)]
[(2, 0.63527698787929576), (3, 0.20011725489671722)]
[(0, 0.71726161849831427)]
[(4, 0.34732537402926922), (6, 0.22350010074698756)]
[(6, 0.41289354347149715)]
[(0, 0.3470590778042747), (6, 0.26529759245194684)]
[(6, 0.52881166176985939)]
[(2, 0.34305200100599675), (6, 0.24632559205513208)]
[(4, 0.53099112288838046)]
[(4, 0.45253343921151817)]
[(4, 0.47408736101462212), (6, 0.21154555754088347)]
[(3, 0.26822846733889083), (5, 0.33400468082177587), (6, 0.23786415596265756)]
[(3, 0.2032895269765588), (6, 0.40251470139791096)]
[(3, 0.63771920635964119)]
[(3, 0.4462550485937708), (6, 0.31943583909902423)]
[(3, 0.42683132452670075)]
[(6, 0.56919252457675273)]
[(1, 0.27477269950037037), (6, 0.39391690033099908)]
[(3, 0.48136771109357063), (4, 0.25014343003621725)]
[(6, 0.71916128614955288)]
[(2, 0.25375640054352427), (6, 0.6478064508653838)]
[(2, 0.63528379458192796), (3, 0.20012069449370842)]
[(0, 0.71715112265916869)]
[(4, 0.34732541516119719), (6, 0.22350180505164086)]
[(6, 0.41289542101919663)]
[(0, 0.34705881212539452), (6, 0.26529461760024059)]
[(6, 0.52881256521861819)]
[(2, 0.34305044751350999), (6, 0.24632354076673035)]
[(4, 0.53099474368843158)]
[(4, 0.45252382603900349)]
[(4, 0.47408939542497502), (6, 0.21154332953534252)]
[(3, 0.26822826535115307), (5, 0.33400338739674457), (6, 0.23786800761539309)]
[(3, 0.20329119385111519), (6, 0.40251417678317192)]
[(3, 0.63771871246858958)]
[(3, 0.44624460144456429), (6, 0.31946747777197554)]
[(3, 0.42683133283238545)]
[(6, 0.56919223739198022)]
[(1, 0.27477052916542671), (6, 0.3939142166813373)]
[(3, 0.48137414481512525), (4, 0.25014557586650499)]
[(6, 0.71915709593170873)]
[(2, 0.25376334563609898), (6, 0.64781505498879688)]
[(2, 0.63527761262873639), (3, 0.20011757307897216)]
[(0, 0.71745974587263606)]
[(4, 0.34732083278234638), (6, 0.22349793297621645)]
[(6, 0.4128936373830901)]
[(0, 0.34706049937084688), (6, 0.26529869326260019)]
[(6, 0.52881409799179946)]
[(2, 0.34305111905663177), (6, 0.24632372201723521)]
[(4, 0.53099610646027895)]
[(4, 0.45252382033871863)]
[(4, 0.47408996134510978), (6, 0.21155095094659704)]
[(3, 0.2682265477799704), (5, 0.33400294687913362), (6, 0.23786531723464252)]
[(3, 0.20329123949537398), (6, 0.402514460150808)]
[(3, 0.63771773283111977)]
[(3, 0.44625368115526021), (6, 0.31943842102530079)]
[(3, 0.42683132996571471)]
[(6, 0.56919242745667165)]
[(1, 0.27476663045007538), (6, 0.39391123424490543)]
[(3, 0.48137293928710517), (4, 0.25014524428368529)]
[(6, 0.71918928006092675)]
[(2, 0.25376118218678523), (6, 0.6478130397281141)]
[(2, 0.63528238547195326), (3, 0.20012000150898893)]
[(0, 0.71732533958321809)]
[(4, 0.34732455736120033), (6, 0.22350167643585542)]
[(6, 0.4128924079514622)]
[(0, 0.34705937255949854), (6, 0.26529787062840959)]
[(6, 0.52881443561838959)]
[(2, 0.3430548558013447), (6, 0.24632403812135514)]
[(4, 0.53098554463216208)]
[(4, 0.45252994157995824)]
[(4, 0.47408854365980091), (6, 0.21154775911327728)]
[(3, 0.26822794605974964), (5, 0.33400397921024721), (6, 0.23786436371038863)]
[(3, 0.20329204367080891), (6, 0.40251385133328843)]
[(3, 0.63772029221638549)]
[(3, 0.44625383670889163), (6, 0.31944004020940014)]
[(3, 0.4268312868062587)]
[(6, 0.56919218165827878)]
[(1, 0.27477168473670577), (6, 0.39391577903314051)]
[(3, 0.48137576589573206), (4, 0.25014631888658978)]
[(6, 0.71916879160744063)]
[(2, 0.25376180432382683), (6, 0.64781023206700517)]
[(2, 0.63527817346482351), (3, 0.2001178874159282)]
[(0, 0.71727195076433958)]
[(4, 0.34731862917424589), (6, 0.22349887228112489)]
[(6, 0.41290163723665929)]
[(0, 0.34705851133471377), (6, 0.26530148385687002)]
[(6, 0.52881422306807913)]
[(2, 0.34305473370360196), (6, 0.24632384461758056)]
[(4, 0.53098621135472746)]
[(4, 0.45252801823844491)]
[(4, 0.47409164855008934), (6, 0.21155675544452088)]
[(3, 0.26822968563626531), (5, 0.33402219889371904), (6, 0.23786690870652114)]
[(3, 0.20329299033180437), (6, 0.40251248658273836)]
[(3, 0.63771957304188409)]
[(3, 0.44625204412023578), (6, 0.31944599761642517)]
[(3, 0.42683131355248161)]
[(6, 0.56919274503188222)]
[(1, 0.27476915225535059), (6, 0.39391376896191971)]
[(3, 0.48136567307072914), (4, 0.25014266103256083)]
[(6, 0.71914495432573389)]
[(2, 0.253759428240172), (6, 0.64780848541180924)]
[(2, 0.63527782595553373), (3, 0.20011770204911747)]
[(0, 0.71736081396887785)]
[(4, 0.34732600424384363), (6, 0.22350011918314114)]
[(6, 0.41290151173732409)]
[(0, 0.34706019844558766), (6, 0.26530467155394777)]
[(6, 0.5288144017118529)]
[(2, 0.34305284051526469), (6, 0.24632587844088924)]
[(4, 0.53098809883643872)]
[(4, 0.45252385555338209)]
[(4, 0.47408757390983725), (6, 0.21154580646221635)]
[(3, 0.26822805632766683), (5, 0.33400412187382461), (6, 0.23786395510078101)]
[(3, 0.20329241479486143), (6, 0.40251433270335274)]
[(3, 0.63771974672360388)]
[(3, 0.44624440410890093), (6, 0.31947247838297721)]
[(3, 0.42683132287113668)]
[(6, 0.5691927210985015)]
[(1, 0.27476995507076607), (6, 0.39391424061049873)]
[(1, 0.57142849844368815)]
