[(2, 0.57142854912866392)]
[(3, 0.68016541260918695), (4, 0.310158252716699)]
[(1, 0.34911369108578977), (3, 0.36894409779567433), (4, 0.26150203577931685)]
[(6, 0.7981380874263595)]
[(2, 0.33518345668795618), (3, 0.23228673860675553), (6, 0.33193816187803843)]
[(0, 0.30904712838564125), (3, 0.26914536459832605)]
[(0, 0.49175482317453567), (6, 0.22427314455202665)]
[(4, 0.43568135678225273), (6, 0.30406395981493234)]
[(6, 0.48356299996148694)]
[(0, 0.22402016438022634), (6, 0.47429751595917524)]
[(2, 0.24516403715393742), (6, 0.49847884355528371)]
[(2, 0.42947257341749423), (6, 0.43228570705624342)]
[(4, 0.62662899594991239), (6, 0.21278960190158555)]
[(3, 0.3633432610757808), (4, 0.25584430035444489)]
[(4, 0.43199740381327312), (5, 0.29153042886977865)]
[(4, 0.61080748404392771)]
[(5, 0.23346525859827122), (6, 0.4906791188690367)]
[(3, 0.33442706690941176), (5, 0.2653041498803716), (6, 0.36842661182003894)]
[(5, 0.28272712066016203), (6, 0.27936958055098537)]
[(3, 0.36814091395173237), (6, 0.57215424796956971)]
[(2, 0.20342224244558899), (3, 0.58405032276025326)]
[(3, 0.68016935309377879), (4, 0.31015416164380849)]
[(1, 0.34911350671103342), (3, 0.3689207062511265), (4, 0.2615256104492642)]
[(6, 0.79813935169217698)]
[(2, 0.33518216662509215), (3, 0.23226482973294041), (6, 0.33195385678394934)]
[(0, 0.30904591311438573), (3, 0.26914073625913382)]
[(0, 0.491759382261518), (6, 0.22427801706454892)]
[(4, 0.43568384229152918), (6, 0.30407469063836695)]
[(6, 0.4835670494257438)]
[(0, 0.22405699232336165), (6, 0.4743320684383307)]
[(2, 0.24517364228133204), (6, 0.49848369134316645)]
[(2, 0.42943818691598384), (6, 0.43229803378543735)]
[(4, 0.62662592797980432), (6, 0.2127891551852896)]
[(3, 0.36334088270440501), (4, 0.25584427610321353)]
[(4, 0.43202206382139469), (5, 0.2915007215738652)]
[(4, 0.61080816202381405)]
[(5, 0.2333907560206567), (6, 0.4907051657916528)]
[(3, 0.33437856936575461), (5, 0.26533517409038126), (6, 0.36844406258757983)]
[(5, 0.28273032041453272), (6, 0.27936903913523886)]
[(3, 0.36823334367949084), (6, 0.57206189726117374)]
[(2, 0.20339859845020924), (3, 0.58407924196490546)]
[(3, 0.68017261917013139), (4, 0.31015054135714992)]
[(1, 0.34911176504725144), (3, 0.36895500280248411), (4, 0.26149305742939472)]
[(6, 0.798133744156442)]
[(2, 0.33517880520228227), (3, 0.23227010690241229), (6, 0.33194946301113426)]
[(0, 0.30904528563354527), (3, 0.26913696027060491)]
[(0, 0.4917507700563411), (6, 0.22426974924826421)]
[(4, 0.43568407403438142), (6, 0.30407569910220128)]
[(6, 0.48355616544575236)]
[(0, 0.22416416746071299), (6, 0.47443084938511598)]
[(2, 0.24519071195450987), (6, 0.49848533878322931)]
[(2, 0.42943541852804334), (6, 0.43230843412222442)]
[(4, 0.62662235851093384), (6, 0.21278863546006299)]
[(3, 0.36334075768883456), (4, 0.25584427508894642)]
[(4, 0.43199950599141507), (5, 0.29152712275535053)]
[(4, 0.61080691925394559)]
[(5, 0.23334842118893373), (6, 0.49070380122180374)]
[(3, 0.33441887750490301), (5, 0.26530945136130957), (6, 0.36842949600509833)]
[(5, 0.28273372016164838), (6, 0.2793653583691672)]
[(3, 0.36815261853852321), (6, 0.57214255342943698)]
[(2, 0.20343123841895905), (3, 0.58403896359756835)]
[(3, 0.68016665304541357), (4, 0.31015702449556076)]
[(1, 0.3491312206233429), (3, 0.3689505763110541), (4, 0.26147802790040925)]
[(6, 0.79813858389880787)]
[(2, 0.3351726335689722), (3, 0.23227437392802702), (6, 0.33194433092259956)]
[(0, 0.3090444881447742), (3, 0.26913274871621745)]
[(0, 0.49175232562953569), (6, 0.22427066050399763)]
[(4, 0.43569207441683777), (6, 0.30411022743436383)]
[(6, 0.48355621252473086)]
[(0, 0.22414021509013557), (6, 0.47440899981834134)]
[(2, 0.24516623233083981), (6, 0.49847827198374556)]
[(2, 0.42947971730416251), (6, 0.43228479821330545)]
[(4, 0.62661877379240105), (6, 0.21278811352800706)]
[(3, 0.36335623750533946), (4, 0.25584442005899172)]
[(4, 0.4320101098426537), (5, 0.29151598830890119)]
[(4, 0.6108055957128482)]
[(5, 0.23338112024860316), (6, 0.49068145306711691)]
[(3, 0.33444028313192797), (5, 0.26529557338885401), (6, 0.36842197808288912)]
[(5, 0.28272559114375273), (6, 0.27936854402937661)]
[(3, 0.36825279159408386), (6, 0.57204246595253438)]
[(2, 0.20342317884633909), (3, 0.58404892205481174)]
[(3, 0.68016716079233785), (4, 0.31015644719397162)]
[(1, 0.34909332366050994), (3, 0.36894980010530165), (4, 0.26151670142338951)]
[(6, 0.79813914501820804)]
[(2, 0.33517535388518332), (3, 0.2322832310669817), (6, 0.33193977790588169)]
[(0, 0.30905116781017389), (3, 0.26916176444793993)]
[(0, 0.49175899528870776), (6, 0.22427692096565538)]
[(4, 0.43568857558010821), (6, 0.30409509406527818)]
[(6, 0.48355749033083684)]
[(0, 0.22402368760153216), (6, 0.47430083511670262)]
[(2, 0.2451878759705059), (6, 0.49848464455384467)]
[(2, 0.42942875104616757), (6, 0.43230074637659954)]
[(4, 0.6266314344352234), (6, 0.21278995696792649)]
[(3, 0.36337370921072354), (4, 0.2558445825957682)]
[(4, 0.43198914314637399), (5, 0.29153986196511567)]
[(4, 0.61080834503384207)]
[(5, 0.23339127328226783), (6, 0.49069633527944206)]
[(3, 0.33437420722333355), (5, 0.2653379633172786), (6, 0.36844563342619069)]
[(5, 0.28272709562127751), (6, 0.27936985649263341)]
[(3, 0.36818558982049016), (6, 0.57210961032430385)]
[(2, 0.20339932921996348), (3, 0.58407821551735262)]
[(3, 0.68016688473599829), (4, 0.31015671901881114)]
[(1, 0.3491305848051508), (3, 0.36895171405449395), (4, 0.26147752604287811)]
[(6, 0.79813612686316582)]
[(2, 0.33517851769735596), (3, 0.23225742887837519), (6, 0.33195818706437608)]
[(0, 0.30904736168476504), (3, 0.26914469893397441)]
[(0, 0.49175616106387399), (6, 0.22427486672241209)]
[(4, 0.43568756144186233), (6, 0.30409072205567728)]
[(6, 0.48356240143685064)]
[(0, 0.22402544710282513), (6, 0.47430249162638588)]
[(2, 0.24516612010979008), (6, 0.49847671456993919)]
[(2, 0.42945580241600856), (6, 0.43230849931711751)]
[(4, 0.62663508914256827), (6, 0.21279048913938864)]
[(3, 0.36334289208113557), (4, 0.25584429582588764)]
[(4, 0.43201386689030891), (5, 0.29151023907629442)]
[(4, 0.6108069039890619)]
[(5, 0.23335847579723087), (6, 0.4906946542912618)]
[(3, 0.3344195835338063), (5, 0.26530899435784688), (6, 0.36842924730267995)]
[(5, 0.28273167038906494), (6, 0.27937268299230372)]
[(3, 0.36819914056105568), (6, 0.57209607116674077)]
[(2, 0.20339010416095835), (3, 0.58408967155016012)]
[(3, 0.68016427618543551), (4, 0.31015945231410702)]
[(1, 0.34910365785883368), (3, 0.36895282305586979), (4, 0.26150334433071887)]
[(6, 0.79813576694153621)]
[(2, 0.33518501557035685), (3, 0.23225608064880565), (6, 0.3319612249319423)]
[(0, 0.30904830888733548), (3, 0.26914975577708949)]
[(0, 0.49175592012599911), (6, 0.22427845777699332)]
[(4, 0.43569386168632079), (6, 0.30411792840571017)]
[(6, 0.48355485572818013)]
[(0, 0.22405847808467752), (6, 0.47433345580928599)]
[(2, 0.24516979390885379), (6, 0.49847955053281856)]
[(2, 0.42948024502245069), (6, 0.43228537457939809)]
[(4, 0.62661638972647637), (6, 0.2127877664175061)]
[(3, 0.36333221378075781), (4, 0.25584419773258749)]
[(4, 0.43198232784946339), (5, 0.29154635990210931)]
[(4, 0.61080607352421112)]
[(5, 0.23336739494176797), (6, 0.49070015671633088)]
[(3, 0.33442515931939515), (5, 0.26530538779123519), (6, 0.36842728063041918)]
[(5, 0.2827306794373064), (6, 0.27936922192918473)]
[(3, 0.36815963128463863), (6, 0.57213554667332756)]
[(2, 0.20340546024922473), (3, 0.58407087975713501)]
[(3, 0.68016457603492331), (4, 0.31015914373006265)]
[(1, 0.34910223668175383), (3, 0.36890625622182749), (4, 0.26155132934542913)]
[(6, 0.79813383615875422)]
[(2, 0.33517417926639009), (3, 0.23227444825882845), (6, 0.33194555891045618)]
[(0, 0.30905171212892435), (3, 0.26916371794013083)]
[(0, 0.49175039976327256), (6, 0.22426934100765544)]
[(4, 0.43568121113980568), (6, 0.30406337140519862)]
[(6, 0.48355829816141349)]
[(0, 0.22409148876745263), (6, 0.47436414935329685)]
[(2, 0.24517064350719617), (6, 0.49848069282308266)]
[(2, 0.42947566261633668), (6, 0.4322845735530822)]
[(4, 0.62661847734267317), (6, 0.21278807036578015)]
[(3, 0.36332687151341819), (4, 0.25584414701686775)]
[(4, 0.43202496658462458), (5, 0.29149616325325639)]
[(4, 0.61080870210704685)]
[(5, 0.23337424835308462), (6, 0.49070463309154366)]
[(3, 0.33442183522661778), (5, 0.2653075388348004), (6, 0.36842845216252651)]
[(5, 0.28272695692963112), (6, 0.27936349964913232)]
[(3, 0.36825444553976411), (6, 0.5720408134185504)]
[(2, 0.2033869718609245), (3, 0.58409369214935081)]
[(3, 0.68016622036428742), (4, 0.31015746339625727)]
[(1, 0.34915802518791589), (3, 0.36895311873194958), (4, 0.26144868041293556)]
[(6, 0.79813753874844395)]
[(2, 0.33517706654005908), (3, 0.23227009235350182), (6, 0.33194914127482267)]
[(0, 0.30904788990384718), (3, 0.26914922216664555)]
[(0, 0.49175069142961342), (6, 0.22426908064624171)]
[(4, 0.43568002854716559), (6, 0.30405819338676043)]
[(6, 0.48357804472373128)]
[(0, 0.22416721239506729), (6, 0.47443361772458292)]
[(2, 0.24516858488925311), (6, 0.49847881241836606)]
[(2, 0.42948485793124802), (6, 0.43228584811184551)]
[(4, 0.62662040635646876), (6, 0.21278835122630027)]
[(3, 0.36333286873679344), (4, 0.25584420237555067)]
[(4, 0.43198428846602094), (5, 0.29154625747080753)]
[(4, 0.61080699462809829)]
[(5, 0.23340725448525471), (6, 0.49069971588521333)]
[(3, 0.33437513615820436), (5, 0.2653373659844227), (6, 0.36844530226583172)]
[(5, 0.28272420708141793), (6, 0.27936696634866237)]
[(3, 0.36811537297842167), (6, 0.57217976711130636)]
[(2, 0.20340998574116168), (3, 0.58406510991256111)]
[(3, 0.6801709369416693), (4, 0.31015228265007705)]
[(1, 0.3490915551743734), (3, 0.3689597841227315), (4, 0.26150848644823715)]
[(6, 0.79813751521625231)]
[(2, 0.33517683668092524), (3, 0.23227871415275), (6, 0.33194275017705016)]
[(0, 0.30905111359957266), (3, 0.26916178011565944)]
[(0, 0.49174784307505348), (6, 0.22426678287926399)]
[(4, 0.4356952945665778), (6, 0.30412413387210308)]
[(6, 0.48358450301804989)]
[(0, 0.22421440711303831), (6, 0.47447625921679315)]
[(2, 0.24517205400907724), (6, 0.49848056040583771)]
[(2, 0.42943311850293181), (6, 0.43230337040938155)]
[(4, 0.62663459261549215), (6, 0.21279041683795724)]
[(3, 0.36336042957783504), (4, 0.25584445862914584)]
[(4, 0.43198386472293349), (5, 0.29154587371007201)]
[(4, 0.61080876257533634)]
[(5, 0.23339651203667069), (6, 0.49068484518431166)]
[(3, 0.33440093720177505), (5, 0.26532097590523007), (6, 0.36843590348442912)]
[(5, 0.28273103311645287), (6, 0.27937139377428505)]
[(3, 0.36825390231354932), (6, 0.57204135617890894)]
[(2, 0.20339650364586548), (3, 0.5840816305325055)]
[(3, 0.68016883241048198), (4, 0.31015465700802386)]
[(1, 0.34911301317201116), (3, 0.36894535815059842), (4, 0.26150145342144099)]
[(6, 0.79813448238194018)]
[(2, 0.33517718927510937), (3, 0.23227788038984856), (6, 0.33194289223313578)]
[(0, 0.30904462270563626), (3, 0.26913492139821676)]
[(0, 0.49175393703331205), (6, 0.22427237032207972)]
[(4, 0.43568782629495711), (6, 0.30409185900236063)]
[(6, 0.48356328660700881)]
[(0, 0.22411291177614653), (6, 0.474383934933652)]
[(2, 0.2451693428091932), (6, 0.49848080256201027)]
[(2, 0.42949438880251767), (6, 0.43228934991168738)]
[(4, 0.62662058842093371), (6, 0.21278837773472264)]
[(3, 0.36336619121099645), (4, 0.25584451233843064)]
[(4, 0.43197088131961986), (5, 0.29156211798668935)]
[(4, 0.61080545849239565)]
[(5, 0.23339151603173758), (6, 0.49070363354472679)]
[(3, 0.33437047955284371), (5, 0.26534030009174459), (6, 0.36844702252256328)]
[(5, 0.28273005334670326), (6, 0.27936400182999327)]
[(3, 0.36815760665427799), (6, 0.57213756956803197)]
[(2, 0.20339721684103296), (3, 0.58408090094197262)]
[(3, 0.68017344328004581), (4, 0.31014955911687581)]
[(1, 0.34912577133315847), (3, 0.3689292041183157), (4, 0.26150484828805659)]
[(6, 0.79813683825466053)]
[(2, 0.33517437371320852), (3, 0.23226527888638415), (6, 0.33195154769110158)]
[(0, 0.30905188092919589), (3, 0.26916544853401947)]
[(0, 0.49175372201144651), (6, 0.2242718661548313)]
[(4, 0.43568771524138139), (6, 0.30409138194250962)]
[(6, 0.4835581408209299)]
[(0, 0.22411066751682213), (6, 0.47438186712420866)]
[(2, 0.24516584421366203), (6, 0.49847814504489307)]
[(2, 0.42945558640020337), (6, 0.43230542722616661)]
[(4, 0.62661538573942888), (6, 0.21278762024279074)]
[(3, 0.36332982307186795), (4, 0.25584417364122369)]
[(4, 0.43199276853863838), (5, 0.29153161248768822)]
[(4, 0.6108082655720295)]
[(5, 0.23339002663471056), (6, 0.4906977969264727)]
[(3, 0.33443964996062614), (5, 0.26529598340853122), (6, 0.36842220094815797)]
[(5, 0.2827272747886273), (6, 0.27937011402484463)]
[(3, 0.36820649676661454), (6, 0.5720887212380219)]
[(2, 0.20346966563979826), (3, 0.58398953551986921)]
[(3, 0.68017406828876037), (4, 0.31014908157467397)]
[(1, 0.34909614209104611), (3, 0.36894237432223415), (4, 0.26152130833937853)]
[(6, 0.7981350926670765)]
[(2, 0.33517448442796449), (3, 0.23227421903995152), (6, 0.33194433739449336)]
[(0, 0.30905103747841678), (3, 0.26916179603713208)]
[(0, 0.49175750951692448), (6, 0.22427787761771772)]
[(4, 0.43569806593609839), (6, 0.30413606577034785)]
[(6, 0.48357083387775551)]
[(0, 0.22401308764397743), (6, 0.47429084036509506)]
[(2, 0.24516392587279559), (6, 0.49847824835902321)]
[(2, 0.42947882136894755), (6, 0.43228574507824713)]
[(4, 0.62662414454023496), (6, 0.21278889550952762)]
[(3, 0.36331549457349799), (4, 0.25584407759555788)]
[(4, 0.43197445998767042), (5, 0.29155718090002891)]
[(4, 0.61080759826102282)]
[(5, 0.23345658187639909), (6, 0.49068415826219275)]
[(3, 0.33443780410204904), (5, 0.26529717711274459), (6, 0.3684228522670619)]
[(5, 0.28273015888901409), (6, 0.27936520080644062)]
[(3, 0.36825388082019583), (6, 0.57204137765452234)]
[(2, 0.20343389817548554), (3, 0.58403589970158798)]
[(3, 0.68017159917712133), (4, 0.31015171404897579)]
[(1, 0.34910651816040478), (3, 0.36895385307862222), (4, 0.26149945403230929)]
[(6, 0.79813536643094807)]
[(2, 0.33517707580759987), (3, 0.23226709400659773), (6, 0.33195027393443904)]
[(0, 0.30905100083580916), (3, 0.26916117934427303)]
[(0, 0.49175840737139986), (6, 0.22427726747215021)]
[(4, 0.43568969642785316), (6, 0.3040999751793772)]
[(6, 0.48356031441994485)]
[(0, 0.22411459809560033), (6, 0.47438548791459884)]
[(2, 0.24517386882039766), (6, 0.49848246392183815)]
[(2, 0.42944563406808728), (6, 0.43230158541828834)]
[(4, 0.62663511507386782), (6, 0.21279049291536323)]
[(3, 0.36336548441314864), (4, 0.25584450554703358)]
[(4, 0.43200343738802743), (5, 0.29152324177579619)]
[(4, 0.61080616485279493)]
[(5, 0.23335366979362701), (6, 0.49069027876544241)]
[(3, 0.33442471441508026), (5, 0.26530567651036097), (6, 0.36842743661290928)]
[(5, 0.28273169613162136), (6, 0.27937181895069785)]
[(3, 0.36817844475452793), (6, 0.57211674928447442)]
[(2, 0.2034049303414984), (3, 0.58407137621694249)]
[(3, 0.68016474999814225), (4, 0.31015898380237561)]
[(1, 0.34919039759984816), (3, 0.36891798098367806), (4, 0.26145144381181529)]
[(6, 0.79813819497997895)]
[(2, 0.33517877152306763), (3, 0.23228353057216317), (6, 0.33193986485437932)]
[(0, 0.30905037136126928), (3, 0.26915839428176103)]
[(0, 0.49175389016251958), (6, 0.22427426243078702)]
[(4, 0.43569060599539428), (6, 0.30410391668121023)]
[(6, 0.48356708602613147)]
[(0, 0.22403278411147001), (6, 0.47430939140610984)]
[(2, 0.24517633929694033), (6, 0.49848406280413943)]
[(2, 0.42945707976457032), (6, 0.43230162226908792)]
[(4, 0.62661339763831736), (6, 0.21278733078989814)]
[(3, 0.36332517405060544), (4, 0.25584413155547836)]
[(4, 0.43200574519859003), (5, 0.29151858449761747)]
[(4, 0.61080762520832144)]
[(5, 0.23354220087644023), (6, 0.49068463683861846)]
[(3, 0.33439731216856328), (5, 0.26532328788516196), (6, 0.36843721484676095)]
[(5, 0.28273058067358003), (6, 0.27937096156833119)]
[(3, 0.36818466205237371), (6, 0.57211053730442807)]
[(2, 0.20339368646096814), (3, 0.58408519588286145)]
[(3, 0.68016155208417373), (4, 0.31016223425984157)]
[(1, 0.34918215348638582), (3, 0.36893128417707377), (4, 0.26144638510060664)]
[(6, 0.79813387877480879)]
[(2, 0.33518031741222054), (3, 0.23227955587742266), (6, 0.33194152679512107)]
[(0, 0.30905178966718522), (3, 0.26916474005025992)]
[(0, 0.49175602798787299), (6, 0.22427414593777642)]
[(4, 0.43569115015136362), (6, 0.30410621372384544)]
[(6, 0.48356801873737992)]
[(0, 0.22408161369006591), (6, 0.47435499369482537)]
[(2, 0.24516577481112475), (6, 0.49847825943650959)]
[(2, 0.42945237186996438), (6, 0.43229977004825054)]
[(4, 0.62663392414416041), (6, 0.21279031949939972)]
[(3, 0.36331960919395018), (4, 0.25584407798121617)]
[(4, 0.43200434569336549), (5, 0.29152181140027766)]
[(4, 0.6108055594072449)]
[(5, 0.23338914917195314), (6, 0.49067022973888036)]
[(3, 0.33443975811000298), (5, 0.26529592413675479), (6, 0.36842215212100837)]
[(5, 0.2827363836280391), (6, 0.27936555644129896)]
[(3, 0.36819277912004633), (6, 0.57210242716870907)]
[(2, 0.20343545532139448), (3, 0.58403398316422073)]
[(3, 0.68016424570863854), (4, 0.31015947439385394)]
[(1, 0.34912493324503857), (3, 0.36895201338287215), (4, 0.26148287833739814)]
[(6, 0.79813933821228922)]
[(2, 0.33518026339614515), (3, 0.23226904646637217), (6, 0.33194997593618059)]
[(0, 0.30905085241519364), (3, 0.26916010918217226)]
[(0, 0.49176059614383011), (6, 0.22427792979892675)]
[(4, 0.43569173722723181), (6, 0.30410878067430525)]
[(6, 0.48357097513976743)]
[(0, 0.22420965103216439), (6, 0.47447198457658779)]
[(2, 0.24518474322563866), (6, 0.49848321779269078)]
[(2, 0.42948257070625812), (6, 0.43228806627190286)]
[(4, 0.62661436771454726), (6, 0.21278747202533618)]
[(3, 0.3633334217601632), (4, 0.2558442068958699)]
[(4, 0.43197181973271398), (5, 0.29155947403442056)]
[(4, 0.61080821741913816)]
[(5, 0.23340192824448067), (6, 0.49070228813011524)]
[(3, 0.33443699643880614), (5, 0.26529771371222094), (6, 0.3684231229669544)]
[(5, 0.2827326619503378), (6, 0.27937025080834121)]
[(3, 0.36823873546701469), (6, 0.57205651007613734)]
[(2, 0.20340197247342862), (3, 0.58407511302332571)]
[(3, 0.68016315253270043), (4, 0.31016061317344246)]
[(1, 0.34910518880932062), (3, 0.3689123149030144), (4, 0.26154231932938371)]
[(6, 0.79813794024829321)]
[(2, 0.33518485702854039), (3, 0.23226311259268179), (6, 0.33195471044879893)]
[(0, 0.30905013943820153), (3, 0.26915857542295457)]
[(0, 0.49176055938419133), (6, 0.22427781470115793)]
[(4, 0.4356876226859136), (6, 0.30409096973918415)]
[(6, 0.48356471384808697)]
[(0, 0.22414813857930471), (6, 0.47441624204845584)]
[(2, 0.24518881687501778), (6, 0.49848508833729832)]
[(2, 0.42949569814928723), (6, 0.43228754312548756)]
[(4, 0.62661441502266502), (6, 0.21278747891305039)]
[(3, 0.36332509599715695), (4, 0.25584412916915167)]
[(4, 0.43197787860032327), (5, 0.29155219612392685)]
[(4, 0.61080703960764737)]
[(5, 0.2335087468062442), (6, 0.49067783594427511)]
[(3, 0.33436291030853671), (5, 0.26534509969193404), (6, 0.36844978850552179)]
[(5, 0.2827295547250081), (6, 0.27936327887175078)]
[(3, 0.3682327258562319), (6, 0.57206251455510715)]
[(2, 0.2033953180528173), (3, 0.58408283592635646)]
[(3, 0.68017101841999272), (4, 0.31015242629379419)]
[(1, 0.34910191789993261), (3, 0.36891436492503271), (4, 0.26154354036450139)]
[(6, 0.79813442590522798)]
[(2, 0.33518224596174007), (3, 0.23227442762098818), (6, 0.33194547508189259)]
[(0, 0.30905093766365316), (3, 0.26916124738976549)]
[(0, 0.49175084731987856), (6, 0.22427133039519512)]
[(4, 0.43568363872937771), (6, 0.30407382565156094)]
[(6, 0.48356434253686975)]
[(0, 0.22404601079674105), (6, 0.47432179831411703)]
[(2, 0.24516984625005889), (6, 0.49848145858419013)]
[(2, 0.42942846184736955), (6, 0.43230134376266705)]
[(4, 0.62661646350112565), (6, 0.21278777715871081)]
[(3, 0.36334033044368169), (4, 0.25584427150976796)]
[(4, 0.43197615875933576), (5, 0.29155464102707856)]
[(4, 0.61080799442142575)]
[(5, 0.23347087425607832), (6, 0.49067381677203914)]
[(3, 0.33436640484556301), (5, 0.26534288857047472), (6, 0.36844850678601898)]
[(5, 0.28272839847886833), (6, 0.27936755103352462)]
[(3, 0.36813014129036725), (6, 0.57216501145601761)]
[(2, 0.20338631004659233), (3, 0.5840942421748333)]
[(3, 0.68017029605787349), (4, 0.31015319525315332)]
[(1, 0.34914373909077262), (3, 0.3689656792088627), (4, 0.26145040721947238)]
[(6, 0.79813616502801377)]
[(2, 0.33517617097607444), (3, 0.23227273990008851), (6, 0.33194613122184852)]
[(0, 0.3090491093480815), (3, 0.26915308706349789)]
[(0, 0.4917508419867056), (6, 0.22426970482623948)]
[(4, 0.43569394392815536), (6, 0.304118260123871)]
[(6, 0.48356055901880141)]
[(0, 0.22417979760980319), (6, 0.47444503759146056)]
[(2, 0.24516387551773108), (6, 0.49847704467550913)]
[(2, 0.42944152716665918), (6, 0.43230428436532242)]
[(4, 0.62662505563252224), (6, 0.21278902816770007)]
[(3, 0.36332491849842463), (4, 0.25584412839159903)]
[(4, 0.43200644266031785), (5, 0.29151936753470836)]
[(4, 0.61080570195196371)]
[(5, 0.23355926653508868), (6, 0.49070245890988157)]
[(3, 0.33444342568386043), (5, 0.2652935308865238), (6, 0.3684208794522717)]
[(5, 0.28272687501378069), (6, 0.27936496836146302)]
[(3, 0.36824993081636404), (6, 0.57204532428736055)]
[(2, 0.20338912151178953), (3, 0.58409088929225428)]
[(3, 0.68016449979731675), (4, 0.31015922847166194)]
[(1, 0.34911998124115362), (3, 0.36893429867920124), (4, 0.26150554415543403)]
[(6, 0.79814025345276185)]
[(2, 0.33517815338242635), (3, 0.23225994116104234), (6, 0.33195685794633778)]
[(0, 0.30905048273463875), (3, 0.26915870320108209)]
[(0, 0.49175172730437217), (6, 0.22427015716258314)]
[(4, 0.43568609434198741), (6, 0.30408443590849538)]
[(6, 0.48355654473491577)]
[(0, 0.22406874179802933), (6, 0.47434302592900607)]
[(2, 0.24517219155618822), (6, 0.49847916559195421)]
[(2, 0.42943982513733681), (6, 0.43230761398491097)]
[(4, 0.62661842887565666), (6, 0.212788063309131)]
[(3, 0.36333395500551213), (4, 0.25584421242712879)]
[(4, 0.43199736132298228), (5, 0.29153111543849664)]
[(4, 0.61080569659309769)]
[(5, 0.23334605480422041), (6, 0.49069911608222105)]
[(3, 0.33442051203473133), (5, 0.26530839290004882), (6, 0.36842892068413546)]
[(5, 0.28273300054469713), (6, 0.27936955870857966)]
[(3, 0.36817477192637676), (6, 0.57212041896942456)]
[(2, 0.203387817768754), (3, 0.58409237048845708)]
[(3, 0.68017094629552377), (4, 0.31015239567980962)]
[(1, 0.34917425351559478), (3, 0.36891740936330675), (4, 0.26146815909944049)]
[(6, 0.79813581693758195)]
[(2, 0.33518080684868545), (3, 0.23228006804077317), (6, 0.33194093929648372)]
[(0, 0.30904880563885778), (3, 0.26915174423746518)]
[(0, 0.49175617343246458), (6, 0.2242745413058822)]
[(4, 0.43569383205276752), (6, 0.30411782964725476)]
[(6, 0.48356315370719039)]
[(0, 0.2240417186014792), (6, 0.47431777659021485)]
[(2, 0.24517571500125604), (6, 0.49848203120712514)]
[(2, 0.42944714394830868), (6, 0.43230080201059079)]
[(4, 0.62662202852567728), (6, 0.21278858741391407)]
[(3, 0.36334299095587475), (4, 0.25584429640787942)]
[(4, 0.43199881522314337), (5, 0.29152672537477409)]
[(4, 0.61080838048326214)]
[(5, 0.23349007546259218), (6, 0.49068754032369721)]
[(3, 0.33437957575977395), (5, 0.26533458063211746), (6, 0.3684436501472943)]
[(5, 0.28272628670674121), (6, 0.27936588069690516)]
[(3, 0.36822427587530737), (6, 0.57207095731875302)]
[(2, 0.20338040225021534), (3, 0.58410183173414976)]
[(3, 0.68016518288847938), (4, 0.31015854288421485)]
[(1, 0.34909014492935891), (3, 0.36893176538570022), (4, 0.26153791393230974)]
[(6, 0.79813698867505367)]
[(2, 0.33518198972410485), (3, 0.23226558161722893), (6, 0.33195425701200532)]
[(0, 0.30904688550428833), (3, 0.26914431029201014)]
[(0, 0.49174724189684194), (6, 0.22426637923354958)]
[(4, 0.43569440476530602), (6, 0.30412030037318483)]
[(6, 0.48356849753344827)]
[(0, 0.22404727980202013), (6, 0.47432298653632776)]
[(2, 0.24516540115542546), (6, 0.49847780106170969)]
[(2, 0.42943511986956484), (6, 0.43229716213421582)]
[(4, 0.62662631290948667), (6, 0.21278921123299527)]
[(3, 0.36336050997324104), (4, 0.25584446076428868)]
[(4, 0.43203666195844709), (5, 0.29148286885611691)]
[(4, 0.61080548887120545)]
[(5, 0.23345412696602308), (6, 0.49068520002657373)]
[(3, 0.33443952985947328), (5, 0.26529605520281513), (6, 0.36842224919993427)]
[(5, 0.28272830696942275), (6, 0.27937206864302233)]
[(3, 0.36810901687721614), (6, 0.57218611775765915)]
[(2, 0.20342478950826026), (3, 0.5840469831438081)]
[(3, 0.68016869119696044), (4, 0.310154904357898)]
[(1, 0.34909505431760213), (3, 0.3689540787141527), (4, 0.26151069237015762)]
[(6, 0.79813922539356963)]
[(2, 0.33518012381338358), (3, 0.23227820364272636), (6, 0.33194181695215869)]
[(0, 0.30905154118511141), (3, 0.26916334728464053)]
[(0, 0.49175294231465622), (6, 0.22427246516822827)]
[(4, 0.43568682802020026), (6, 0.30408756671028547)]
[(6, 0.48356494874105049)]
[(0, 0.22402738271255149), (6, 0.47430431310406701)]
[(2, 0.24517421017283905), (6, 0.49847974490494412)]
[(2, 0.42942965335082883), (6, 0.43230546219321714)]
[(4, 0.62662272692598697), (6, 0.21278868910176074)]
[(3, 0.36332222284952853), (4, 0.25584410259353835)]
[(4, 0.43199479250985495), (5, 0.29153125013142356)]
[(4, 0.6108085817781832)]
[(5, 0.2335035957487418), (6, 0.49068641127752871)]
[(3, 0.33442785825959787), (5, 0.26530364949003954), (6, 0.36842632122236085)]
[(5, 0.28273161959783533), (6, 0.27937100193031039)]
[(3, 0.36822945892814224), (6, 0.57206577869451558)]
[(2, 0.20341644451297389), (3, 0.58405762211958967)]
[(3, 0.68016929137528115), (4, 0.31015424168234645)]
[(1, 0.34911457766879156), (3, 0.36893455096462602), (4, 0.2615106955066801)]
[(6, 0.79813422344505891)]
[(2, 0.33518695830896139), (3, 0.23225856380207852), (6, 0.33195874427900801)]
[(0, 0.30904880437267329), (3, 0.26915059624893195)]
[(0, 0.49175227710583358), (6, 0.22427062085035016)]
[(4, 0.43569451739561116), (6, 0.30412075838486463)]
[(6, 0.48357490815337389)]
[(0, 0.2241850292960037), (6, 0.47444977436772245)]
[(2, 0.24518712939241269), (6, 0.49848407165947672)]
[(2, 0.42948127295500088), (6, 0.43228446439689333)]
[(4, 0.62661354052637741), (6, 0.21278735159320894)]
[(3, 0.3633650019953919), (4, 0.25584450193161062)]
[(4, 0.43197175180406122), (5, 0.29156093284100998)]
[(4, 0.61080720261524124)]
[(5, 0.23347358373170143), (6, 0.49067534301156562)]
[(3, 0.33442904046219413), (5, 0.26530287871547481), (6, 0.36842591033135369)]
[(5, 0.28273013922634144), (6, 0.27936684786595151)]
[(3, 0.3682459681617215), (6, 0.57204928355867535)]
[(2, 0.20339070435307799), (3, 0.58408899922243507)]
[(3, 0.68017178057253136), (4, 0.31015158596197517)]
[(1, 0.34912715310785841), (3, 0.36894495856189508), (4, 0.26148771290132361)]
[(6, 0.79813527549083163)]
[(2, 0.33517815116746147), (3, 0.23227087979785721), (6, 0.33194867278187495)]
[(0, 0.3090459282527418), (3, 0.2691405904689797)]
[(0, 0.49175253525884571), (6, 0.22427078487129107)]
[(4, 0.4356854493354933), (6, 0.30408165924516678)]
[(6, 0.48357400326318523)]
[(0, 0.22400054443283179), (6, 0.47427897943349145)]
[(2, 0.24516989339554657), (6, 0.49848096606221987)]
[(2, 0.42943475224646094), (6, 0.43230157471457636)]
[(4, 0.62662068703171736), (6, 0.21278839209237879)]
[(3, 0.36335366937167829), (4, 0.25584439541847204)]
[(4, 0.43197735971586498), (5, 0.29155397393195565)]
[(4, 0.61080549609635415)]
[(5, 0.23337086922623795), (6, 0.49070613948010788)]
[(3, 0.33438812855126865), (5, 0.26532913454484219), (6, 0.36844054749272587)]
[(5, 0.28273239441353171), (6, 0.2793688927641701)]
[(3, 0.3681791642297309), (6, 0.57211603042798631)]
[(2, 0.2034193839188127), (3, 0.58405354659224562)]
[(3, 0.68016275979900831), (4, 0.31016100910849043)]
[(1, 0.34910358156864602), (3, 0.36895405362093681), (4, 0.26150219012294901)]
[(6, 0.79813557843728511)]
[(2, 0.33518481360110369), (3, 0.23226167513284171), (6, 0.3319571065834242)]
[(0, 0.3090497848285394), (3, 0.26915639812974634)]
[(0, 0.49175510927979033), (6, 0.22427309154314315)]
[(4, 0.4356831769726382), (6, 0.30407187923170204)]
[(6, 0.4835739364879893)]
[(0, 0.22417025040260335), (6, 0.4744363776854717)]
[(2, 0.24517789983378915), (6, 0.4984832295709008)]
[(2, 0.42948138341788833), (6, 0.4322861186910153)]
[(4, 0.62662099541689753), (6, 0.2127884369930961)]
[(3, 0.36336530240669607), (4, 0.25584450523414587)]
[(4, 0.43199831062060196), (5, 0.29152743025186634)]
[(4, 0.61080561031010616)]
[(5, 0.23340617052127502), (6, 0.4906791489334994)]
[(3, 0.33444510926335108), (5, 0.26529241730390907), (6, 0.36842031021222277)]
[(5, 0.28272371911300104), (6, 0.27936916324563504)]
[(3, 0.36822667092275907), (6, 0.57206856431928166)]
[(2, 0.20339661369882964), (3, 0.58408148319974229)]
[(3, 0.68016267636714134), (4, 0.31016109741046194)]
[(1, 0.34909592238453557), (3, 0.36893330124184037), (4, 0.26153060064498451)]
[(6, 0.79813886422511826)]
[(2, 0.33517591780061673), (3, 0.23227916422539269), (6, 0.33194269894769129)]
[(0, 0.30904486044330731), (3, 0.26913481099814734)]
[(0, 0.49175036101880742), (6, 0.22426863055696236)]
[(4, 0.43570059990654625), (6, 0.30414701414862622)]
[(6, 0.48356629225743619)]
[(0, 0.22402259018833184), (6, 0.47429980157523133)]
[(2, 0.24516875109548641), (6, 0.49847972316010264)]
[(2, 0.42943642612692007), (6, 0.43230148645747685)]
[(4, 0.62662452835851135), (6, 0.21278895139468246)]
[(3, 0.36335529476560663), (4, 0.25584441039716987)]
[(4, 0.43202355327172015), (5, 0.29149924391086823)]
[(4, 0.61080642341305769)]
[(5, 0.23341442386121988), (6, 0.49068362823650469)]
[(3, 0.3343744829525887), (5, 0.26533775998964965), (6, 0.36844556114766025)]
[(5, 0.28273231811134375), (6, 0.27937084866489609)]
[(3, 0.36823831808582924), (6, 0.57205692710148515)]
[(2, 0.20339493365229086), (3, 0.58408381430769774)]
[(3, 0.6801655614068125), (4, 0.31015816168498733)]
[(1, 0.34912707253740038), (3, 0.36895266762291451), (4, 0.2614800848306455)]
[(6, 0.79813776189312735)]
[(2, 0.33517649074622974), (3, 0.23227415707073759), (6, 0.33194535423769816)]
[(0, 0.3090493730445561), (3, 0.26915380057851584)]
[(0, 0.49175549963702547), (6, 0.22427354656009973)]
[(4, 0.43568949207189878), (6, 0.30409905855113212)]
[(6, 0.48357536490088632)]
[(0, 0.22403765335651898), (6, 0.47431396357869859)]
[(2, 0.24516295124261692), (6, 0.49847750333372215)]
[(2, 0.42943828366552583), (6, 0.4323051330557619)]
[(4, 0.62662187372532974), (6, 0.21278856487488468)]
[(3, 0.36333751039696893), (4, 0.25584424603184081)]
[(4, 0.43200464759306589), (5, 0.29152128724829585)]
[(4, 0.61080570578585847)]
[(5, 0.23334853681751269), (6, 0.49069725693664745)]
[(3, 0.3344187350031726), (5, 0.26530953815611785), (6, 0.36842955164584756)]
[(5, 0.28272606375396259), (6, 0.2793704752177586)]
[(3, 0.36815300873411316), (6, 0.57214216355698955)]
[(2, 0.20339169050399775), (3, 0.58408769595825705)]
[(3, 0.68016888640277418), (4, 0.31015469916666827)]
[(1, 0.34908870925299984), (3, 0.3689470371522735), (4, 0.26152407868273408)]
[(6, 0.79814026482144296)]
[(2, 0.33518400127033626), (3, 0.23225283707943828), (6, 0.33196343443334364)]
[(0, 0.30904429401692318), (3, 0.26913318460621272)]
[(0, 0.49175886756363624), (6, 0.22427683982106586)]
[(4, 0.43569243147849285), (6, 0.30411178703643349)]
[(6, 0.48355953589787104)]
[(0, 0.2239964049708657), (6, 0.47427505705775974)]
[(2, 0.24516773292014096), (6, 0.49847814385421491)]
[(2, 0.42948126436164508), (6, 0.43228400500272163)]
[(4, 0.62662417432895379), (6, 0.2127888998468537)]
[(3, 0.36337119619245634), (4, 0.25584455921583704)]
[(4, 0.4320224550328236), (5, 0.29149912385551424)]
[(4, 0.61080674063102791)]
[(5, 0.23337938317996201), (6, 0.49067954074554448)]
[(3, 0.33437763018549438), (5, 0.26533579128804718), (6, 0.36844438413036096)]
[(5, 0.28273604402236235), (6, 0.27936442181375587)]
[(3, 0.36811433389032194), (6, 0.57218080530694793)]
[(2, 0.20340701722247459), (3, 0.58406895988248864)]
[(3, 0.6801622515661554), (4, 0.31016151309544787)]
[(1, 0.34912301631705606), (3, 0.36892419248912312), (4, 0.2615126146905109)]
[(6, 0.79813373187011516)]
[(2, 0.33518091231047659), (3, 0.23228057048625378), (6, 0.33194069159982442)]
[(0, 0.3090490841756281), (3, 0.26915248653015522)]
[(0, 0.49175498640431009), (6, 0.22427344589891671)]
[(4, 0.43569272682583698), (6, 0.30411304951460583)]
[(6, 0.48356388296379943)]
[(0, 0.22399386449606393), (6, 0.47427264782534134)]
[(2, 0.24517463761756056), (6, 0.49848155355299656)]
[(2, 0.42943486430290717), (6, 0.4323052138975586)]
[(4, 0.62661643479983342), (6, 0.21278777297995133)]
[(3, 0.36336622047375378), (4, 0.25584451256352808)]
[(4, 0.43197440260620162), (5, 0.29155675904410966)]
[(4, 0.61080614064214056)]
[(5, 0.23335518685215451), (6, 0.49069949002864155)]
[(3, 0.33438797590121677), (5, 0.26532922509130508), (6, 0.36844060952215824)]
[(5, 0.2827313877786703), (6, 0.27937197915450485)]
[(3, 0.36825417232354568), (6, 0.57204108640155382)]
[(2, 0.20348106695851043), (3, 0.58397423384973213)]
[(3, 0.68016963176113021), (4, 0.31015394231535681)]
[(1, 0.34911800754144157), (3, 0.36893110280764718), (4, 0.26151071357541311)]
[(6, 0.79813969118676631)]
[(2, 0.3351785559799112), (3, 0.23228933474719918), (6, 0.33193691878138915)]
[(0, 0.30905033944543631), (3, 0.26915825423097045)]
[(0, 0.4917541297493519), (6, 0.2242726542247373)]
[(4, 0.43568571370654247), (6, 0.30408279544958228)]
[(6, 0.4835611713766988)]
[(0, 0.22400396454416371), (6, 0.47428221715731828)]
[(2, 0.24517425155327896), (6, 0.49848252943074467)]
[(2, 0.42946906879455221), (6, 0.43228420887358576)]
[(4, 0.62662404979852726), (6, 0.2127888817148593)]
[(3, 0.36335624392037869), (4, 0.25584441968606708)]
[(4, 0.4320031498141742), (5, 0.29152203978600527)]
[(4, 0.61080630999702268)]
[(5, 0.23338804615400202), (6, 0.4907076394692782)]
[(3, 0.33436904201996398), (5, 0.26534122227886037), (6, 0.368447537178892)]
[(5, 0.28272898557559278), (6, 0.27936799559820213)]
[(3, 0.36811216054886292), (6, 0.57218297680294983)]
[(2, 0.20340549207356295), (3, 0.58407054580310125)]
[(3, 0.68017283472813228), (4, 0.31015001865765646)]
[(1, 0.34910367950028265), (3, 0.36895499876445026), (4, 0.26150114709763317)]
[(6, 0.79813496434668241)]
[(2, 0.3351821042199708), (3, 0.23227897815464837), (6, 0.33194286476039581)]
[(0, 0.30905051783785337), (3, 0.26915978516257516)]
[(0, 0.49174847045054143), (6, 0.22426757356469462)]
[(4, 0.43568751657120641), (6, 0.30409054433537808)]
[(6, 0.48356741759759503)]
[(0, 0.22399508513440283), (6, 0.47427380559361892)]
[(2, 0.24516718453333869), (6, 0.49847987081934286)]
[(2, 0.4294357899539144), (6, 0.43230169794262141)]
[(4, 0.62661486126297317), (6, 0.21278754388247209)]
[(3, 0.3633336325103394), (4, 0.25584420936659424)]
[(4, 0.43197777005364607), (5, 0.29155362341615809)]
[(4, 0.61080645193211303)]
[(5, 0.23344438581169896), (6, 0.49067884890776542)]
[(3, 0.33444485757934905), (5, 0.26529259318950627), (6, 0.36842038589879811)]
[(5, 0.28273131359479026), (6, 0.27937270046238005)]
[(3, 0.36818410190564205), (6, 0.57211109696842577)]
[(2, 0.20342350580996285), (3, 0.58404881833619948)]
[(3, 0.68016462359584662), (4, 0.31015911408575442)]
[(1, 0.34911904857685389), (3, 0.3689221089575726), (4, 0.26151866588874628)]
[(6, 0.79813802886366392)]
[(2, 0.33517581854028194), (3, 0.23227167599746196), (6, 0.3319472830825097)]
[(0, 0.30904851294771529), (3, 0.26915355296028354)]
[(0, 0.49175377831032502), (6, 0.22427189846734719)]
[(4, 0.43569886024689525), (6, 0.30413951681962681)]
[(6, 0.4835561945651744)]
[(0, 0.22408617672096687), (6, 0.47435922707907552)]
[(2, 0.24516378249895901), (6, 0.49847825190810885)]
[(2, 0.42948145144365762), (6, 0.43228461144482178)]
[(4, 0.62661283336109497), (6, 0.21278724863604864)]
[(3, 0.36337145845522179), (4, 0.25584456177394083)]
[(4, 0.43198849597101685), (5, 0.29154074727610235)]
[(4, 0.61080642717256206)]
[(5, 0.23338090569349634), (6, 0.49069215166449393)]
[(3, 0.33443672745631131), (5, 0.26529789532746606), (6, 0.36842321021343527)]
[(5, 0.28272387236195096), (6, 0.27936640566199861)]
[(3, 0.36813728525815503), (6, 0.57215787358398928)]
[(2, 0.20348900330166853), (3, 0.58396576832323666)]
[(3, 0.68016781116274605), (4, 0.31015584968870347)]
[(1, 0.34916076217049974), (3, 0.36891175602765575), (4, 0.26148730412094723)]
[(6, 0.79813709792859977)]
[(2, 0.3351867586715459), (3, 0.23225549431593986), (6, 0.33195982196705437)]
[(0, 0.30905157747835676), (3, 0.26916415223334356)]
[(0, 0.49174914533360631), (6, 0.2242681107298847)]
[(4, 0.43568672628337618), (6, 0.30408712216996164)]
[(6, 0.48356586945541802)]
[(0, 0.22407786040630234), (6, 0.47435150797660131)]
[(2, 0.24517895852152383), (6, 0.49848216872973639)]
[(2, 0.42943959380467028), (6, 0.43230143210022792)]
[(4, 0.62661449262895352), (6, 0.21278749021195986)]
[(3, 0.36336377762414662), (4, 0.25584448967545953)]
[(4, 0.43201791176983145), (5, 0.29150087141969905)]
[(4, 0.61080587870064507)]
[(5, 0.23357182878639823), (6, 0.49069164587749969)]
[(3, 0.33439809889179717), (5, 0.26532278799027459), (6, 0.36843692838639269)]
[(5, 0.28272924415688011), (6, 0.27936781882571149)]
[(3, 0.36817458553898053), (6, 0.57212060519817476)]
[(2, 0.20339726755300813), (3, 0.58408068315085016)]
[(3, 0.68016554505705085), (4, 0.31015808244637688)]
[(1, 0.34908868269090909), (3, 0.36892215605122841), (4, 0.26154898499069429)]
[(6, 0.79813437307123025)]
[(2, 0.33517962414441937), (3, 0.23226708927819492), (6, 0.33195217670497323)]
[(0, 0.30904713438163833), (3, 0.26914570079201572)]
[(0, 0.4917548546268305), (6, 0.22427285932286839)]
[(4, 0.43569313547132515), (6, 0.30411479471452652)]
[(6, 0.48356882226581066)]
[(0, 0.22405550949761638), (6, 0.47433068330034434)]
[(2, 0.24516894275464296), (6, 0.49847982819761755)]
[(2, 0.42945245764438278), (6, 0.43230144037669382)]
[(4, 0.62661284874792855), (6, 0.21278725087623321)]
[(3, 0.36332821405899807), (4, 0.25584415857196885)]
[(4, 0.43199552816290321), (5, 0.29153223386322485)]
[(4, 0.61080686273940699)]
[(5, 0.23354035561075109), (6, 0.49069070961556077)]
[(3, 0.33443128290251273), (5, 0.26530142972179283), (6, 0.36842511790452259)]
[(5, 0.28273107046514284), (6, 0.27936333335373748)]
[(3, 0.36814569315535078), (6, 0.57214947287572804)]
[(2, 0.20341506854506189), (3, 0.58405888789571447)]
[(3, 0.68016781458585218), (4, 0.31015574464639412)]
[(1, 0.34910527556763532), (3, 0.36890585246237861), (4, 0.26154869466590575)]
[(6, 0.79813753057385417)]
[(2, 0.33517812466006247), (3, 0.23227759436311429), (6, 0.33194314737845482)]
[(0, 0.30904827790770062), (3, 0.26915068679793985)]
[(0, 0.4917533201670411), (6, 0.22427144171792099)]
[(4, 0.43569058857918869), (6, 0.30410377778659647)]
[(6, 0.48355635201000785)]
[(0, 0.22411054513485285), (6, 0.47438175433122742)]
[(2, 0.24517792001579), (6, 0.49848407008001283)]
[(2, 0.42948822206861909), (6, 0.43228974758009137)]
[(4, 0.62662452619161879), (6, 0.21278895107917575)]
[(3, 0.36333041205190447), (4, 0.25584418027888678)]
[(4, 0.43203750185082235), (5, 0.29148191218700253)]
[(4, 0.61080728988067845)]
[(5, 0.23338754148464988), (6, 0.49069772230325848)]
[(3, 0.33438578149227749), (5, 0.2653306104549889), (6, 0.36844141752801052)]
[(5, 0.28273339911504969), (6, 0.27936499365252759)]
[(3, 0.36814537629960775), (6, 0.57214978947246498)]
[(2, 0.2034161527194488), (3, 0.58405785062105064)]
[(3, 0.68016368603885602), (4, 0.31016007644806171)]
[(1, 0.34913155355329123), (3, 0.36891147413536335), (4, 0.26151679503269709)]
[(6, 0.79813833392638545)]
[(2, 0.33517623262478158), (3, 0.23226159631860213), (6, 0.33195418753816042)]
[(0, 0.30905111208973379), (3, 0.26916327075439972)]
[(0, 0.49175580693710352), (6, 0.2242741942480958)]
[(4, 0.43569256213830676), (6, 0.30411231583406068)]
[(6, 0.48355859969054227)]
[(0, 0.22414286440245526), (6, 0.47441142292512778)]
[(2, 0.24519004661446903), (6, 0.49848508233177974)]
[(2, 0.4294327943321174), (6, 0.43230154715269409)]
[(4, 0.62661634394223609), (6, 0.21278775975156186)]
[(3, 0.36337112076627814), (4, 0.25584455870267231)]
[(4, 0.43199092047626614), (5, 0.29153794675397365)]
[(4, 0.61080749525817268)]
[(5, 0.23335378058930206), (6, 0.49069251222066523)]
[(3, 0.33436740604551035), (5, 0.26534226215488793), (6, 0.36844813248844233)]
[(5, 0.28272622555021287), (6, 0.27936733075900483)]
[(3, 0.36823885398228823), (6, 0.57205639166513322)]
[(2, 0.20342100811183636), (3, 0.58405161749416412)]
[(3, 0.68016272368533381), (4, 0.31016104740171663)]
[(1, 0.34912828652458866), (3, 0.3689596461460587), (4, 0.26147189268132232)]
[(6, 0.79814008722279828)]
[(2, 0.33517985722376414), (3, 0.23227911445625782), (6, 0.33194191485411806)]
[(0, 0.30904502476188384), (3, 0.26913517037856483)]
[(0, 0.49175608553474148), (6, 0.22427507665890103)]
[(4, 0.43568662971420868), (6, 0.30408673795334279)]
[(6, 0.48356904722826172)]
[(0, 0.22406614876004202), (6, 0.4743406104137341)]
[(2, 0.2451648091470654), (6, 0.49847700371355486)]
[(2, 0.42948115538879389), (6, 0.43228650309945588)]
[(4, 0.62661356389897904), (6, 0.21278735499606716)]
[(3, 0.36332019112538283), (4, 0.25584408365279432)]
[(4, 0.43197568645477513), (5, 0.29155617092933717)]
[(4, 0.61080859585593128)]
[(5, 0.23339109403028274), (6, 0.49068353837167467)]
[(3, 0.33444774530928645), (5, 0.26529069747237416), (6, 0.36841939518489486)]
[(5, 0.28273000739485121), (6, 0.2793722267658591)]
[(3, 0.3681837629697729), (6, 0.57211143561141342)]
[(2, 0.2034132493487861), (3, 0.58406105331612657)]
[(3, 0.68016870077802871), (4, 0.31015484660868636)]
[(1, 0.34911295495600586), (3, 0.36895666274501482), (4, 0.26149020765519171)]
[(6, 0.79813557300556648)]
[(2, 0.33517749567007349), (3, 0.2322769392672509), (6, 0.3319450504020236)]
[(0, 0.30905049243286614), (3, 0.26915927292169278)]
[(0, 0.49175591170460414), (6, 0.22427419726908243)]
[(4, 0.43568490297784396), (6, 0.30407926505158522)]
[(6, 0.48356223704017265)]
[(0, 0.22409975436062754), (6, 0.47437179560757836)]
[(2, 0.24516721217397791), (6, 0.49847909410227542)]
[(2, 0.42945276237925156), (6, 0.43230459721981923)]
[(4, 0.62661838127568203), (6, 0.21278805637872295)]
[(3, 0.36334973712134805), (4, 0.25584435910037689)]
[(4, 0.43200594958031779), (5, 0.29151923529637508)]
[(4, 0.6108082494704774)]
[(5, 0.23339358650801426), (6, 0.49067225891429)]
[(3, 0.33439763296730418), (5, 0.26532308339592203), (6, 0.36843709868730645)]
[(5, 0.28273235581863954), (6, 0.279371359732071)]
[(3, 0.36820921791146904), (6, 0.57208600242081287)]
[(2, 0.20339036198939797), (3, 0.58408935016467167)]
[(3, 0.68016546613225659), (4, 0.31015824588547547)]
[(1, 0.34910352934284156), (3, 0.36893802880019566), (4, 0.26151826630670921)]
[(6, 0.79813426646352348)]
[(2, 0.33517435138707324), (3, 0.2322633703412669), (6, 0.33195575524121779)]
[(0, 0.30904456647081457), (3, 0.26913446555269444)]
[(0, 0.49176000327284225), (6, 0.22427777398135801)]
[(4, 0.43569772259031303), (6, 0.30413459176508889)]
[(6, 0.48356745242640903)]
[(0, 0.22409315418374506), (6, 0.47436569123823125)]
[(2, 0.24516905376089743), (6, 0.49848021337854231)]
[(2, 0.42948684626615991), (6, 0.43228922213376259)]
[(4, 0.62661843137310647), (6, 0.21278806367275208)]
[(3, 0.36334723530710022), (4, 0.25584433693999986)]
[(4, 0.43200881123045948), (5, 0.29151632480147027)]
[(4, 0.61080820054964269)]
[(5, 0.23346990631445388), (6, 0.49066603923697028)]
[(3, 0.3344479312510521), (5, 0.26529058218111817), (6, 0.36841932461884308)]
[(5, 0.2827318695371358), (6, 0.2793709813970735)]
[(3, 0.36818888598157024), (6, 0.57210631698099468)]
[(2, 0.2034001777127136), (3, 0.58407746412352635)]
[(3, 0.68016192869450831), (4, 0.31016184367377408)]
[(1, 0.34910756834550133), (3, 0.36892445778147448), (4, 0.261527797544018)]
[(6, 0.79813561216001938)]
[(2, 0.33517733920610998), (3, 0.23227780864477721), (6, 0.33194380489428749)]
[(0, 0.30904576242130871), (3, 0.26914029391832689)]
[(0, 0.49175044547556701), (6, 0.22426893471393008)]
[(4, 0.43568479944669658), (6, 0.30407883485531134)]
[(6, 0.48356042569704194)]
[(0, 0.2241065340726397), (6, 0.47437805565659813)]
[(2, 0.24516801933770399), (6, 0.49847869932737338)]
[(2, 0.42948449737059041), (6, 0.43228483002075696)]
[(4, 0.62661372110648972), (6, 0.21278737788419916)]
[(3, 0.36331386565381457), (4, 0.25584402566621517)]
[(4, 0.43199214070148156), (5, 0.29153629803754688)]
[(4, 0.61080669057084525)]
[(5, 0.23360026216756821), (6, 0.49071184734009043)]
[(3, 0.3343762557121906), (5, 0.26533667031173952), (6, 0.36844487892545197)]
[(5, 0.28273258127945544), (6, 0.27937139723346682)]
[(3, 0.36814752709502097), (6, 0.57214764051704836)]
[(2, 0.20340181527512327), (3, 0.58407511718727145)]
[(3, 0.68016966610344898), (4, 0.31015384308422966)]
[(1, 0.34912168053009557), (3, 0.36892949375784651), (4, 0.26150864950919961)]
[(6, 0.79813970469029927)]
[(2, 0.33518016637449377), (3, 0.23227642832448042), (6, 0.33194361974168013)]
[(0, 0.30904844960550582), (3, 0.26915016475286996)]
[(0, 0.49174786995935577), (6, 0.22426676430678147)]
[(4, 0.43568811784950917), (6, 0.30409316048344698)]
[(6, 0.48356240075388052)]
[(0, 0.2241133492533062), (6, 0.47438433788142698)]
[(2, 0.24516692224682679), (6, 0.49847837033442005)]
[(2, 0.42944818789996375), (6, 0.43230510904020453)]
[(4, 0.62662706498792442), (6, 0.21278932073986617)]
[(3, 0.36333034872506204), (4, 0.25584417870440268)]
[(4, 0.43201835379635856), (5, 0.29150462701355884)]
[(4, 0.61080620561366639)]
[(5, 0.23342019202584052), (6, 0.49067609803999901)]
[(3, 0.33438485548553659), (5, 0.2653312095088935), (6, 0.36844174404598046)]
[(5, 0.28273187595031479), (6, 0.2793718066525111)]
[(3, 0.36817815600234738), (6, 0.57211703779260148)]
[(2, 0.20338414603387495), (3, 0.58409685519876298)]
[(3, 0.68016953496344768), (4, 0.31015388223041646)]
[(1, 0.34910781037231425), (3, 0.36893941868235097), (4, 0.26151259541995903)]
[(6, 0.79813724754132165)]
[(2, 0.33517679658745608), (3, 0.23226879241540771), (6, 0.3319491887605111)]
[(0, 0.30904754343227386), (3, 0.26914740454672215)]
[(0, 0.49176000875021703), (6, 0.22427879911596332)]
[(4, 0.43570187704062968), (6, 0.30415249592530336)]
[(6, 0.48355848677307156)]
[(0, 0.22403623057877653), (6, 0.47431262817360176)]
[(2, 0.24518665520296737), (6, 0.49848491803411837)]
[(2, 0.42948068800994071), (6, 0.43228401244668885)]
[(4, 0.6266238501232817), (6, 0.21278885264159361)]
[(3, 0.36335922215281674), (4, 0.25584444744138712)]
[(4, 0.43197554517334491), (5, 0.29155561236871119)]
[(4, 0.61080686306642917)]
[(5, 0.23338029866575383), (6, 0.49070661384304726)]
[(3, 0.33442499359372674), (5, 0.26530550439311756), (6, 0.36842732968024661)]
[(5, 0.28273242116108432), (6, 0.27937188104349064)]
[(3, 0.36821418602317574), (6, 0.57208103855375381)]
[(2, 0.20338845238954309), (3, 0.58409139711138491)]
[(3, 0.68016884884757078), (4, 0.31015473509898128)]
[(1, 0.34912130217733284), (3, 0.36894483920484028), (4, 0.26149368324613304)]
[(6, 0.79814015622202905)]
[(2, 0.33518034344184577), (3, 0.23227714218234558), (6, 0.33194590048077166)]
[(0, 0.30905171168391554), (3, 0.26916429157501076)]
[(0, 0.49176125598597537), (6, 0.22427884701726875)]
[(4, 0.43568744946009036), (6, 0.304090266288148)]
[(6, 0.48355462019361739)]
[(0, 0.22406810061647736), (6, 0.47434242878769067)]
[(2, 0.24516597027522194), (6, 0.49848023422751048)]
[(2, 0.42947469481236089), (6, 0.4322829381860202)]
[(4, 0.62661512728786894), (6, 0.21278758261390834)]
[(3, 0.36335164696093109), (4, 0.25584437703240787)]
[(4, 0.43200406560732574), (5, 0.29152061378135663)]
[(4, 0.61080679002851634)]
[(5, 0.23345535401221562), (6, 0.49068820156617982)]
[(3, 0.33438528106688581), (5, 0.26533093271891223), (6, 0.3684415954542421)]
[(5, 0.28273114184327136), (6, 0.27936607132371233)]
[(3, 0.36822853859641042), (6, 0.57206669824126022)]
[(2, 0.20339011540583227), (3, 0.58408961452332375)]
[(3, 0.68016720290195087), (4, 0.31015644647987561)]
[(1, 0.3491243937416813), (3, 0.36890811635054005), (4, 0.26152731252654149)]
[(6, 0.79813749065288198)]
[(2, 0.33517888128893175), (3, 0.23227089408597945), (6, 0.33194831295411514)]
[(0, 0.30904401395447889), (3, 0.26913318052091251)]
[(0, 0.49174793051594928), (6, 0.22426721534137212)]
[(4, 0.43568926823309362), (6, 0.30409806214700369)]
[(6, 0.48357178761057418)]
[(0, 0.22411602480709206), (6, 0.47438680130899885)]
[(2, 0.24516287268944958), (6, 0.49847801040708467)]
[(2, 0.42944542951062897), (6, 0.43230110274558609)]
[(4, 0.62663733985675607), (6, 0.21279081687878068)]
[(3, 0.36331372428947595), (4, 0.25584402562873532)]
[(4, 0.43204050225880331), (5, 0.29147897819219259)]
[(4, 0.61080760925762045)]
[(5, 0.23340533735071758), (6, 0.49068601669823864)]
[(3, 0.33442548400887706), (5, 0.2653051836369264), (6, 0.36842716024432004)]
[(5, 0.28272535714707869), (6, 0.27936679357406008)]
[(3, 0.36821344716411608), (6, 0.57208177678164895)]
[(2, 0.20340172377215412), (3, 0.58407545906054625)]
[(3, 0.68016941821995602), (4, 0.31015402232748857)]
[(1, 0.34909813037852777), (3, 0.36894838068329971), (4, 0.26151331399477395)]
[(6, 0.79813403277079575)]
[(2, 0.33518157270268395), (3, 0.23227871684411894), (6, 0.33194490933637361)]
[(0, 0.30905161887820487), (3, 0.26916451961393301)]
[(0, 0.4917517748622921), (6, 0.22427080679629705)]
[(4, 0.43568363736273136), (6, 0.30407379676100021)]
[(6, 0.48356215539459585)]
[(0, 0.22396857550775334), (6, 0.47424858261601149)]
[(2, 0.24518048772020876), (6, 0.49848301829463343)]
[(2, 0.4294232476536633), (6, 0.43229784657771908)]
[(4, 0.62663674065836961), (6, 0.21279072962554602)]
[(3, 0.36334422321517196), (4, 0.25584430815096237)]
[(4, 0.43201793146429246), (5, 0.29150362053416068)]
[(4, 0.6108066957159064)]
[(5, 0.23336816598115517), (6, 0.49069598388612068)]
[(3, 0.33439909835347253), (5, 0.26532213883241129), (6, 0.36843657854626344)]
[(5, 0.2827337271944399), (6, 0.27936379606035616)]
[(3, 0.36817986101567074), (6, 0.57211533422653138)]
[(2, 0.20349256485577613), (3, 0.58396173276117913)]
[(3, 0.68017141580270279), (4, 0.31015174792494787)]
[(1, 0.34910635610962887), (3, 0.36892083950256144), (4, 0.26153262787613274)]
[(6, 0.79814025737839511)]
[(2, 0.33517745185496733), (3, 0.23226517169653818), (6, 0.331950927438732)]
[(0, 0.30904761215372395), (3, 0.26914804589377506)]
[(0, 0.4917501214600718), (6, 0.22426905644192582)]
[(4, 0.43569134726098241), (6, 0.30410707150853067)]
[(6, 0.48355429755642143)]
[(0, 0.22400727605369905), (6, 0.47428534946395645)]
[(2, 0.24516452695602434), (6, 0.49847842248325736)]
[(2, 0.42943758398718629), (6, 0.43230439264359122)]
[(4, 0.62663038262131032), (6, 0.21278980381318008)]
[(3, 0.36335818765960731), (4, 0.25584443737138723)]
[(4, 0.43202605575504915), (5, 0.29149338210502374)]
[(4, 0.6108075688919008)]
[(5, 0.2333935374130979), (6, 0.49069797883438876)]
[(3, 0.33435571701329436), (5, 0.26534962996517186), (6, 0.36845244800428384)]
[(5, 0.28273142373193455), (6, 0.27936996485221344)]
[(3, 0.3681199613715776), (6, 0.57217518266561607)]
[(2, 0.20338740303014902), (3, 0.58409288624662792)]
[(3, 0.68016527556736739), (4, 0.31015845540286041)]
[(1, 0.34917038697098957), (3, 0.36898437190847461), (4, 0.26140506737158542)]
[(6, 0.79813672522246704)]
[(2, 0.33517648477518558), (3, 0.2322850125111568), (6, 0.33193831175441713)]
[(0, 0.30905149785108355), (3, 0.26916426386389736)]
[(0, 0.49175479928445476), (6, 0.22427338718051917)]
[(4, 0.43570165141617218), (6, 0.30415154643721387)]
[(6, 0.48356238844098853)]
[(0, 0.22408315094523998), (6, 0.47435642042786158)]
[(2, 0.24517034195482079), (6, 0.49848029281520756)]
[(2, 0.42944901673366681), (6, 0.43230158248071865)]
[(4, 0.62663377697258105), (6, 0.21279029806927069)]
[(3, 0.36332985307708732), (4, 0.25584417592288294)]
[(4, 0.43196978576066747), (5, 0.29156285716428421)]
[(4, 0.6108066928860576)]
[(5, 0.23340889398102399), (6, 0.49067179281270562)]
[(3, 0.33439137545723924), (5, 0.26532707550326323), (6, 0.36843936115901088)]
[(5, 0.28272881061514249), (6, 0.27936574504656703)]
[(3, 0.36823620858291095), (6, 0.57205903480512432)]
[(2, 0.20339342683445655), (3, 0.58408532870599439)]
[(3, 0.68016755316920896), (4, 0.31015599120131293)]
[(1, 0.34908890112650837), (3, 0.36890475402868189), (4, 0.26156616764968299)]
[(6, 0.79813683742596131)]
[(2, 0.33517931451978761), (3, 0.23227434259772203), (6, 0.33194646895655311)]
[(0, 0.30904530630031812), (3, 0.26913791659688391)]
[(0, 0.49174929487970975), (6, 0.22426829622240485)]
[(4, 0.43568543068833715), (6, 0.30408156013154747)]
[(6, 0.48354979674507415)]
[(0, 0.22405652332580969), (6, 0.47433163039298709)]
[(2, 0.24516271209947577), (6, 0.49847744271430811)]
[(2, 0.4294838499782383), (6, 0.43228559570208214)]
[(4, 0.62661759380545401), (6, 0.21278794172585677)]
[(3, 0.36334563384628454), (4, 0.25584432062871826)]
[(4, 0.43197974490555746), (5, 0.29155044629697102)]
[(4, 0.61080607816463783)]
[(5, 0.23340451155534925), (6, 0.49067228222896941)]
[(3, 0.33441792182067248), (5, 0.26531006642793098), (6, 0.36842983618460473)]
[(5, 0.28272579287584121), (6, 0.27936828458925339)]
[(3, 0.3682374583553682), (6, 0.57205778609929925)]
[(2, 0.20340338325922555), (3, 0.58407348425471861)]
[(3, 0.68016832189039922), (4, 0.31015524091137464)]
[(1, 0.34916005995937632), (3, 0.36891643426387138), (4, 0.26148332810588237)]
[(6, 0.79813966524228319)]
[(2, 0.33518112357430202), (3, 0.23225666022817015), (6, 0.33195924564964452)]
[(0, 0.30905160594310011), (3, 0.2691638768910945)]
[(0, 0.49175293814766385), (6, 0.2242712807083368)]
[(4, 0.43569477847420784), (6, 0.30412190611890816)]
[(6, 0.48357695879299456)]
[(0, 0.22400584911557234), (6, 0.47428400005917049)]
[(2, 0.24518812888516076), (6, 0.49848476875008196)]
[(2, 0.42947983203858348), (6, 0.43228613420189727)]
[(4, 0.626619591801436), (6, 0.21278823262824936)]
[(3, 0.36335322281678833), (4, 0.25584439147002441)]
[(4, 0.43199309777302797), (5, 0.29153491793535119)]
[(4, 0.61080858944098371)]
[(5, 0.23339353182524586), (6, 0.49070520226259762)]
[(3, 0.33438839039353757), (5, 0.26532895286989722), (6, 0.36844046744465275)]
[(5, 0.28273262581965397), (6, 0.27937085415984797)]
[(3, 0.36820408473740712), (6, 0.5720911312148379)]
[(2, 0.20345180232657889), (3, 0.58401193620722847)]
[(3, 0.68016674274063949), (4, 0.31015692169367615)]
[(1, 0.34910186390373227), (3, 0.36892278662590483), (4, 0.26153517310869956)]
[(6, 0.79813464927818434)]
[(2, 0.33518398330324239), (3, 0.23228218263246769), (6, 0.33194142839538737)]
[(0, 0.30904638446565913), (3, 0.26914244865682935)]
[(0, 0.49174849327542286), (6, 0.22426812366352158)]
[(4, 0.43568948520821005), (6, 0.30409904664669557)]
[(6, 0.48356637564451943)]
[(0, 0.22400853540516649), (6, 0.47428653999268344)]
[(2, 0.24516803355827449), (6, 0.49847955254395221)]
[(2, 0.42943744806112688), (6, 0.43230649268730947)]
[(4, 0.62661479552616295), (6, 0.21278753431164579)]
[(3, 0.36331862320096941), (4, 0.25584407013066202)]
[(4, 0.43202613829878445), (5, 0.29149433635161359)]
[(4, 0.61080865595694855)]
[(5, 0.23338666656720877), (6, 0.49070144700067037)]
[(3, 0.33439894000809472), (5, 0.26532224433403123), (6, 0.36843663131718218)]
[(5, 0.28273207833100067), (6, 0.27936819721612544)]
[(3, 0.36815140800884416), (6, 0.57214376292569957)]
[(2, 0.20349448530807665), (3, 0.58395977366285146)]
[(3, 0.68016668795597846), (4, 0.31015700411184643)]
[(1, 0.34909723083193417), (3, 0.3689544005452004), (4, 0.2615081940196376)]
[(6, 0.79813814239852299)]
[(2, 0.33517669626562246), (3, 0.23227079359296918), (6, 0.33194702330025305)]
[(0, 0.30905160070320187), (3, 0.26916347796048695)]
[(0, 0.49175817092009788), (6, 0.22427673252533614)]
[(4, 0.43568207137263204), (6, 0.3040670399029537)]
[(6, 0.48358033231449399)]
[(0, 0.22403210605270427), (6, 0.47430875427904917)]
[(2, 0.24516266694383745), (6, 0.49847810219907002)]
[(2, 0.42947884945406406), (6, 0.43228533482202286)]
[(4, 0.62662238028314043), (6, 0.21278863863011982)]
[(3, 0.36331569421919174), (4, 0.25584404169858072)]
[(4, 0.43197247500406954), (5, 0.29156018177765614)]
[(4, 0.61080703327011232)]
[(5, 0.23347918705642975), (6, 0.49068597935502439)]
[(3, 0.33443969943572482), (5, 0.26529596396890232), (6, 0.36842217093680596)]
[(5, 0.28273632307913199), (6, 0.27936674697981256)]
[(3, 0.36815869469287538), (6, 0.57213648245436233)]
[(2, 0.20338845091039484), (3, 0.58409161933469256)]
[(3, 0.68016708789542524), (4, 0.31015656007689035)]
[(1, 0.34910576258089071), (3, 0.36890403531536531), (4, 0.26155002469457805)]
[(6, 0.79813983738512073)]
[(2, 0.33518279210560525), (3, 0.23227806773136916), (6, 0.33194349137778811)]
[(0, 0.30905001219904443), (3, 0.26915704296017612)]
[(0, 0.49175146876005427), (6, 0.22427034147717537)]
[(4, 0.43568968539820135), (6, 0.30409989593303022)]
[(6, 0.48357209097462572)]
[(0, 0.22408813182334103), (6, 0.4743610394776332)]
[(2, 0.24516503058353933), (6, 0.49847845824933296)]
[(2, 0.42945598178152122), (6, 0.43230248355211592)]
[(4, 0.62661678313600366), (6, 0.2127878236959517)]
[(3, 0.36336508329249362), (4, 0.25584450212436854)]
[(4, 0.43201896821941577), (5, 0.29150173310867999)]
[(4, 0.61080684493955661)]
[(5, 0.23339144904469811), (6, 0.49067749383130277)]
[(3, 0.33444290927044384), (5, 0.26529387090703527), (6, 0.36842105561269367)]
[(5, 0.28273223489510957), (6, 0.27937124599297641)]
[(3, 0.36822661354598579), (6, 0.57206862164570305)]
[(2, 0.20341803587397644), (3, 0.5840553394237773)]
[(3, 0.68017228555717724), (4, 0.31015100246416943)]
[(1, 0.34911185096222552), (3, 0.36894671069740609), (4, 0.26150126316902539)]
[(6, 0.79813380795745581)]
[(2, 0.33517900377583376), (3, 0.23225842134232144), (6, 0.33195729757887693)]
[(0, 0.3090468021313858), (3, 0.26914402070299692)]
[(0, 0.49175879751066226), (6, 0.22427668848058244)]
[(4, 0.43569633604025837), (6, 0.30412863783019622)]
[(6, 0.48356074861615994)]
[(0, 0.22406847472118632), (6, 0.47434277720812668)]
[(2, 0.24516542015491363), (6, 0.49847876791762474)]
[(2, 0.42947734462611264), (6, 0.43228305352192065)]
[(4, 0.6266240391216098), (6, 0.21278888016026964)]
[(3, 0.36334407916160283), (4, 0.25584430606848874)]
[(4, 0.43201944909730278), (5, 0.29150303956264828)]
[(4, 0.61080683619998821)]
[(5, 0.23342372952822998), (6, 0.49066846200809694)]
[(3, 0.33438073671768725), (5, 0.26533380725806199), (6, 0.36844326310460951)]
[(5, 0.28273164772028825), (6, 0.27936481115849154)]
[(3, 0.36812075019486956), (6, 0.57217439451349084)]
[(2, 0.20339655069522028), (3, 0.58408194514310652)]
[(3, 0.68016420314367187), (4, 0.31015954412562319)]
[(1, 0.34911664507669382), (3, 0.36890900919105329), (4, 0.2615341684736599)]
[(6, 0.79813827164431128)]
[(2, 0.33518990220032807), (3, 0.23225709831725197), (6, 0.33196133524461413)]
[(0, 0.30905063838960017), (3, 0.26916068493221501)]
[(0, 0.49174869111562458), (6, 0.22426769562836332)]
[(4, 0.43569387170190532), (6, 0.3041178654743788)]
[(6, 0.48356401971977842)]
[(0, 0.22407181972952286), (6, 0.47434589113183223)]
[(2, 0.24516460795151424), (6, 0.49847912579099896)]
[(2, 0.42945494248316174), (6, 0.43230248575595459)]
[(4, 0.62661539456963844), (6, 0.21278762152841341)]
[(3, 0.36334125656492272), (4, 0.25584427961265011)]
[(4, 0.43199247076343256), (5, 0.29153621189445494)]
[(4, 0.61080711039738222)]
[(5, 0.23339549514804239), (6, 0.49070632578551143)]
[(3, 0.33436345601310424), (5, 0.26534474116036083), (6, 0.36844960159299783)]
[(5, 0.28272988451172626), (6, 0.27937317443844512)]
[(3, 0.36815389801490356), (6, 0.57214127502919376)]
[(2, 0.20340690465931394), (3, 0.58406907931516128)]
[(3, 0.68016352929420398), (4, 0.31016022105378005)]
[(1, 0.34911943570220905), (3, 0.36890347192742257), (4, 0.26153691478913194)]
[(6, 0.79813885725711842)]
[(2, 0.33517949877136882), (3, 0.2322661132037169), (6, 0.33195730822566671)]
[(0, 0.30904935710307319), (3, 0.26915398598052348)]
[(0, 0.49175021160526244), (6, 0.22426871914981786)]
[(4, 0.4356907723792437), (6, 0.30410459762073017)]
[(6, 0.4835672247133081)]
[(0, 0.22413026044829673), (6, 0.4743998809116296)]
[(2, 0.24516240983178886), (6, 0.49847753540091316)]
[(2, 0.42947715819419241), (6, 0.4322830613805872)]
[(4, 0.62661732340964582), (6, 0.21278790235733944)]
[(3, 0.36334280132530716), (4, 0.25584430186570656)]
[(4, 0.43203097287814324), (5, 0.29148939780321831)]
[(4, 0.61080795328752269)]
[(5, 0.23336004002046407), (6, 0.49069566651223651)]
[(3, 0.33438993000992639), (5, 0.26532797561684596), (6, 0.36843990580756025)]
[(5, 0.28272535094687212), (6, 0.27936416114483198)]
[(3, 0.3681620623607062), (6, 0.57213311768274588)]
[(2, 0.2034169957973925), (3, 0.58405675789981426)]
[(3, 0.68016808626859016), (4, 0.31015551330687524)]
[(1, 0.3491061263638604), (3, 0.36893434890589188), (4, 0.26151934895188067)]
[(6, 0.79813721435727336)]
[(2, 0.33517377115531488), (3, 0.23226153751118489), (6, 0.3319535614692819)]
[(0, 0.30904776130770473), (3, 0.26914682057086559)]
[(0, 0.49176042684770499), (6, 0.22427935045820105)]
[(4, 0.43569185644014879), (6, 0.30410926261847282)]
[(6, 0.48356137355728496)]
[(0, 0.22416499031365747), (6, 0.47443159769795151)]
[(2, 0.2451677790782161), (6, 0.49847966741294109)]
[(2, 0.42943239782609555), (6, 0.43230483662055741)]
[(4, 0.62661825539981852), (6, 0.21278803805160054)]
[(3, 0.36337270128481247), (4, 0.25584457438464114)]
[(4, 0.43199995721867213), (5, 0.29152518963442881)]
[(4, 0.61080569157431719)]
[(5, 0.23346084560597044), (6, 0.49067886819461981)]
[(3, 0.33444628368686691), (5, 0.26529166069496291), (6, 0.36841989292795246)]
[(5, 0.28272898430608623), (6, 0.27937306709254783)]
[(3, 0.36823368908745063), (6, 0.5720615521468676)]
[(2, 0.2033984088565588), (3, 0.58407934888105251)]
[(3, 0.57142856851798518)]
