[(2, 0.57142854912866392)]
[(3, 0.61540930753658163), (4, 0.35256686220745437)]
[(1, 0.2508925728899068), (6, 0.51361868109297359)]
[(6, 0.88067897522940897)]
[(2, 0.53357560834650219), (6, 0.30517730307105106)]
[(0, 0.39036842579540748), (4, 0.21430496006666483)]
[(4, 0.37961109026652406), (6, 0.4370260530311717)]
[(0, 0.23850061000430287), (6, 0.50280470957158041)]
[(2, 0.35530339555389151), (6, 0.40589624644901784)]
[(4, 0.49897272183870917)]
[(3, 0.43697122773473962), (4, 0.37603777885462386)]
[(4, 0.52447232918668529), (6, 0.29565345471180088)]
[(4, 0.7400452626801769)]
[(4, 0.45576621900689968), (6, 0.35258308834399626)]
[(4, 0.2742588293531743), (6, 0.28134997845078302)]
[(6, 0.4550788595555384)]
[(2, 0.29395334344191115), (3, 0.24032988384628801), (6, 0.26045884429111776)]
[(3, 0.42716873457175902), (6, 0.24172632418400392)]
[(3, 0.35208097164352131), (6, 0.35163828957953686)]
[(3, 0.5765853380806637)]
[(3, 0.54051024094571076), (6, 0.24949615251625173)]
[(3, 0.61541180533230633), (4, 0.35256864214316519)]
[(1, 0.25097690726112448), (6, 0.513646490608898)]
[(6, 0.88068144835685791)]
[(2, 0.53358082293814546), (6, 0.30518201433446823)]
[(0, 0.39036960902188816), (4, 0.2143033044184755)]
[(4, 0.37962014960373192), (6, 0.43702596152492507)]
[(0, 0.23850075278975494), (6, 0.50280489089405478)]
[(2, 0.35530288894051998), (6, 0.40589626417339703)]
[(4, 0.49896108226571273)]
[(3, 0.43697341772626391), (4, 0.37597224162564807)]
[(4, 0.52451452896232653), (6, 0.29567099384483436)]
[(4, 0.74004485514138296)]
[(4, 0.45576902606064523), (6, 0.35258433887380997)]
[(4, 0.27425987508202265), (6, 0.28135128249898544)]
[(6, 0.4550816275038515)]
[(2, 0.29394838084510444), (3, 0.24032384415088398), (6, 0.2604596093717767)]
[(3, 0.42717127576739317), (6, 0.24171956831897173)]
[(3, 0.35208338572641529), (6, 0.35163892244976719)]
[(3, 0.57658557967329083)]
[(3, 0.54050933344552909), (6, 0.24949618326752351)]
[(3, 0.61541798733829611), (4, 0.3525776811759907)]
[(1, 0.25099204682239656), (6, 0.51365072982269067)]
[(6, 0.88067403263364108)]
[(2, 0.53357226699940319), (6, 0.30517375255816781)]
[(0, 0.3903695637523224), (4, 0.2143042787805331)]
[(4, 0.37962357846869227), (6, 0.43702293399003311)]
[(0, 0.23849990017677514), (6, 0.50280380557268323)]
[(2, 0.35530402719130411), (6, 0.40589622551620785)]
[(4, 0.49893253658670844)]
[(3, 0.43697291705557323), (4, 0.37598648533422468)]
[(4, 0.5242531220966935), (6, 0.29556212463930803)]
[(4, 0.74004034514120565)]
[(4, 0.45575761302358675), (6, 0.35257923735005076)]
[(4, 0.27425929924039905), (6, 0.28135056522807128)]
[(6, 0.45508086207653881)]
[(2, 0.29394756457560561), (3, 0.24032343010476756), (6, 0.26046045371503307)]
[(3, 0.42717005001015629), (6, 0.24172282420845803)]
[(3, 0.35207905764109593), (6, 0.35163831938244344)]
[(3, 0.57658585499511072)]
[(3, 0.54051376920997585), (6, 0.24949536637286879)]
[(3, 0.61541062662538781), (4, 0.35256744137306117)]
[(1, 0.25095253303801762), (6, 0.51363863807511867)]
[(6, 0.88067401171230109)]
[(2, 0.53358036205085668), (6, 0.30518130920403308)]
[(0, 0.39036859471965141), (4, 0.21430412083124084)]
[(4, 0.37961905288518905), (6, 0.43702256873715506)]
[(0, 0.23850033323972281), (6, 0.50280435663003475)]
[(2, 0.35530301363835337), (6, 0.40589626476401236)]
[(4, 0.49894422967558788)]
[(3, 0.43697078161594211), (4, 0.376051724182282)]
[(4, 0.52431484581320109), (6, 0.2955878789217235)]
[(4, 0.74003672437648893)]
[(4, 0.45576719317211861), (6, 0.35258353354666366)]
[(4, 0.27425946414414293), (6, 0.28135077155187416)]
[(6, 0.45508136378644487)]
[(2, 0.2939483934436895), (3, 0.24032415141077521), (6, 0.26045999655991481)]
[(3, 0.42716824870292885), (6, 0.24172761148928862)]
[(3, 0.352081770317204), (6, 0.35163861638310651)]
[(3, 0.57658657697630289)]
[(3, 0.54051620630115826), (6, 0.24949518629665077)]
[(3, 0.61541316365011034), (4, 0.35257063113448461)]
[(1, 0.25095476010377399), (6, 0.51363951375782302)]
[(6, 0.88068064397822854)]
[(2, 0.53357105942575278), (6, 0.30517273500833192)]
[(0, 0.39036916171963726), (4, 0.21430423412413305)]
[(4, 0.37962263319259132), (6, 0.43702269265176907)]
[(0, 0.23850084208571368), (6, 0.50280500468769029)]
[(2, 0.35530288883787109), (6, 0.40589626765082254)]
[(4, 0.498985648566388)]
[(3, 0.436971716733493), (4, 0.37602244126325424)]
[(4, 0.52444781283521635), (6, 0.29564325882815778)]
[(4, 0.74004669003856138)]
[(4, 0.45576389467091993), (6, 0.35258205358487288)]
[(4, 0.27425922957585258), (6, 0.28135047789450224)]
[(6, 0.45508574553065534)]
[(2, 0.29395195242135574), (3, 0.24033459569190407), (6, 0.26045857849493093)]
[(3, 0.42717284363092395), (6, 0.24171541220509443)]
[(3, 0.3520797608114507), (6, 0.35163825997241716)]
[(3, 0.57658578706174468)]
[(3, 0.5405161068631591), (6, 0.24949520331145578)]
[(3, 0.61540774966652112), (4, 0.35256502415819468)]
[(1, 0.2509312537057013), (6, 0.51363161465939533)]
[(6, 0.88067037787766911)]
[(2, 0.53356897956160965), (6, 0.3051701210195677)]
[(0, 0.39036965688633113), (4, 0.214305087956809)]
[(4, 0.37962228103525764), (6, 0.43702289220283802)]
[(0, 0.23850096518363376), (6, 0.50280516127328234)]
[(2, 0.35530564261778891), (6, 0.40589614868413165)]
[(4, 0.49894701715138035)]
[(3, 0.43697248839067143), (4, 0.37599934974452515)]
[(4, 0.52475796548170972), (6, 0.29577190091076722)]
[(4, 0.74004726517648256)]
[(4, 0.45576790300698578), (6, 0.35258384588087904)]
[(4, 0.2742593605187032), (6, 0.28135063978815938)]
[(6, 0.45508638032327065)]
[(2, 0.29394830149249312), (3, 0.24032387985065273), (6, 0.26045960656661094)]
[(3, 0.42717184338924896), (6, 0.24171805969036098)]
[(3, 0.35207828700322102), (6, 0.35163812039700637)]
[(3, 0.57658601696380563)]
[(3, 0.5405151128658976), (6, 0.24949533907717042)]
[(3, 0.61541015931125997), (4, 0.35256782426677719)]
[(1, 0.25097420084838801), (6, 0.51364469072443564)]
[(6, 0.88067336413781261)]
[(2, 0.53357150201969727), (6, 0.30517301573319411)]
[(0, 0.39036931927582047), (4, 0.2143041478808751)]
[(4, 0.37961896135405621), (6, 0.43702698270414964)]
[(0, 0.23850014800833208), (6, 0.50280412077926984)]
[(2, 0.3553037825452946), (6, 0.40589622877981257)]
[(4, 0.49904465197030062)]
[(3, 0.4369724959099705), (4, 0.37600009754303376)]
[(4, 0.52436682350081287), (6, 0.29560954366944719)]
[(4, 0.74004293650897135)]
[(4, 0.45576023577051622), (6, 0.35258040512038002)]
[(4, 0.27425887120604542), (6, 0.2813500291407659)]
[(6, 0.45508261349588902)]
[(2, 0.293951761187285), (3, 0.24033419069811238), (6, 0.26046006844793079)]
[(3, 0.42716880987929018), (6, 0.24172612068002797)]
[(3, 0.35208103544949881), (6, 0.35163853586023852)]
[(3, 0.57658593714987738)]
[(3, 0.54051432237694408), (6, 0.24949544916907529)]
[(3, 0.61541113118401491), (4, 0.35256872074829432)]
[(1, 0.25087300243698007), (6, 0.51361059612956472)]
[(6, 0.88067737721219841)]
[(2, 0.53356968384231496), (6, 0.30517122265506097)]
[(0, 0.3903688728206357), (4, 0.21430400473828315)]
[(4, 0.37960990761288382), (6, 0.43702664166007299)]
[(0, 0.23849977284353929), (6, 0.50280364332773242)]
[(2, 0.35530508289103901), (6, 0.40589617268200978)]
[(4, 0.49896297725013683)]
[(3, 0.43697170058508455), (4, 0.37602428923796438)]
[(4, 0.524411156161394), (6, 0.29562800529365402)]
[(4, 0.74002976724521108)]
[(4, 0.45575896351915446), (6, 0.3525798594313389)]
[(4, 0.27425936413779123), (6, 0.28135064590497999)]
[(6, 0.45508463281395112)]
[(2, 0.29394940738518444), (3, 0.24033291543882818), (6, 0.26045945021405997)]
[(3, 0.42716920006786246), (6, 0.24172508449639762)]
[(3, 0.35208295849579341), (6, 0.35163887560628704)]
[(3, 0.57658510005529384)]
[(3, 0.5405103879839277), (6, 0.24949600162898111)]
[(3, 0.61541088506314645), (4, 0.35256807472361329)]
[(1, 0.25088862698169551), (6, 0.51361573562639373)]
[(6, 0.88068139955158742)]
[(2, 0.5335706930835592), (6, 0.30517213501913326)]
[(0, 0.39036836217674314), (4, 0.21430425886655335)]
[(4, 0.37961439956635284), (6, 0.43702528539247765)]
[(0, 0.23849825014207321), (6, 0.50280170314965122)]
[(2, 0.35530448317257463), (6, 0.40589620866389692)]
[(4, 0.4989698864696408)]
[(3, 0.43697165869571636), (4, 0.37602511691542295)]
[(4, 0.52436449559459009), (6, 0.29560857382774841)]
[(4, 0.74003455840272425)]
[(4, 0.45576070898994242), (6, 0.35258061449670008)]
[(4, 0.27425925796195572), (6, 0.28135051263729949)]
[(6, 0.45508304774070535)]
[(2, 0.29394822997128583), (3, 0.24032332655306085), (6, 0.26045994157698937)]
[(3, 0.42717254216741174), (6, 0.24171620405917843)]
[(3, 0.35208324217080861), (6, 0.3516388576434753)]
[(3, 0.57658642454941389)]
[(3, 0.54051466660189607), (6, 0.24949539219834257)]
[(3, 0.61541090815835053), (4, 0.35256743281558017)]
[(1, 0.25089106047736137), (6, 0.5136176345904262)]
[(6, 0.88067800652799144)]
[(2, 0.53357013071771486), (6, 0.30517171783217611)]
[(0, 0.39036938512839864), (4, 0.21430499288631585)]
[(4, 0.37961489912432811), (6, 0.43702577006138055)]
[(0, 0.23849986532221765), (6, 0.5028037606285406)]
[(2, 0.3553040441400051), (6, 0.40589622224537603)]
[(4, 0.4990434605149669)]
[(3, 0.43697189109284762), (4, 0.37601855718227289)]
[(4, 0.52444292914891122), (6, 0.29564122723758107)]
[(4, 0.74003472573840756)]
[(4, 0.45575844297251766), (6, 0.35257961023387419)]
[(4, 0.27426004048822772), (6, 0.28135149192799558)]
[(6, 0.45508008564519181)]
[(2, 0.29395170346143423), (3, 0.2403320547728702), (6, 0.26046015876131084)]
[(3, 0.4271719010023633), (6, 0.24171790419029865)]
[(3, 0.35208159551009205), (6, 0.35163848961254746)]
[(3, 0.57658578078043587)]
[(3, 0.54051274911318548), (6, 0.24949571980655033)]
[(3, 0.61541047237193669), (4, 0.35256759576928726)]
[(1, 0.25090023146776558), (6, 0.51362110073492739)]
[(6, 0.88068239586045427)]
[(2, 0.53357279809817981), (6, 0.30517435546953614)]
[(0, 0.39036896517590786), (4, 0.21430376845724763)]
[(4, 0.3796108305123938), (6, 0.43702616140750583)]
[(0, 0.23850056346366674), (6, 0.50280465000020458)]
[(2, 0.35530383647494274), (6, 0.40589623082309212)]
[(4, 0.4989791256534481)]
[(3, 0.43697137416906195), (4, 0.37603418321027438)]
[(4, 0.52444626694155394), (6, 0.29564261576372081)]
[(4, 0.74003559943432673)]
[(4, 0.45576728163616892), (6, 0.35258356566113175)]
[(4, 0.27425919921809061), (6, 0.28135044174675689)]
[(6, 0.45508391366023609)]
[(2, 0.29394831665765941), (3, 0.24032315164378681), (6, 0.26046018891354611)]
[(3, 0.42717347427103058), (6, 0.24171374431556861)]
[(3, 0.35207843051977339), (6, 0.35163808744091923)]
[(3, 0.57658582268309588)]
[(3, 0.54050964088296893), (6, 0.24949631048621795)]
[(3, 0.61541773938843081), (4, 0.35257727177170084)]
[(1, 0.25096717802081814), (6, 0.51364258742304902)]
[(6, 0.8806750714857724)]
[(2, 0.53357768741613487), (6, 0.30517873191482559)]
[(0, 0.39036967879944728), (4, 0.21430412010845268)]
[(4, 0.37962152118946529), (6, 0.43702249373642499)]
[(0, 0.23850119739411102), (6, 0.50280545673124888)]
[(2, 0.35530488523644527), (6, 0.40589617887366475)]
[(4, 0.49896373540119765)]
[(3, 0.43697253598646674), (4, 0.37599844729782972)]
[(4, 0.52446349682643634), (6, 0.29564978204018283)]
[(4, 0.74003108831579734)]
[(4, 0.45575971477976907), (6, 0.35258019108829242)]
[(4, 0.27426006331413033), (6, 0.28135151974724054)]
[(6, 0.45508612777939317)]
[(2, 0.29395023884047211), (3, 0.24033420666963801), (6, 0.26046032212953951)]
[(3, 0.42716886405032184), (6, 0.24172597577602115)]
[(3, 0.35207789178279597), (6, 0.35163810467814538)]
[(3, 0.57658525295246355)]
[(3, 0.54051356791877048), (6, 0.24949557892592344)]
[(3, 0.61541652522275447), (4, 0.35257556205451868)]
[(1, 0.25089003426896739), (6, 0.51361647398583965)]
[(6, 0.88067991692692227)]
[(2, 0.53357995698402394), (6, 0.30518094172539012)]
[(0, 0.39036877494470823), (4, 0.21430410411270404)]
[(4, 0.37962334445841595), (6, 0.43702672857329861)]
[(0, 0.23850055511477727), (6, 0.50280463907190964)]
[(2, 0.35530313722098766), (6, 0.40589625768923665)]
[(4, 0.49904366532730937)]
[(3, 0.43697049471516963), (4, 0.37606067774695989)]
[(4, 0.52457368900803458), (6, 0.29569555871054876)]
[(4, 0.74002764283456168)]
[(4, 0.45575941581597817), (6, 0.35258005925222341)]
[(4, 0.2742590935877669), (6, 0.28135030827942853)]
[(6, 0.45508478062487984)]
[(2, 0.29395391806147836), (3, 0.24032593854105946), (6, 0.26045897352841679)]
[(3, 0.42716821170266345), (6, 0.24172771205436366)]
[(3, 0.35207955736573321), (6, 0.35163835518606112)]
[(3, 0.57658614269733999)]
[(3, 0.54051426949626735), (6, 0.24949545502324152)]
[(3, 0.61541783674586292), (4, 0.35257745137717206)]
[(1, 0.25098414259191121), (6, 0.51364801721884035)]
[(6, 0.88067946012479603)]
[(2, 0.53358158626693297), (6, 0.30518239140079456)]
[(0, 0.39036931250496443), (4, 0.21430492837893958)]
[(4, 0.3796197518991693), (6, 0.43702301851751058)]
[(0, 0.238500084326767), (6, 0.50280403972868115)]
[(2, 0.35530410452552119), (6, 0.40589620275950411)]
[(4, 0.49903091879351191)]
[(3, 0.43697323428971274), (4, 0.37597805561679609)]
[(4, 0.52431810834006365), (6, 0.2955892393893601)]
[(4, 0.74004670400283468)]
[(4, 0.45576031985338938), (6, 0.35258043968748515)]
[(4, 0.27425940824469081), (6, 0.28135070170634763)]
[(6, 0.45508025532691831)]
[(2, 0.29395464832562718), (3, 0.2403318472344666), (6, 0.26045679673811606)]
[(3, 0.42716972693687355), (6, 0.24172368117984158)]
[(3, 0.35207757754849767), (6, 0.35163809583886541)]
[(3, 0.57658581235620465)]
[(3, 0.54051305967438124), (6, 0.24949563613492201)]
[(3, 0.61541186480651067), (4, 0.35256970736209692)]
[(1, 0.25092704389490822), (6, 0.51362971791718182)]
[(6, 0.88068430524117913)]
[(2, 0.5335826579135744), (6, 0.3051838873162615)]
[(0, 0.39036857942347486), (4, 0.21430394284309864)]
[(4, 0.37961118478679218), (6, 0.4370272707363414)]
[(0, 0.23849920820149581), (6, 0.50280292384811898)]
[(2, 0.35530309885211248), (6, 0.40589626124379397)]
[(4, 0.49894651711352916)]
[(3, 0.43697296088335835), (4, 0.37598586305646026)]
[(4, 0.52460059765717615), (6, 0.29570672291021427)]
[(4, 0.74004599654915604)]
[(4, 0.45575939977935781), (6, 0.35258006084622179)]
[(4, 0.27425884819458757), (6, 0.28135000169235941)]
[(6, 0.45507993025037941)]
[(2, 0.29395321464600777), (3, 0.24032828781436993), (6, 0.26045901132308497)]
[(3, 0.42717281404747537), (6, 0.24171548388033495)]
[(3, 0.35208067506734864), (6, 0.35163831830089409)]
[(3, 0.57658495754514671)]
[(3, 0.54050930103231187), (6, 0.24949637439836908)]
[(3, 0.6154113261296591), (4, 0.35256992929346853)]
[(1, 0.25088864744073447), (6, 0.51361699296557062)]
[(6, 0.88067202963388591)]
[(2, 0.53357778288822899), (6, 0.30517879795665304)]
[(0, 0.39036932661609891), (4, 0.21430115287182749)]
[(4, 0.3796068917793361), (6, 0.43702626519629878)]
[(0, 0.23850080119727995), (6, 0.50280495234613376)]
[(2, 0.35530315457296446), (6, 0.40589626267243845)]
[(4, 0.49901425051609394)]
[(3, 0.4369724761739423), (4, 0.37600091085997644)]
[(4, 0.52432079088555461), (6, 0.29559035794379374)]
[(4, 0.7400335539628381)]
[(4, 0.45575649050891504), (6, 0.35257874151604962)]
[(4, 0.27425931433198436), (6, 0.28135058445895156)]
[(6, 0.45508212200013354)]
[(2, 0.29394839936081663), (3, 0.24032367042615166), (6, 0.26045965819062489)]
[(3, 0.42717078809100362), (6, 0.24172086498667703)]
[(3, 0.35208176080266496), (6, 0.35163857392811171)]
[(3, 0.57658579777639296)]
[(3, 0.54051201277605865), (6, 0.24949581547025992)]
[(3, 0.61540964076094051), (4, 0.35256781567491446)]
[(1, 0.25090648488796202), (6, 0.51362353025270135)]
[(6, 0.88067229332402464)]
[(2, 0.53357223784074426), (6, 0.30517383416786525)]
[(0, 0.39037000984810533), (4, 0.21430404935860678)]
[(4, 0.37960958303195402), (6, 0.43702514427424316)]
[(0, 0.23849982390571528), (6, 0.50280370806587316)]
[(2, 0.35530634628517976), (6, 0.40589612081632187)]
[(4, 0.49896231011461201)]
[(3, 0.43697149372214916), (4, 0.37602922064928768)]
[(4, 0.52442868748094096), (6, 0.29563530171111735)]
[(4, 0.74004733638308162)]
[(4, 0.45575599723537413), (6, 0.35257852157611841)]
[(4, 0.27425902378632167), (6, 0.28135022241815355)]
[(6, 0.45508404621785831)]
[(2, 0.29395062640461644), (3, 0.24032946568414432), (6, 0.26046047894017421)]
[(3, 0.42717249644307304), (6, 0.24171632746790103)]
[(3, 0.35208232727054201), (6, 0.35163878567338636)]
[(3, 0.57658613909560208)]
[(3, 0.54051626651185636), (6, 0.24949518201544035)]
[(3, 0.61541207914115792), (4, 0.35257031610298578)]
[(1, 0.25096308522184863), (6, 0.51364127624839861)]
[(6, 0.88066854478087908)]
[(2, 0.53357984200477504), (6, 0.30518066145836414)]
[(0, 0.39036894882463175), (4, 0.21430412725917836)]
[(4, 0.37961707972944952), (6, 0.43702240647360119)]
[(0, 0.23849743403909526), (6, 0.5028006623583704)]
[(2, 0.35530476692184187), (6, 0.40589618245942294)]
[(4, 0.49904437226413895)]
[(3, 0.43697334993017345), (4, 0.37597307547251418)]
[(4, 0.52441667047999307), (6, 0.29563030057378326)]
[(4, 0.74004395801816236)]
[(4, 0.45577211169498671), (6, 0.35258572458186782)]
[(4, 0.2742593666499375), (6, 0.28135065106472085)]
[(6, 0.45508109251728518)]
[(2, 0.2939525516809201), (3, 0.2403309332740711), (6, 0.26046005556761781)]
[(3, 0.42716870280116637), (6, 0.24172640762337888)]
[(3, 0.35208332340272364), (6, 0.35163890859460062)]
[(3, 0.57658549759324595)]
[(3, 0.54051008311021542), (6, 0.24949622355716047)]
[(3, 0.61541125486915849), (4, 0.3525673282524156)]
[(1, 0.25095478264275528), (6, 0.5136391232658245)]
[(6, 0.88067907646125598)]
[(2, 0.53357714222367358), (6, 0.30517818360307886)]
[(0, 0.39036853448767767), (4, 0.21430309840897632)]
[(4, 0.37961179993012223), (6, 0.4370271539268939)]
[(0, 0.23850044219868341), (6, 0.50280449552952722)]
[(2, 0.35530563232674384), (6, 0.40589614827767601)]
[(4, 0.49903505659029296)]
[(3, 0.43697107612355141), (4, 0.37604335108955422)]
[(4, 0.5243994899179022), (6, 0.29562314855646882)]
[(4, 0.74004654541904324)]
[(4, 0.45575698103438755), (6, 0.35257895445851228)]
[(4, 0.27425943889730448), (6, 0.28135074153715184)]
[(6, 0.45508416551738012)]
[(2, 0.29395334135053836), (3, 0.24032931248114178), (6, 0.26045910594227834)]
[(3, 0.42717390921935994), (6, 0.24171257688204756)]
[(3, 0.35208023489739387), (6, 0.35163837169566248)]
[(3, 0.57658543069387613)]
[(3, 0.54051047927736373), (6, 0.24949611818774123)]
[(3, 0.61541315469727687), (4, 0.35256970813310701)]
[(1, 0.25096912826368262), (6, 0.51364391734351611)]
[(6, 0.88067213568317759)]
[(2, 0.5335712192469978), (6, 0.30517261054878214)]
[(0, 0.39036867185073226), (4, 0.21430396969321486)]
[(4, 0.37960963528934871), (6, 0.437026535300019)]
[(0, 0.23850083318251786), (6, 0.50280499301980908)]
[(2, 0.35530615657483716), (6, 0.40589613144593584)]
[(4, 0.49902434617573599)]
[(3, 0.43697270310583125), (4, 0.37599264603896643)]
[(4, 0.52438663772191896), (6, 0.29561779687333023)]
[(4, 0.74002583141349343)]
[(4, 0.45576609126941026), (6, 0.35258304220786946)]
[(4, 0.27425906525083654), (6, 0.28135027475470581)]
[(6, 0.45508658537728924)]
[(2, 0.29394901119898664), (3, 0.24032436533031773), (6, 0.2604597549901545)]
[(3, 0.42716956357682773), (6, 0.24172411960846127)]
[(3, 0.35207948167238229), (6, 0.35163831093951403)]
[(3, 0.57658578135940775)]
[(3, 0.54050916698168472), (6, 0.24949637248274287)]
[(3, 0.61541282780077877), (4, 0.35257098149100863)]
[(1, 0.25095343617620125), (6, 0.51363848822619995)]
[(6, 0.88067543349970012)]
[(2, 0.5335748974136858), (6, 0.30517602360339374)]
[(0, 0.39036926951826412), (4, 0.21430511358039026)]
[(4, 0.37961564311885471), (6, 0.43703238508688552)]
[(0, 0.23850002207636239), (6, 0.50280396041642872)]
[(2, 0.35530482703557847), (6, 0.40589619427994944)]
[(4, 0.49899884151741736)]
[(3, 0.43697202149195785), (4, 0.37601405815871008)]
[(4, 0.52441048179192296), (6, 0.29562772457785147)]
[(4, 0.74003905491782396)]
[(4, 0.45576376454083534), (6, 0.35258199899597692)]
[(4, 0.27425899343021898), (6, 0.28135018420893532)]
[(6, 0.45508550631829225)]
[(2, 0.29395062842203157), (3, 0.24033626654426257), (6, 0.26046028229423074)]
[(3, 0.4271715036764917), (6, 0.24171896184741648)]
[(3, 0.35207723364630983), (6, 0.35163795980852025)]
[(3, 0.57658574710325416)]
[(3, 0.54051483789742683), (6, 0.24949536836514072)]
[(3, 0.61541753922747156), (4, 0.35257730376174434)]
[(1, 0.25088295056059146), (6, 0.51361514123351304)]
[(6, 0.88068093760413269)]
[(2, 0.53357979327144545), (6, 0.30518082153480497)]
[(0, 0.39036822581971131), (4, 0.21429949329431602)]
[(4, 0.37961307687156548), (6, 0.43702606683302825)]
[(0, 0.23849968027368601), (6, 0.50280352496897851)]
[(2, 0.35530288380896963), (6, 0.40589626681070273)]
[(4, 0.49900696083649748)]
[(3, 0.43697114130632747), (4, 0.37604203186652224)]
[(4, 0.5243791450455072), (6, 0.29561467631312754)]
[(4, 0.74003737169924955)]
[(4, 0.45576663507500242), (6, 0.3525832755594755)]
[(4, 0.27425989447999727), (6, 0.28135131039686345)]
[(6, 0.45508322621656361)]
[(2, 0.29395374621604486), (3, 0.24032774013148372), (6, 0.26045961141496887)]
[(3, 0.42717362763433836), (6, 0.24171333931640354)]
[(3, 0.3520819727442247), (6, 0.35163862559421682)]
[(3, 0.57658563922576567)]
[(3, 0.54051518882030281), (6, 0.2494953171343848)]
[(3, 0.61541119609950867), (4, 0.35256851149215263)]
[(1, 0.25087841759763224), (6, 0.51361321765041301)]
[(6, 0.88067394131009724)]
[(2, 0.53357949628690549), (6, 0.3051806099832356)]
[(0, 0.39036795273187785), (4, 0.21430115996138727)]
[(4, 0.37960754968961175), (6, 0.4370267980942838)]
[(0, 0.23849964946222746), (6, 0.50280348579694456)]
[(2, 0.35530312366497752), (6, 0.40589625670401036)]
[(4, 0.49903458002847295)]
[(3, 0.43697046208806206), (4, 0.37606150530185756)]
[(4, 0.52452184717671291), (6, 0.29567403404256132)]
[(4, 0.74004164142229711)]
[(4, 0.45576299495057732), (6, 0.35258165066250552)]
[(4, 0.27425927936020783), (6, 0.28135054109267388)]
[(6, 0.45508577285000196)]
[(2, 0.29394859985281346), (3, 0.24032293933991314), (6, 0.26045985641212588)]
[(3, 0.42716793524585178), (6, 0.24172844739971783)]
[(3, 0.35207999422728825), (6, 0.35163820816502189)]
[(3, 0.57658170148600785)]
[(3, 0.54051308450136859), (6, 0.24949561328929235)]
[(3, 0.61541791827529457), (4, 0.35257773432866196)]
[(1, 0.25095854298204229), (6, 0.51364060118095778)]
[(6, 0.88067834818328916)]
[(2, 0.53357712293837012), (6, 0.30517817030088962)]
[(0, 0.39037000093371632), (4, 0.2143032447663519)]
[(4, 0.37962110859501091), (6, 0.43702309236432274)]
[(0, 0.23850078264880359), (6, 0.50280492873049232)]
[(2, 0.3553040639187634), (6, 0.40589621560598843)]
[(4, 0.49901686168506576)]
[(3, 0.43697276992039913), (4, 0.37599155175872717)]
[(4, 0.52443680004966431), (6, 0.29563867729852461)]
[(4, 0.74004499218027642)]
[(4, 0.45576109771229784), (6, 0.35258081286161358)]
[(4, 0.27425892018516967), (6, 0.28135009222973989)]
[(6, 0.45508111103239479)]
[(2, 0.29395220148446405), (3, 0.24033283116330167), (6, 0.26046060654042519)]
[(3, 0.42717266439342522), (6, 0.24171588037229499)]
[(3, 0.35208117075537926), (6, 0.35163841060885875)]
[(3, 0.57658485167489426)]
[(3, 0.54051228939243279), (6, 0.2494957584132447)]
[(3, 0.61541803327174027), (4, 0.35257792459352422)]
[(1, 0.2509148041232257), (6, 0.5136266262848439)]
[(6, 0.88067834941837797)]
[(2, 0.5335754381268728), (6, 0.30517644310064324)]
[(0, 0.39036896853368586), (4, 0.21430409644693491)]
[(4, 0.37962297970367814), (6, 0.43702255350818198)]
[(0, 0.23849989297386928), (6, 0.50280379621858751)]
[(2, 0.35530620397296153), (6, 0.40589613534722097)]
[(4, 0.499043698695323)]
[(3, 0.4369708770242694), (4, 0.37604835443046325)]
[(4, 0.52433013218082325), (6, 0.29559425259348904)]
[(4, 0.74004493937448013)]
[(4, 0.45576181483189293), (6, 0.35258113560920096)]
[(4, 0.27425932778638507), (6, 0.28135060164556253)]
[(6, 0.45508416903270504)]
[(2, 0.29394839260439481), (3, 0.24032325260598963), (6, 0.26045994595220001)]
[(3, 0.42716924293877351), (6, 0.24172496982641808)]
[(3, 0.35207820883435437), (6, 0.35163805785172075)]
[(3, 0.57658675219914135)]
[(3, 0.54051414455320801), (6, 0.2494954807941458)]
[(3, 0.615418053496122), (4, 0.35257754240644412)]
[(1, 0.25095061727975976), (6, 0.5136383034506129)]
[(6, 0.88068274387187329)]
[(2, 0.53357643829997248), (6, 0.30517767832836368)]
[(0, 0.39036878991324708), (4, 0.21430356211985713)]
[(4, 0.37961700929728892), (6, 0.4370250283251908)]
[(0, 0.23849943884697586), (6, 0.50280321787744764)]
[(2, 0.35530455196725136), (6, 0.40589620759887129)]
[(4, 0.49901416627384176)]
[(3, 0.436970612228191), (4, 0.37605717348043827)]
[(4, 0.52444002552429114), (6, 0.29564001925542083)]
[(4, 0.74004529676800546)]
[(4, 0.45577329928423976), (6, 0.35258625434622104)]
[(4, 0.27425959798082794), (6, 0.2813509385355013)]
[(6, 0.45508841726788396)]
[(2, 0.29394935213517442), (3, 0.24033205430105825), (6, 0.26045961567798426)]
[(3, 0.42716745889787883), (6, 0.24172971492638778)]
[(3, 0.35208238462091096), (6, 0.35163862615048902)]
[(3, 0.57658489678966285)]
[(3, 0.54050885118693692), (6, 0.24949646038264783)]
[(3, 0.61541229354652849), (4, 0.35257064168260477)]
[(1, 0.25097103347694999), (6, 0.51364359108327107)]
[(6, 0.88067532967904982)]
[(2, 0.53357430458725308), (6, 0.30517612306099617)]
[(0, 0.39036928379321251), (4, 0.21430392799905221)]
[(4, 0.37961558298666248), (6, 0.43702516691328236)]
[(0, 0.23849940128895622), (6, 0.50280316952038384)]
[(2, 0.35530457191535336), (6, 0.40589620308000696)]
[(4, 0.49901802717082133)]
[(3, 0.43697282097885953), (4, 0.37599021001363508)]
[(4, 0.52444736103409273), (6, 0.29564307088879971)]
[(4, 0.74004572029937499)]
[(4, 0.45576851822521514), (6, 0.35258412302350628)]
[(4, 0.27425966913178229), (6, 0.28135102496944991)]
[(6, 0.45508371649385149)]
[(2, 0.29395510447436901), (3, 0.24033034584671456), (6, 0.2604582870004149)]
[(3, 0.42717376115789957), (6, 0.24171297287190982)]
[(3, 0.35207755234944349), (6, 0.35163798502629418)]
[(3, 0.5765817398942914)]
[(3, 0.54050979020568068), (6, 0.24949623769788451)]
[(3, 0.61541320155906631), (4, 0.35257160936156096)]
[(1, 0.2508955785656769), (6, 0.51361900254142634)]
[(6, 0.88067481054130148)]
[(2, 0.53357223815107291), (6, 0.30517387178954153)]
[(0, 0.39036910587147122), (4, 0.21430278613693704)]
[(4, 0.37961830785428635), (6, 0.43702439402280374)]
[(0, 0.23850009793296514), (6, 0.50280405719120869)]
[(2, 0.35530241592683426), (6, 0.40589628377919046)]
[(4, 0.49903235354162773)]
[(3, 0.43697259636217289), (4, 0.37599685997752752)]
[(4, 0.52436746218562047), (6, 0.29560980974803441)]
[(4, 0.74003469368307551)]
[(4, 0.4557588887708276), (6, 0.35257980944168793)]
[(4, 0.2742590961547926), (6, 0.28135031250642056)]
[(6, 0.45508274026809536)]
[(2, 0.2939478331227322), (3, 0.24032431219629985), (6, 0.2604601911095899)]
[(3, 0.42717087291193712), (6, 0.24172065348181354)]
[(3, 0.35207820959652764), (6, 0.35163810873302154)]
[(3, 0.57658592983160439)]
[(3, 0.54051583880206011), (6, 0.24949522983503505)]
[(3, 0.61541089719092579), (4, 0.35256831405076217)]
[(1, 0.25089867632233825), (6, 0.5136206930828926)]
[(6, 0.88067099061189358)]
[(2, 0.53358024187052), (6, 0.30518115569682025)]
[(0, 0.3903685584140974), (4, 0.21430279959159446)]
[(4, 0.37962241567210431), (6, 0.43702260166430446)]
[(0, 0.23850083583083387), (6, 0.50280499650574817)]
[(2, 0.35530601868413758), (6, 0.40589613169671612)]
[(4, 0.49903927853050595)]
[(3, 0.43697156701862222), (4, 0.37602791679910313)]
[(4, 0.52435008738951616), (6, 0.29560257020880304)]
[(4, 0.74003752191007166)]
[(4, 0.45576350938644006), (6, 0.35258188821570235)]
[(4, 0.27425978470968942), (6, 0.28135117084370409)]
[(6, 0.45508359310032936)]
[(2, 0.29395290972270338), (3, 0.24033142684308856), (6, 0.26045836624305535)]
[(3, 0.4271680721528095), (6, 0.241728080329493)]
[(3, 0.35207758695592839), (6, 0.35163809093379589)]
[(3, 0.5765858879561977)]
[(3, 0.54051058272466124), (6, 0.24949610560326435)]
[(3, 0.61541303964405425), (4, 0.35256977064120998)]
[(1, 0.25094756291488074), (6, 0.51363708235146999)]
[(6, 0.88068155491375488)]
[(2, 0.53357767079122598), (6, 0.30517876931713106)]
[(0, 0.3903679366686284), (4, 0.21430323130264686)]
[(4, 0.37960746531185224), (6, 0.43702630050382346)]
[(0, 0.23849924094944813), (6, 0.50280296572333794)]
[(2, 0.35530432233337667), (6, 0.40589621032411982)]
[(4, 0.49900648269107017)]
[(3, 0.43697216483676471), (4, 0.37601008855342849)]
[(4, 0.52435526482109285), (6, 0.29560472772981489)]
[(4, 0.74004765842202336)]
[(4, 0.45575879725410012), (6, 0.35257979301164738)]
[(4, 0.27425930492335993), (6, 0.28135057089046039)]
[(6, 0.45508486592942465)]
[(2, 0.29395036635108629), (3, 0.24032818113185564), (6, 0.26046047519298654)]
[(3, 0.4271730577286077), (6, 0.24171484139254365)]
[(3, 0.35208151690751655), (6, 0.35163861727168683)]
[(3, 0.57658432695866946)]
[(3, 0.54051461010197466), (6, 0.24949534674431348)]
[(3, 0.6154116810109107), (4, 0.35257015940965813)]
[(1, 0.25097221482474563), (6, 0.51364432685724781)]
[(6, 0.88068418602102216)]
[(2, 0.5335804638902254), (6, 0.30518141883522676)]
[(0, 0.39036877420510341), (4, 0.2143047932580624)]
[(4, 0.37961205644741031), (6, 0.43702631782442719)]
[(0, 0.23849929832950525), (6, 0.50280303910593693)]
[(2, 0.35530347508751237), (6, 0.40589624569747468)]
[(4, 0.49900802430451957)]
[(3, 0.43697205548455836), (4, 0.37601289896897383)]
[(4, 0.52432323076217924), (6, 0.2955913752627482)]
[(4, 0.74003119896837211)]
[(4, 0.45575987977500271), (6, 0.35258026809876386)]
[(4, 0.27425959347946371), (6, 0.28135093225379049)]
[(6, 0.45508477746196208)]
[(2, 0.29395297957606648), (3, 0.24033060670330786), (6, 0.26045871115696079)]
[(3, 0.4271695710015288), (6, 0.24172409742034892)]
[(3, 0.35208151131182103), (6, 0.35163856341704841)]
[(3, 0.57658510236638272)]
[(3, 0.54051614570463535), (6, 0.24949519426518302)]
[(3, 0.61540926543956531), (4, 0.35256490151617287)]
[(1, 0.25096685815570086), (6, 0.513643100210463)]
[(6, 0.88067799065591867)]
[(2, 0.53357136849244746), (6, 0.30517350830385853)]
[(0, 0.39037000004892319), (4, 0.21430413747052879)]
[(4, 0.3796086003974587), (6, 0.43702651217330424)]
[(0, 0.23849998075216444), (6, 0.50280390792872853)]
[(2, 0.35530608221694238), (6, 0.40589614469676066)]
[(4, 0.49903523662953375)]
[(3, 0.43697255653283312), (4, 0.37599864075719774)]
[(4, 0.52446073031030604), (6, 0.29564863154277343)]
[(4, 0.7400380197646883)]
[(4, 0.45576745133895824), (6, 0.35258364158712374)]
[(4, 0.27425973692898525), (6, 0.28135111412085678)]
[(6, 0.45508460835580627)]
[(2, 0.2939520776637396), (3, 0.24033360183410507), (6, 0.26045946589225166)]
[(3, 0.42716903418563879), (6, 0.24172552578407411)]
[(3, 0.35207861922935774), (6, 0.35163819519564327)]
[(3, 0.57658457998418999)]
[(3, 0.54051062500778613), (6, 0.24949611867818591)]
[(3, 0.61541066734094463), (4, 0.35256935071378065)]
[(1, 0.25097134505511598), (6, 0.51364369282522149)]
[(6, 0.88067713759325139)]
[(2, 0.53358034312186098), (6, 0.30518128197615291)]
[(0, 0.39036948558128037), (4, 0.21430299820929849)]
[(4, 0.37962094247270506), (6, 0.43702289307184272)]
[(0, 0.23850046028628941), (6, 0.50280451855318353)]
[(2, 0.35530508312275055), (6, 0.40589618261344806)]
[(4, 0.49903961778093281)]
[(3, 0.43697046756826213), (4, 0.37606133764108601)]
[(4, 0.52446479692667491), (6, 0.29565032268589025)]
[(4, 0.74004697273812703)]
[(4, 0.45576297546787653), (6, 0.35258164914761114)]
[(4, 0.27425930398066473), (6, 0.28135057061628693)]
[(6, 0.45508348243363789)]
[(2, 0.29395288481988707), (3, 0.24033347432336871), (6, 0.26045997234978141)]
[(3, 0.42717192256140413), (6, 0.24171786643954679)]
[(3, 0.35207757253822325), (6, 0.35163798559751314)]
[(3, 0.57658532247155536)]
[(3, 0.54051072623187302), (6, 0.24949609813637827)]
[(3, 0.61541216829196965), (4, 0.3525699944899347)]
[(1, 0.25096882905437146), (6, 0.51364319000722825)]
[(6, 0.88067628144953336)]
[(2, 0.53358121192461538), (6, 0.30518212278075635)]
[(0, 0.39036977909064102), (4, 0.21430136656876517)]
[(4, 0.37961982604749112), (6, 0.43702500404050426)]
[(0, 0.23850015998924814), (6, 0.50280413607933749)]
[(2, 0.35530328809675582), (6, 0.40589625560134113)]
[(4, 0.49901090200071307)]
[(3, 0.43697245912473376), (4, 0.37600041565057035)]
[(4, 0.52447136977395248), (6, 0.29565305579822176)]
[(4, 0.74002678272632294)]
[(4, 0.455772604759627), (6, 0.35258594173027513)]
[(4, 0.27425945825918091), (6, 0.28135076313752255)]
[(6, 0.45508359218555028)]
[(2, 0.29395193131817643), (3, 0.24033670229164303), (6, 0.26045862560940714)]
[(3, 0.4271708793676911), (6, 0.24172062430441357)]
[(3, 0.35208133367760075), (6, 0.35163858592652419)]
[(3, 0.57658602482392896)]
[(3, 0.54051623641943369), (6, 0.24949518701555756)]
[(3, 0.61541011618733954), (4, 0.35256670686032215)]
[(1, 0.2509031249638029), (6, 0.51362177571840728)]
[(6, 0.8806781555009866)]
[(2, 0.53357934969554444), (6, 0.30518009699229715)]
[(0, 0.39036906384593706), (4, 0.21430410477403944)]
[(4, 0.37961356597787138), (6, 0.43702612547180891)]
[(0, 0.23850059261726947), (6, 0.50280468718578897)]
[(2, 0.35530326158754116), (6, 0.40589625459527617)]
[(4, 0.49895608292727517)]
[(3, 0.43697244910535776), (4, 0.37600195826226973)]
[(4, 0.52448745330078672), (6, 0.29565974221102409)]
[(4, 0.74003396701461455)]
[(4, 0.45576139331518867), (6, 0.35258091881152864)]
[(4, 0.27425903687717557), (6, 0.28135023676589144)]
[(6, 0.45508626846204636)]
[(2, 0.29394856081532922), (3, 0.24032406382285007), (6, 0.26046016024792257)]
[(3, 0.42717183209997789), (6, 0.24171810162624424)]
[(3, 0.35208089993343805), (6, 0.35163863697262526)]
[(3, 0.57658594048565492)]
[(3, 0.54050828406575357), (6, 0.24949657522731747)]
[(3, 0.61540997183526713), (4, 0.35256794514069439)]
[(1, 0.25089030239530757), (6, 0.51361735338331116)]
[(6, 0.88067899791358795)]
[(2, 0.5335723723908351), (6, 0.30517364710154293)]
[(0, 0.39036823180129498), (4, 0.21430328516998054)]
[(4, 0.37960685984078635), (6, 0.4370257019250095)]
[(0, 0.23850022995968784), (6, 0.50280422529393498)]
[(2, 0.35530264927827937), (6, 0.40589627606327106)]
[(4, 0.49902580174043087)]
[(3, 0.43697234766346987), (4, 0.3760044586376749)]
[(4, 0.52440465901709221), (6, 0.29562530061855757)]
[(4, 0.74003970450399481)]
[(4, 0.45575735845373183), (6, 0.35257914849422239)]
[(4, 0.2742591401840761), (6, 0.28135036755845794)]
[(6, 0.45507908027425464)]
[(2, 0.29395533266891377), (3, 0.24033029812976323), (6, 0.26045965649311376)]
[(3, 0.42716774374472827), (6, 0.24172895553922027)]
[(3, 0.35208078940721071), (6, 0.35163861336835317)]
[(3, 0.5765863045366062)]
[(3, 0.5405139292812845), (6, 0.24949551555857824)]
[(3, 0.6154137766169393), (4, 0.35257341600514819)]
[(1, 0.25097595552690011), (6, 0.51364566231629671)]
[(6, 0.88067946601530467)]
[(2, 0.53357066040672585), (6, 0.305172302779677)]
[(0, 0.39036924887221447), (4, 0.21430122326558146)]
[(4, 0.3796057107892663), (6, 0.43702601214624104)]
[(0, 0.23850061592063018), (6, 0.50280471681487826)]
[(2, 0.35530309483927663), (6, 0.40589626429375864)]
[(4, 0.49893133323609368)]
[(3, 0.43697271605449167), (4, 0.3759934649489603)]
[(4, 0.52453639890164938), (6, 0.29568007801197077)]
[(4, 0.74004659446216692)]
[(4, 0.45576760414023376), (6, 0.35258370537843531)]
[(4, 0.27425939640975733), (6, 0.28135068482015901)]
[(6, 0.45508539592057945)]
[(2, 0.29395270533924789), (3, 0.24033248411970104), (6, 0.26045894854460833)]
[(3, 0.42716787432162573), (6, 0.24172860819644884)]
[(3, 0.35207780363097396), (6, 0.3516381608737551)]
[(3, 0.57658559899967332)]
[(3, 0.54051414635114214), (6, 0.24949543092701992)]
[(3, 0.61541178956823228), (4, 0.35256986408301594)]
[(1, 0.25098864166195656), (6, 0.51364947191498678)]
[(6, 0.88068153048606101)]
[(2, 0.53356774104396421), (6, 0.30516915153899926)]
[(0, 0.39036853376335201), (4, 0.21430526098811847)]
[(4, 0.37961825725563442), (6, 0.43702573938262584)]
[(0, 0.23850030892374252), (6, 0.50280432583641665)]
[(2, 0.35530278813483956), (6, 0.40589626929081757)]
[(4, 0.49897016743035078)]
[(3, 0.43697150183294964), (4, 0.376029431483973)]
[(4, 0.52444127142234931), (6, 0.29564053758893527)]
[(4, 0.74004527881733284)]
[(4, 0.45576546236476762), (6, 0.35258275695432162)]
[(4, 0.27425965007541947), (6, 0.28135100305124194)]
[(6, 0.45508038896847769)]
[(2, 0.29395309057492264), (3, 0.24033056142985432), (6, 0.26045772095621617)]
[(3, 0.42717124922272393), (6, 0.24171964699664761)]
[(3, 0.35207862445854471), (6, 0.35163819919301131)]
[(3, 0.57658610577023073)]
[(3, 0.54051367225832192), (6, 0.24949555789820962)]
[(3, 0.61541735821609156), (4, 0.35257642300294745)]
[(1, 0.25091817608981143), (6, 0.51362702120010673)]
[(6, 0.88068005725413889)]
[(2, 0.53357295544424388), (6, 0.3051742214194742)]
[(0, 0.3903687450289795), (4, 0.21430430460121039)]
[(4, 0.37961695498917442), (6, 0.43702643686589998)]
[(0, 0.23850015538059446), (6, 0.50280413023122272)]
[(2, 0.35530407657295265), (6, 0.40589622083090593)]
[(4, 0.49893559314535452)]
[(3, 0.43697048502372648), (4, 0.37606031481982999)]
[(4, 0.52443483247417821), (6, 0.29563785865011244)]
[(4, 0.7400452279031895)]
[(4, 0.45575775685760495), (6, 0.35257930378570362)]
[(4, 0.27425941956375122), (6, 0.28135071819129592)]
[(6, 0.4550819011677501)]
[(2, 0.29394901850325705), (3, 0.24032283952981431), (6, 0.26045961839493381)]
[(3, 0.42717014698579342), (6, 0.24172255858194552)]
[(3, 0.35207919728516007), (6, 0.35163806570638195)]
[(3, 0.57658577681276391)]
[(3, 0.54051062026016905), (6, 0.24949612189010795)]
[(3, 0.61541680403384003), (4, 0.35257643931308974)]
[(1, 0.25097307938523233), (6, 0.51364401651573011)]
[(6, 0.88067798771322359)]
[(2, 0.53357071890000929), (6, 0.30517243339544564)]
[(0, 0.3903700661240701), (4, 0.21430361941544124)]
[(4, 0.37961018353268355), (6, 0.4370261863317923)]
[(0, 0.23850087364745581), (6, 0.50280504473262944)]
[(2, 0.35530628144671539), (6, 0.40589612197192609)]
[(4, 0.49904193431814292)]
[(3, 0.43697146468908976), (4, 0.37603093781444702)]
[(4, 0.52456334048252518), (6, 0.29569126368457821)]
[(4, 0.74002325251938916)]
[(4, 0.45576575725652452), (6, 0.35258288900647999)]
[(4, 0.27425965025640126), (6, 0.28135100317572309)]
[(6, 0.45508240050526172)]
[(2, 0.29394850098023206), (3, 0.24032394590935577), (6, 0.26045971223294173)]
[(3, 0.42717151916648333), (6, 0.2417189199906902)]
[(3, 0.35208148223820901), (6, 0.3516386236002591)]
[(3, 0.57658581999993341)]
[(3, 0.54051263027118024), (6, 0.2494957453072999)]
[(3, 0.61540917971276432), (4, 0.35256636433730842)]
[(1, 0.2509898717152762), (6, 0.51364975942688984)]
[(6, 0.88067277844667802)]
[(2, 0.53357121657506323), (6, 0.30517318209991268)]
[(0, 0.39036999210359291), (4, 0.21430413956891922)]
[(4, 0.37961268921873609), (6, 0.437025728059944)]
[(0, 0.23850023901364339), (6, 0.50280423688525244)]
[(2, 0.35530274220221364), (6, 0.40589626892576086)]
[(4, 0.49896325257725815)]
[(3, 0.43697185204308708), (4, 0.37601930499205027)]
[(4, 0.52431496006144507), (6, 0.29558792656442773)]
[(4, 0.74003086709557697)]
[(4, 0.45576748676309348), (6, 0.35258365681959331)]
[(4, 0.27425932514969981), (6, 0.28135059707064691)]
[(6, 0.45507816506294085)]
[(2, 0.29394889402130669), (3, 0.24032367037886404), (6, 0.26045965033622759)]
[(3, 0.42716955544016111), (6, 0.24172414321121216)]
[(3, 0.35208016471824594), (6, 0.35163829779400274)]
[(3, 0.57658608026914204)]
[(3, 0.54051490342952058), (6, 0.24949535855398799)]
[(3, 0.61541211864804279), (4, 0.3525705975744966)]
[(1, 0.25094866456845666), (6, 0.51363807540780126)]
[(6, 0.88068257850673859)]
[(2, 0.53357488682916832), (6, 0.3051763489863572)]
[(0, 0.39036877738385689), (4, 0.21430289457842516)]
[(4, 0.37960732746271814), (6, 0.43702589455471641)]
[(0, 0.23849974387840553), (6, 0.50280360654778067)]
[(2, 0.35530441712524191), (6, 0.40589620087482708)]
[(4, 0.49897766190342135)]
[(3, 0.43697135646496493), (4, 0.37603420116065817)]
[(4, 0.52433297220851738), (6, 0.29559543654660825)]
[(4, 0.74002907723735045)]
[(4, 0.45577327171476695), (6, 0.35258624078462697)]
[(4, 0.27425904902008791), (6, 0.28135025273875991)]
[(6, 0.4550824397607372)]
[(2, 0.29394915371448066), (3, 0.24032237366531048), (6, 0.26046001072497632)]
[(3, 0.4271697279708575), (6, 0.24172369067920191)]
[(3, 0.35207920353447536), (6, 0.35163827297808153)]
[(3, 0.57658556926412652)]
[(3, 0.54051582654608288), (6, 0.24949522738918015)]
[(3, 0.61541097241198917), (4, 0.35256762711297551)]
[(1, 0.25097576443039055), (6, 0.51364613939917692)]
[(6, 0.88067525355970233)]
[(2, 0.5335730580880923), (6, 0.30517429848456001)]
[(0, 0.39036826763826021), (4, 0.21430545287750083)]
[(4, 0.37961061675335589), (6, 0.437025990644761)]
[(0, 0.23849965612898893), (6, 0.50280349464662522)]
[(2, 0.35530500119925079), (6, 0.40589615094198306)]
[(4, 0.49896587253997843)]
[(3, 0.43697366965981815), (4, 0.37596520612399514)]
[(4, 0.52432183573032187), (6, 0.29559079360279877)]
[(4, 0.7400244732147333)]
[(4, 0.45575984933799468), (6, 0.35258025696188788)]
[(4, 0.27426002824158224), (6, 0.28135147735491156)]
[(6, 0.45508545291241725)]
[(2, 0.29395313974834453), (3, 0.24032963007933686), (6, 0.26045919975432469)]
[(3, 0.42716926692327972), (6, 0.24172490653599965)]
[(3, 0.35207801248795595), (6, 0.35163810913191984)]
[(3, 0.57658585219200331)]
[(3, 0.54051085473213845), (6, 0.24949607573109953)]
[(3, 0.61541067818420347), (4, 0.35256753575359301)]
[(1, 0.25088326664341187), (6, 0.51361572959106383)]
[(6, 0.8806774083550799)]
[(2, 0.53357991606528798), (6, 0.30518087361559676)]
[(0, 0.39036817340064789), (4, 0.21430163074673172)]
[(4, 0.37961610849595301), (6, 0.43702642017829574)]
[(0, 0.23850119182250185), (6, 0.50280544958341022)]
[(2, 0.35530331845826163), (6, 0.40589625472348856)]
[(4, 0.49893307209099619)]
[(3, 0.43697046115495741), (4, 0.37606114135422958)]
[(4, 0.5243680503498992), (6, 0.29561005477676477)]
[(4, 0.7400269676333463)]
[(4, 0.45577318048338222), (6, 0.35258619908823052)]
[(4, 0.27425928869092475), (6, 0.28135055403313936)]
[(6, 0.45507959198946707)]
[(2, 0.29395191482615463), (3, 0.24033375983299604), (6, 0.26045937179133283)]
[(3, 0.42716750841020495), (6, 0.24172957978515811)]
[(3, 0.3520773546440002), (6, 0.35163800705547765)]
[(3, 0.57658572162842869)]
[(3, 0.54051360635080825), (6, 0.24949557368209466)]
[(3, 0.61541063956194109), (4, 0.35256711210364144)]
[(1, 0.25092424735618102), (6, 0.5136293165002912)]
[(6, 0.88067434659588484)]
[(2, 0.53357991604316757), (6, 0.30518121964623074)]
[(0, 0.39036824540807485), (4, 0.21430247240537706)]
[(4, 0.37961319493196394), (6, 0.43702549351959391)]
[(0, 0.23849971839732256), (6, 0.50280357425276612)]
[(2, 0.35530460212889942), (6, 0.40589618996403726)]
[(4, 0.49901865870592821)]
[(3, 0.4369727406896981), (4, 0.37599231667321276)]
[(4, 0.52451145885657091), (6, 0.29566971831015632)]
[(4, 0.74004625203371899)]
[(4, 0.45576332702951039), (6, 0.35258180693083613)]
[(4, 0.27425912543501174), (6, 0.28135034861825697)]
[(6, 0.45508229188264404)]
[(2, 0.2939508175765308), (3, 0.2403315148107289), (6, 0.26046064964587212)]
[(3, 0.42716975951012076), (6, 0.24172360071461196)]
[(3, 0.35207879581069118), (6, 0.35163822535679184)]
[(3, 0.57658640501749758)]
[(3, 0.54051394974837108), (6, 0.24949551431272207)]
[(3, 0.61541143312863), (4, 0.35256866615190868)]
[(1, 0.25097648006403994), (6, 0.51364541021446275)]
[(6, 0.88067496046363536)]
[(2, 0.53357750418777472), (6, 0.30517874126419148)]
[(0, 0.39036963005606223), (4, 0.21430409849196147)]
[(4, 0.37961338723730664), (6, 0.43702633915478872)]
[(0, 0.23849839344635712), (6, 0.50280188525393021)]
[(2, 0.35530490060567782), (6, 0.4058961772703491)]
[(4, 0.49897537933749447)]
[(3, 0.43697141531501765), (4, 0.37603178315098251)]
[(4, 0.52438719740889717), (6, 0.29561802995500269)]
[(4, 0.74004759576737567)]
[(4, 0.45575838787594031), (6, 0.35257960854613757)]
[(4, 0.27425888660670067), (6, 0.28135005314686562)]
[(6, 0.45508189689673989)]
[(2, 0.29395233596458603), (3, 0.24033314481326226), (6, 0.26045965147088707)]
[(3, 0.42717241826052255), (6, 0.24171653026011208)]
[(3, 0.3520787627378355), (6, 0.35163818893063037)]
[(3, 0.57658563266070639)]
[(3, 0.54051509686183297), (6, 0.24949529656869143)]
[(3, 0.61540850040764705), (4, 0.35256536435045516)]
[(1, 0.25086945671644312), (6, 0.51360950268795036)]
[(6, 0.88068004210119699)]
[(2, 0.53358268904496042), (6, 0.30518405828205891)]
[(0, 0.39036804683495563), (4, 0.21430482820766777)]
[(4, 0.3796112627298644), (6, 0.43702676291355735)]
[(0, 0.23850117494830178), (6, 0.50280542815320917)]
[(2, 0.35530618282542642), (6, 0.4058961315713876)]
[(4, 0.49903840816750777)]
[(3, 0.43697126743173931), (4, 0.3760376523184048)]
[(4, 0.5245810936834111), (6, 0.29569863141720426)]
[(4, 0.74004459761666397)]
[(4, 0.45576549418595835), (6, 0.35258284955630759)]
[(4, 0.27425885411210676), (6, 0.28135001072275778)]
[(6, 0.45508616109590216)]
[(2, 0.29394766940668532), (3, 0.24032400492305037), (6, 0.26046001787898099)]
[(3, 0.42717085730890247), (6, 0.24172067711230857)]
[(3, 0.35207809726515671), (6, 0.35163822630058217)]
[(3, 0.57658620712903486)]
[(3, 0.54051576190317796), (6, 0.24949524399530368)]
[(3, 0.6154118735272569), (4, 0.35257071226109227)]
[(1, 0.2509627052702495), (6, 0.51364175078046659)]
[(6, 0.88067905498959032)]
[(2, 0.53357850175018939), (6, 0.30517954078891768)]
[(0, 0.39036838877259622), (4, 0.21430243103739707)]
[(4, 0.37961363171969803), (6, 0.43702627905630814)]
[(0, 0.23850051459342261), (6, 0.50280458765299774)]
[(2, 0.35530401266286138), (6, 0.40589622141374682)]
[(4, 0.49898016151691532)]
[(3, 0.43697307782088368), (4, 0.37598165666832523)]
[(4, 0.52433406219164447), (6, 0.29559589092301936)]
[(4, 0.74003283372889372)]
[(4, 0.45575618230638187), (6, 0.35257860468830127)]
[(4, 0.27425964108062706), (6, 0.28135099123986207)]
[(6, 0.45508072167011504)]
[(2, 0.29394832178823593), (3, 0.24032418911736059), (6, 0.26045987615542898)]
[(3, 0.42716739157330408), (6, 0.24172989268075598)]
[(3, 0.35208234866026511), (6, 0.35163872704116333)]
[(3, 0.57658466894131055)]
[(3, 0.5405140938395474), (6, 0.24949548957076573)]
[(3, 0.61541130356029394), (4, 0.35256845425427741)]
[(1, 0.25097721736886192), (6, 0.51364603877687087)]
[(6, 0.88068098623013569)]
[(2, 0.53357159837395085), (6, 0.30517331422653066)]
[(0, 0.39036922541131663), (4, 0.21430000501845145)]
[(4, 0.37960883326758788), (6, 0.43702665433307808)]
[(0, 0.23850026502780522), (6, 0.50280426988752058)]
[(2, 0.35530341793423825), (6, 0.40589623943712549)]
[(4, 0.4989534079913524)]
[(3, 0.43697025931255279), (4, 0.37606805389681619)]
[(4, 0.52443469661347142), (6, 0.29563780212148605)]
[(4, 0.74004323421750273)]
[(4, 0.4557700285916465), (6, 0.3525847946947247)]
[(4, 0.27425910921529278), (6, 0.28135032906440338)]
[(6, 0.45508313194261285)]
[(2, 0.29394840043026593), (3, 0.24032389283297617), (6, 0.26045979018697663)]
[(3, 0.42717279396578045), (6, 0.24171553891687006)]
[(3, 0.35208164303333939), (6, 0.35163846272692584)]
[(3, 0.57658510981242372)]
[(3, 0.54051014683909304), (6, 0.24949617287593939)]
[(3, 0.61541262486839743), (4, 0.35257192351311784)]
[(1, 0.25093946700236119), (6, 0.51363526531452897)]
[(6, 0.8806709338361105)]
[(2, 0.53357965799036733), (6, 0.3051809018777778)]
[(0, 0.39036836289780408), (4, 0.21430529460172368)]
[(4, 0.379614611825494), (6, 0.43702628810679001)]
[(0, 0.23850010795731191), (6, 0.50280407003526761)]
[(2, 0.35530515505932575), (6, 0.40589618024879637)]
[(4, 0.49901216632984413)]
[(3, 0.436970682315245), (4, 0.376054169581713)]
[(4, 0.5243616251793165), (6, 0.29560737791034974)]
[(4, 0.7400321146031118)]
[(4, 0.4557711830455014), (6, 0.35258530334300109)]
[(4, 0.27425906634610775), (6, 0.28135027684959202)]
[(6, 0.45508400456273607)]
[(2, 0.29395235357884542), (3, 0.24033274993672571), (6, 0.26045905173469441)]
[(3, 0.42717356674721862), (6, 0.24171348698118025)]
[(3, 0.35207790136297118), (6, 0.35163807510597123)]
[(3, 0.57658578379892877)]
[(3, 0.54051147471356698), (6, 0.24949591824763206)]
[(3, 0.61541206905424872), (4, 0.35256908199225384)]
[(1, 0.25087495683714284), (6, 0.51361227931378073)]
[(6, 0.88066971836634378)]
[(2, 0.53357549907757373), (6, 0.3051766498916455)]
[(0, 0.39036945214673807), (4, 0.2143004719639007)]
[(4, 0.37962131683117528), (6, 0.4370225939465463)]
[(0, 0.23849957770919569), (6, 0.50280339465190049)]
[(2, 0.35530434341484163), (6, 0.40589621122435432)]
[(4, 0.49891519498403425)]
[(3, 0.4369724185741628), (4, 0.37600171909698227)]
[(4, 0.52440862975808555), (6, 0.29562695362444963)]
[(4, 0.74004484508715818)]
[(4, 0.45576269913592282), (6, 0.35258152500362289)]
[(4, 0.27425910466975384), (6, 0.28135032199907856)]
[(6, 0.45508267199156516)]
[(2, 0.29395127644556557), (3, 0.24033598420396776), (6, 0.26045888449639232)]
[(3, 0.42717278288568189), (6, 0.24171556367475314)]
[(3, 0.35208015979967167), (6, 0.35163841106038785)]
[(3, 0.576585691527706)]
[(3, 0.54051359064440829), (6, 0.24949558379878617)]
[(3, 0.61540970084596824), (4, 0.35256683686092616)]
[(1, 0.25090020335445634), (6, 0.51362197992291958)]
[(6, 0.88067859310488428)]
[(2, 0.53357523383703909), (6, 0.30517699466627218)]
[(0, 0.39036916651077408), (4, 0.21430306606285063)]
[(4, 0.37962297398270722), (6, 0.43702305229403871)]
[(0, 0.23850045366193887), (6, 0.50280450985462632)]
[(2, 0.35530504277291891), (6, 0.40589616856196659)]
[(4, 0.49897776879164585)]
[(3, 0.43697155947077543), (4, 0.37602830629366513)]
[(4, 0.52441670953526509), (6, 0.29563031682930746)]
[(4, 0.74004496615002602)]
[(4, 0.45577348680798313), (6, 0.35258633689192698)]
[(4, 0.27425883707267845), (6, 0.28134999023896268)]
[(6, 0.45508760841761442)]
[(2, 0.29395288677420905), (3, 0.24033001622767672), (6, 0.26045951839706849)]
[(3, 0.42716968371973207), (6, 0.24172379686533702)]
[(3, 0.35208305006993279), (6, 0.35163894197973206)]
[(3, 0.57658605260331308)]
[(3, 0.54051293537582601), (6, 0.24949566212448551)]
[(3, 0.61541749952991598), (4, 0.35257743441014483)]
[(1, 0.25096277304420656), (6, 0.51364123745406864)]
[(6, 0.880677740363626)]
[(2, 0.53356879033426763), (6, 0.30517040104419885)]
[(0, 0.39036938068232174), (4, 0.21430488992172611)]
[(4, 0.37961087736645133), (6, 0.4370266386717338)]
[(0, 0.23850074879246821), (6, 0.50280488594236239)]
[(2, 0.35530452333754264), (6, 0.40589620256492698)]
[(4, 0.49893004220976367)]
[(3, 0.43697163722896554), (4, 0.37602553737914901)]
[(4, 0.52433199913853057), (6, 0.29559503089944683)]
[(4, 0.74004138812505937)]
[(4, 0.45575816348302806), (6, 0.35257948418395452)]
[(4, 0.27425900838176626), (6, 0.28135020216110668)]
[(6, 0.45508517183945002)]
[(2, 0.29394899115369932), (3, 0.24032277892290874), (6, 0.26045979435330169)]
[(3, 0.42716740806544939), (6, 0.24172984757758864)]
[(3, 0.35207862676423063), (6, 0.35163824368468277)]
[(3, 0.57658579819455769)]
[(3, 0.54050996012525943), (6, 0.24949624698615208)]
[(3, 0.6154107831849458), (4, 0.35256802128533299)]
[(1, 0.25098524749125878), (6, 0.51364877897536643)]
[(6, 0.88067058483949479)]
[(2, 0.53356841491993479), (6, 0.30517010881314427)]
[(0, 0.39036858177842954), (4, 0.21430308021174779)]
[(4, 0.37962311560468381), (6, 0.43702289872798122)]
[(0, 0.23850033117833033), (6, 0.50280435438338456)]
[(2, 0.35530596633778866), (6, 0.40589613758087728)]
[(4, 0.49899731574388839)]
[(3, 0.43697105256747226), (4, 0.37604415202159142)]
[(4, 0.52437928452195026), (6, 0.29561473440645814)]
[(4, 0.74002755592057312)]
[(4, 0.4557588924367752), (6, 0.3525798331346095)]
[(4, 0.27425905626678221), (6, 0.28135026082043202)]
[(6, 0.45508296368382645)]
[(2, 0.29394856671566671), (3, 0.24032465507471315), (6, 0.26045989535530101)]
[(3, 0.4271724421513462), (6, 0.24171646846794612)]
[(3, 0.35207758098116121), (6, 0.35163794599428005)]
[(3, 0.57658660893979496)]
[(3, 0.54051232468485588), (6, 0.24949576134914903)]
[(3, 0.61541009795744805), (4, 0.35256606697704379)]
[(1, 0.25089375424944438), (6, 0.51361835054251903)]
[(6, 0.8806778840558287)]
[(2, 0.53356837183684114), (6, 0.30516971851894081)]
[(0, 0.390370000714299), (4, 0.21430087356848962)]
[(4, 0.37960663162341635), (6, 0.43702628168516688)]
[(0, 0.23849994335267774), (6, 0.5028038597677944)]
[(2, 0.35530559657271127), (6, 0.40589615206255109)]
[(4, 0.49905125720026261)]
[(3, 0.43697161320950195), (4, 0.37602650837341561)]
[(4, 0.5244736418795084), (6, 0.29565400050387214)]
[(4, 0.74002284925447415)]
[(4, 0.45577336545270813), (6, 0.35258628039491258)]
[(4, 0.27426003622469269), (6, 0.28135148770358748)]
[(6, 0.45507906500666262)]
[(2, 0.29395180888388345), (3, 0.24033330444806064), (6, 0.26045937991074808)]
[(3, 0.42717357048312543), (6, 0.24171346915174002)]
[(3, 0.35207896315767379), (6, 0.35163832406233025)]
[(3, 0.57658505669260418)]
[(3, 0.54051477607478271), (6, 0.24949534603625551)]
[(3, 0.6154112405983051), (4, 0.35256914950040935)]
[(1, 0.2509689654476206), (6, 0.51364284222374434)]
[(6, 0.88067209266481106)]
[(2, 0.53357036119470724), (6, 0.30517184631656846)]
[(0, 0.39036976606385937), (4, 0.21430373146269924)]
[(4, 0.37960863672769712), (6, 0.43702654022991327)]
[(0, 0.23849954786318939), (6, 0.5028033566111062)]
[(2, 0.35530338243943543), (6, 0.40589625028775794)]
[(4, 0.49904787284557633)]
[(3, 0.43697167846861135), (4, 0.3760239144590401)]
[(4, 0.52432968954445214), (6, 0.29559406806121497)]
[(4, 0.74004713785138709)]
[(4, 0.45575962542744175), (6, 0.35258015752019345)]
[(4, 0.27425906788531546), (6, 0.28135027690634551)]
[(6, 0.45508138529509778)]
[(2, 0.29395254199487275), (3, 0.24033258029026047), (6, 0.26045910558536545)]
[(3, 0.42717332307500355), (6, 0.24171413759496119)]
[(3, 0.3520780736870085), (6, 0.35163807964494875)]
[(3, 0.57658640774304359)]
[(3, 0.54051566148136398), (6, 0.24949525373706891)]
[(3, 0.6154142121238767), (4, 0.35257271954592256)]
[(1, 0.25097787374839697), (6, 0.51364587299742959)]
[(6, 0.88067226571673152)]
[(2, 0.53357171478258758), (6, 0.3051747210648032)]
[(0, 0.39036897745692656), (4, 0.21430283878448492)]
[(4, 0.3796083791944273), (6, 0.43702574766194036)]
[(0, 0.23850006817070835), (6, 0.50280401938336117)]
[(2, 0.35530476070288541), (6, 0.40589619194779097)]
[(4, 0.49901381480945328)]
[(3, 0.43697268303304165), (4, 0.37599348433505697)]
[(4, 0.52446563842279836), (6, 0.29565067261441136)]
[(4, 0.74002630296071426)]
[(4, 0.45576245623145439), (6, 0.35258141589661296)]
[(4, 0.27425898984364833), (6, 0.28135018124425804)]
[(6, 0.45508654030700257)]
[(2, 0.29395197862044908), (3, 0.24033224335642622), (6, 0.26045832974573463)]
[(3, 0.42717393642887075), (6, 0.24171251132844498)]
[(3, 0.3520777692701777), (6, 0.35163814064179416)]
[(3, 0.57658516196098353)]
[(3, 0.54050904816713763), (6, 0.24949642407573921)]
[(1, 0.57039482612641368)]
