[(2, 0.57142854912866392)]
[(3, 0.6430589410711699), (4, 0.30574001668619172)]
[(3, 0.73498720975576393), (4, 0.24262272155324408)]
[(3, 0.68825934812235112), (4, 0.28865306479318947)]
[(1, 0.27341665009515381), (6, 0.4395323074250756)]
[(6, 0.80217044432327478)]
[(2, 0.21767807741893783), (6, 0.55185457515529712)]
[(2, 0.50022594643028129), (6, 0.268777396678338)]
[(2, 0.38596263885503901), (4, 0.32723629038409541)]
[(2, 0.39997151452017571), (4, 0.26400023028855957)]
[(2, 0.44025746398642851), (6, 0.21379656056612176)]
[(0, 0.65716205899538127)]
[(0, 0.56198985906722976), (6, 0.25692200909393431)]
[(4, 0.69332170859480891)]
[(3, 0.47804502766852153), (4, 0.3431547899432193)]
[(4, 0.22133465770595501), (6, 0.39023365011410088)]
[(0, 0.34952613006745797), (6, 0.41835857103892676)]
[(4, 0.22701465094997642), (6, 0.55741203175331733)]
[(0, 0.35966954094372616), (6, 0.35299718525257245)]
[(0, 0.25990867424017761), (6, 0.58887259076742293)]
[(2, 0.28386318385690223), (6, 0.42682791896952565)]
[(3, 0.64304005830165401), (4, 0.30574993984627485)]
[(3, 0.73499322078051721), (4, 0.24261671064742152)]
[(3, 0.68826556207352174), (4, 0.28864651884545223)]
[(1, 0.27341865506910706), (6, 0.43953328978646822)]
[(6, 0.80217249068319729)]
[(2, 0.21768375358470768), (6, 0.5518593604050217)]
[(2, 0.50021513297129971), (6, 0.26878843844037725)]
[(2, 0.38595838660915954), (4, 0.32723798002704846)]
[(2, 0.39996296852870838), (4, 0.26400326654633388)]
[(2, 0.44025540700094895), (6, 0.21376952881985545)]
[(0, 0.65716570945439257)]
[(0, 0.56198686209186477), (6, 0.25692342418281972)]
[(4, 0.69332739768398444)]
[(3, 0.47609593119273236), (4, 0.34265891598368814)]
[(4, 0.22132845622235237), (6, 0.39020088162860167)]
[(0, 0.34952014190237241), (6, 0.41834696599317772)]
[(4, 0.22042054300319752), (6, 0.55434848669007475)]
[(0, 0.35966273033205109), (6, 0.35299317488368137)]
[(0, 0.25990713153540096), (6, 0.58889642203226067)]
[(2, 0.28388442319144869), (6, 0.42682214828783682)]
[(3, 0.64305240908733108), (4, 0.30574420091730509)]
[(3, 0.73497460835854367), (4, 0.24263532270109045)]
[(3, 0.68826743255153766), (4, 0.28864455026598695)]
[(1, 0.27340789231842316), (6, 0.43952675746571018)]
[(6, 0.8021715128021083)]
[(2, 0.21768329656093124), (6, 0.55185869795410525)]
[(2, 0.500227540798589), (6, 0.26877583079217748)]
[(2, 0.38594453295333325), (4, 0.32723602642489091)]
[(2, 0.39995656489460335), (4, 0.26400557055905077)]
[(2, 0.44026058688458397), (6, 0.21379720037606148)]
[(0, 0.65717064529462699)]
[(0, 0.56201720714219905), (6, 0.25690912360540058)]
[(4, 0.69332672346258262)]
[(3, 0.47602088120429126), (4, 0.34265310503516189)]
[(4, 0.22133808416893119), (6, 0.39023837044811344)]
[(0, 0.34952232127932437), (6, 0.41835609076768959)]
[(4, 0.22550327470223261), (6, 0.55670000423716026)]
[(0, 0.35965257293011432), (6, 0.35298720506007764)]
[(0, 0.25990765967329676), (6, 0.58890209433029495)]
[(2, 0.28389371811064684), (6, 0.42681292432005691)]
[(3, 0.64306074979074623), (4, 0.3057386563641501)]
[(3, 0.73494293832456226), (4, 0.24266699210786533)]
[(3, 0.68826056916155476), (4, 0.28865187802135645)]
[(1, 0.27341754916836014), (6, 0.43953261903688651)]
[(6, 0.80217787975629207)]
[(2, 0.21767974447097529), (6, 0.55185602748270834)]
[(2, 0.50021553467147917), (6, 0.26878797011935185)]
[(2, 0.38593970701772035), (4, 0.32722209536274627)]
[(2, 0.40000003317841226), (4, 0.26399073723883199)]
[(2, 0.44025992420136928), (6, 0.21379103842286007)]
[(0, 0.65716899060311951)]
[(0, 0.56201749307506765), (6, 0.25690898955765246)]
[(4, 0.6933145116228514)]
[(3, 0.47830799631375603), (4, 0.34305478005426304)]
[(4, 0.22132974559611465), (6, 0.39021225523956476)]
[(0, 0.34952128790309323), (6, 0.41834646511149792)]
[(4, 0.22861500035902566), (6, 0.55817184343046489)]
[(0, 0.35967494582920845), (6, 0.35300035045396572)]
[(0, 0.25990786578339142), (6, 0.58889862905104018)]
[(2, 0.2838312729814631), (6, 0.42686110762817142)]
[(3, 0.64305003874367705), (4, 0.30574546627248328)]
[(3, 0.73495774232521538), (4, 0.2426521884004938)]
[(3, 0.68825130823314595), (4, 0.28866131323637539)]
[(1, 0.27341467950939774), (6, 0.43953103683705524)]
[(6, 0.80217326929008925)]
[(2, 0.21768007438154399), (6, 0.55185614712883579)]
[(2, 0.50020453727238678), (6, 0.26879909084652737)]
[(2, 0.38592359175028246), (4, 0.32721932119341235)]
[(2, 0.39999502385693836), (4, 0.26399229315523465)]
[(2, 0.44025710813361241), (6, 0.21380615302508432)]
[(0, 0.65716347545671938)]
[(0, 0.56199192250851826), (6, 0.25692103477689343)]
[(4, 0.6933257274140453)]
[(3, 0.47612523400427847), (4, 0.342665731075465)]
[(4, 0.221337091180625), (6, 0.39023348567163213)]
[(0, 0.34952320541847054), (6, 0.4183549197848338)]
[(4, 0.22214267668201881), (6, 0.55513744124581532)]
[(0, 0.35963966082963528), (6, 0.35297961262039157)]
[(0, 0.25990843096456406), (6, 0.58889060123025461)]
[(2, 0.28388341701473857), (6, 0.42682328823990012)]
[(3, 0.64305550007528645), (4, 0.305742348718892)]
[(3, 0.73494974181812722), (4, 0.24266018874907172)]
[(3, 0.6882595108516254), (4, 0.28865290506582353)]
[(1, 0.27346585693285613), (6, 0.43955186432446086)]
[(6, 0.80217964528786945)]
[(2, 0.21767570267922462), (6, 0.55185243900335101)]
[(2, 0.50021263833862117), (6, 0.2687910092688196)]
[(2, 0.38590892347150735), (4, 0.32721481761743726)]
[(2, 0.3999991277965349), (4, 0.26399101322650093)]
[(2, 0.44025854484983329), (6, 0.21376716446391861)]
[(0, 0.65715866118948796)]
[(0, 0.5619735388084216), (6, 0.25692971074748205)]
[(4, 0.6933220129555373)]
[(3, 0.47587821435859151), (4, 0.34262868436296084)]
[(4, 0.22132675527300752), (6, 0.39020181626110262)]
[(0, 0.34952101920996409), (6, 0.41834883539220963)]
[(4, 0.22642692856482158), (6, 0.55713449351747157)]
[(0, 0.35964772886029078), (6, 0.35298435642592585)]
[(0, 0.25990890059478677), (6, 0.58890258042053856)]
[(2, 0.28389143723256971), (6, 0.42680627897534196)]
[(3, 0.64303674034930003), (4, 0.30575121336302691)]
[(3, 0.73496368544190438), (4, 0.24264624540149268)]
[(3, 0.68826821317564735), (4, 0.28864372160660701)]
[(1, 0.27344331291955204), (6, 0.43953821774061136)]
[(6, 0.80218034463276555)]
[(2, 0.21767928856914875), (6, 0.55185517407336482)]
[(2, 0.50021156578468151), (6, 0.26879221943444637)]
[(2, 0.38591097628185439), (4, 0.32721547702938042)]
[(2, 0.39999978148943122), (4, 0.26399081372044719)]
[(2, 0.44025700328696782), (6, 0.21378840263169138)]
[(0, 0.65716684791969493)]
[(0, 0.56198102533511984), (6, 0.25692617947031671)]
[(4, 0.69332523473664842)]
[(3, 0.47625303287379678), (4, 0.34273408260966415)]
[(4, 0.22132770729727455), (6, 0.39020416213744952)]
[(0, 0.34952151282198202), (6, 0.41834963898478233)]
[(4, 0.22093527415709641), (6, 0.55458342559645124)]
[(0, 0.35968508275302813), (6, 0.3530062960805202)]
[(0, 0.25990742990919102), (6, 0.58889906459358099)]
[(2, 0.28384339364573674), (6, 0.42684680250854656)]
[(3, 0.64303865419819939), (4, 0.30575052196295321)]
[(3, 0.73494007339414158), (4, 0.24266985698151061)]
[(3, 0.68826407535539424), (4, 0.28864808435017225)]
[(1, 0.27341879116962703), (6, 0.43953357405638788)]
[(6, 0.80217112553216785)]
[(2, 0.21768451676066852), (6, 0.55186000467317564)]
[(2, 0.50022784562665312), (6, 0.26877542260077975)]
[(2, 0.38592651300851594), (4, 0.32721629590209145)]
[(2, 0.39996859221623854), (4, 0.26400126274209151)]
[(2, 0.44025672915788422), (6, 0.21380530096991293)]
[(0, 0.65716238058053678)]
[(0, 0.56197102014235101), (6, 0.25693089772781025)]
[(4, 0.6933313916058309)]
[(3, 0.47612143512775784), (4, 0.34266332791868803)]
[(4, 0.22133687525495602), (6, 0.39022982311264215)]
[(0, 0.34951979568583658), (6, 0.41835009433348075)]
[(4, 0.22015004510840369), (6, 0.55422532716411466)]
[(0, 0.35969734773390938), (6, 0.35301348723630793)]
[(0, 0.25990687055306649), (6, 0.58889442010127124)]
[(2, 0.28387700431540303), (6, 0.42681581889599857)]
[(3, 0.64303735736591183), (4, 0.30575096901411192)]
[(3, 0.73497064643660848), (4, 0.24263928454457129)]
[(3, 0.68825201539861336), (4, 0.28866058433530339)]
[(1, 0.27341514234822939), (6, 0.43953026147690738)]
[(6, 0.80218100908915602)]
[(2, 0.21766735907232893), (6, 0.5518464166910434)]
[(2, 0.50021070699080628), (6, 0.26879266673108126)]
[(2, 0.38593042400183986), (4, 0.32722762677824374)]
[(2, 0.39999853466553709), (4, 0.26399119535248777)]
[(2, 0.44025501202332012), (6, 0.21376831736932581)]
[(0, 0.6571680035504619)]
[(0, 0.56198716651306002), (6, 0.25692328044907226)]
[(4, 0.69332894414407464)]
[(3, 0.47583901382085053), (4, 0.34263778719825877)]
[(4, 0.22132895683092987), (6, 0.39020295608460626)]
[(0, 0.34952285858913096), (6, 0.41835257404948989)]
[(4, 0.22356417416699551), (6, 0.55579479058775394)]
[(0, 0.35966682252466553), (6, 0.35299557848709329)]
[(0, 0.25990828101340513), (6, 0.58888426193405286)]
[(2, 0.28386963330661164), (6, 0.42683216751455622)]
[(3, 0.64305975291666351), (4, 0.30573941541464067)]
[(3, 0.73498239034970281), (4, 0.24262754086394703)]
[(3, 0.68826341128170909), (4, 0.28864890705809598)]
[(1, 0.27340936361077328), (6, 0.43952752966731734)]
[(6, 0.80217536812659374)]
[(2, 0.21768071613458531), (6, 0.55185651832380789)]
[(2, 0.50021623995742548), (6, 0.26878746237272955)]
[(2, 0.38591978815942285), (4, 0.32723566376426905)]
[(2, 0.39996279240424532), (4, 0.26400332973514651)]
[(2, 0.44025300562440378), (6, 0.21376954384783872)]
[(0, 0.6571654364684395)]
[(0, 0.56199354286719772), (6, 0.256920269711025)]
[(4, 0.69333298041526503)]
[(3, 0.47598802159097942), (4, 0.3426524971769026)]
[(4, 0.2213307632140987), (6, 0.39022040277039427)]
[(0, 0.34952442416931895), (6, 0.41835798152907433)]
[(4, 0.22781743841080823), (6, 0.55779244313336585)]
[(0, 0.35966745861371657), (6, 0.35299595215206958)]
[(0, 0.25990881357230955), (6, 0.58887666744992406)]
[(2, 0.2838443351368044), (6, 0.42686155202229736)]
[(3, 0.64305915279740922), (4, 0.30573985820676103)]
[(3, 0.73494284361615647), (4, 0.24266708681444166)]
[(3, 0.68826214868952951), (4, 0.28865016006050509)]
[(1, 0.27341038097271458), (6, 0.43952849256924986)]
[(6, 0.80217621088030766)]
[(2, 0.21767376113676451), (6, 0.55185070631856115)]
[(2, 0.50022821743945001), (6, 0.26877517077439261)]
[(2, 0.38592012020411243), (4, 0.32723063122750179)]
[(2, 0.39996344277161133), (4, 0.26400309689157297)]
[(2, 0.44025612996823726), (6, 0.21379339542789147)]
[(0, 0.65716615060315686)]
[(0, 0.56201607203644655), (6, 0.25690965598270488)]
[(4, 0.69333575741883524)]
[(3, 0.47632805379531645), (4, 0.34272431902103806)]
[(4, 0.22133187639204993), (6, 0.39021403236192598)]
[(0, 0.34952160964079104), (6, 0.41834896282484102)]
[(4, 0.22070476756252808), (6, 0.55447812213772263)]
[(0, 0.35969084546757202), (6, 0.35300967548953127)]
[(0, 0.25990905963583116), (6, 0.5888951447760663)]
[(2, 0.28387849666657883), (6, 0.42682286428040245)]
[(3, 0.64305100174747798), (4, 0.30574498470136002)]
[(3, 0.73498684981473639), (4, 0.24262308148715231)]
[(3, 0.68825968532399062), (4, 0.28865272992880797)]
[(1, 0.27341698389808761), (6, 0.43953235903423599)]
[(6, 0.80217352932506403)]
[(2, 0.21768545676739234), (6, 0.55186102721392827)]
[(2, 0.50021532789403478), (6, 0.2687882550383045)]
[(2, 0.38592563354653314), (4, 0.32721868143409572)]
[(2, 0.39996775106412535), (4, 0.26400156107726108)]
[(2, 0.44025796483967977), (6, 0.21380370300149187)]
[(0, 0.65716670155720758)]
[(0, 0.56199219579842874), (6, 0.25692090573788517)]
[(4, 0.69333205691695088)]
[(3, 0.47619411523174199), (4, 0.3427314031462666)]
[(4, 0.22133172884433616), (6, 0.39021480081605037)]
[(0, 0.34952159465838123), (6, 0.41834964573841171)]
[(4, 0.22249974028287936), (6, 0.5553020490582774)]
[(0, 0.35965227555231993), (6, 0.35298703020883659)]
[(0, 0.25990721576377734), (6, 0.58889348286805776)]
[(2, 0.28384916935240712), (6, 0.42683516736614485)]
[(3, 0.64303752851064999), (4, 0.30575096002927449)]
[(3, 0.73499044858438545), (4, 0.24261948278870765)]
[(3, 0.68825641001365756), (4, 0.28865613214225849)]
[(1, 0.27341481874970658), (6, 0.43953097609719094)]
[(6, 0.80217460055043543)]
[(2, 0.21768105598654222), (6, 0.55185657113020514)]
[(2, 0.50021398552868479), (6, 0.26878983711497334)]
[(2, 0.38595949298089888), (4, 0.32723767357338179)]
[(2, 0.39997669339181952), (4, 0.26399841921966122)]
[(2, 0.44026040533468941), (6, 0.21380882499977297)]
[(0, 0.65716101844015506)]
[(0, 0.56198301766454439), (6, 0.25692523912604753)]
[(4, 0.69332690448211631)]
[(3, 0.47585014455756253), (4, 0.34262618639124554)]
[(4, 0.22133356397829163), (6, 0.39022364784736047)]
[(0, 0.34952608209672181), (6, 0.41835917025847325)]
[(4, 0.22186883207129943), (6, 0.5550114336345916)]
[(0, 0.35967092778469884), (6, 0.35299798927077114)]
[(0, 0.2599084421817488), (6, 0.58889096946816732)]
[(2, 0.28388055428869463), (6, 0.4268216185691594)]
[(3, 0.64305171857257892), (4, 0.30574459012686217)]
[(3, 0.73495245127823217), (4, 0.24265747934269186)]
[(3, 0.68826679375385913), (4, 0.28864524230334787)]
[(1, 0.27342165781100047), (6, 0.43953435926283063)]
[(6, 0.80217530777105217)]
[(2, 0.21767720630318735), (6, 0.55185329153851947)]
[(2, 0.50021644280900268), (6, 0.26878700609381417)]
[(2, 0.38595912302994273), (4, 0.3272374796074527)]
[(2, 0.39996890405146041), (4, 0.26400115226335857)]
[(2, 0.44025850462943195), (6, 0.21376281318549431)]
[(0, 0.65716714976989543)]
[(0, 0.56200050436734994), (6, 0.25691698393399254)]
[(4, 0.69333635023086682)]
[(3, 0.47656503181414733), (4, 0.34280725921370175)]
[(4, 0.22133828269661243), (6, 0.39023868626212149)]
[(0, 0.34951972064347525), (6, 0.41834134772163156)]
[(4, 0.24545284807312254), (6, 0.56641311108263581)]
[(0, 0.35965943288259627), (6, 0.35299123700275564)]
[(0, 0.25990745933487247), (6, 0.58890271242479297)]
[(2, 0.28389053215763077), (6, 0.42681487109664507)]
[(3, 0.64304391086169033), (4, 0.30574840198490666)]
[(3, 0.73498179705533007), (4, 0.24262813414657358)]
[(3, 0.68825795495984143), (4, 0.28865449384336744)]
[(1, 0.27341669242489997), (6, 0.43953225065755586)]
[(6, 0.80217056126156783)]
[(2, 0.21768193258197019), (6, 0.55185759013390112)]
[(2, 0.50020899750100556), (6, 0.26879468342955548)]
[(2, 0.38591553921941923), (4, 0.32721946533443635)]
[(2, 0.39995983538173446), (4, 0.26400439137068066)]
[(2, 0.44025880761577013), (6, 0.21376335841809743)]
[(0, 0.65716664164381988)]
[(0, 0.5620200871451041), (6, 0.25690777458665015)]
[(4, 0.69332244487718508)]
[(3, 0.47600024709672728), (4, 0.34268669826541853)]
[(4, 0.22132806186208134), (6, 0.39020824811953325)]
[(0, 0.34952751062244236), (6, 0.41832757536287041)]
[(4, 0.22296926393925504), (6, 0.55551902585002955)]
[(0, 0.35968593879730165), (6, 0.35300679862215117)]
[(0, 0.25990915613386228), (6, 0.58889403212616476)]
[(2, 0.28388203921051119), (6, 0.42681661383392105)]
[(3, 0.64304902610605152), (4, 0.30574600431365345)]
[(3, 0.73495882913440669), (4, 0.24265110161273451)]
[(3, 0.68825188077115729), (4, 0.28866071585130887)]
[(1, 0.27342134489940295), (6, 0.43953518715947104)]
[(6, 0.8021750813666354)]
[(2, 0.21765903361702718), (6, 0.55183872091856989)]
[(2, 0.50022116059427046), (6, 0.26878242658941259)]
[(2, 0.38594085161277353), (4, 0.32723595749854678)]
[(2, 0.3999923617224791), (4, 0.26399314575359695)]
[(2, 0.44025346220701339), (6, 0.21377540569826692)]
[(0, 0.65717136814463561)]
[(0, 0.56196558194992752), (6, 0.25693345834358727)]
[(4, 0.69332833070967237)]
[(3, 0.47620473590432522), (4, 0.3427651471554401)]
[(4, 0.22133088953663529), (6, 0.39020843508879333)]
[(0, 0.34952261880623875), (6, 0.41835162727618763)]
[(4, 0.2319076101503022), (6, 0.55975267848751631)]
[(0, 0.35969611917858751), (6, 0.35301276670809134)]
[(0, 0.25990899107969162), (6, 0.58889346035676582)]
[(2, 0.28389621822012101), (6, 0.42680410930294244)]
[(3, 0.64305994418672208), (4, 0.30573927522015953)]
[(3, 0.7349889145301205), (4, 0.24262101681260995)]
[(3, 0.68826588159963586), (4, 0.28864625520365578)]
[(1, 0.27341100648736982), (6, 0.43952867117030664)]
[(6, 0.80217292300371779)]
[(2, 0.21766096716608849), (6, 0.55184000562591884)]
[(2, 0.50021082044051013), (6, 0.26879285726285768)]
[(2, 0.38595974521505827), (4, 0.32723984083032065)]
[(2, 0.39998528624523355), (4, 0.26399548067247464)]
[(2, 0.44025674258994113), (6, 0.21379263129857881)]
[(0, 0.65716610671084286)]
[(0, 0.56199350721338737), (6, 0.25692028654489207)]
[(4, 0.69333083896192282)]
[(3, 0.4759132879783009), (4, 0.34263044644413582)]
[(4, 0.22133663306054335), (6, 0.39023277916502569)]
[(0, 0.3495243240958843), (6, 0.41836006717619506)]
[(4, 0.22494289769104431), (6, 0.55643742713682509)]
[(0, 0.35965974129515854), (6, 0.35299141833558395)]
[(0, 0.25990721906607767), (6, 0.58889611489129368)]
[(2, 0.28384581138559278), (6, 0.42686233932467277)]
[(3, 0.64304981621038382), (4, 0.30574559359857928)]
[(3, 0.73496982720239001), (4, 0.24264010376260026)]
[(3, 0.68825604460077938), (4, 0.28865648821900403)]
[(1, 0.27343750827278424), (6, 0.43953658620697295)]
[(6, 0.80218015676296894)]
[(2, 0.21768338750479693), (6, 0.55185948274621788)]
[(2, 0.50021153336745872), (6, 0.26879216529953526)]
[(2, 0.38596069053350562), (4, 0.32723598371377149)]
[(2, 0.39995953339395957), (4, 0.26400450004511178)]
[(2, 0.44025803207661229), (6, 0.21378536202502446)]
[(0, 0.65716761547875102)]
[(0, 0.56197651951068239), (6, 0.25692830529181088)]
[(4, 0.69333400285274194)]
[(3, 0.47603470769287765), (4, 0.34265047376899443)]
[(4, 0.221335651231794), (6, 0.39022696992977335)]
[(0, 0.34952432232042607), (6, 0.41834998722642486)]
[(4, 0.22037935465817171), (6, 0.55432971977316325)]
[(0, 0.35964123065145343), (6, 0.3529805346692661)]
[(0, 0.25990998502216012), (6, 0.5888979835172069)]
[(2, 0.2838899724231887), (6, 0.42681442072778614)]
[(3, 0.64306033712618305), (4, 0.30573897119348736)]
[(3, 0.73498961635331361), (4, 0.24262031500331613)]
[(3, 0.68825608499963509), (4, 0.28865645049593686)]
[(1, 0.27341523003088625), (6, 0.43953119460442458)]
[(6, 0.80217199896439451)]
[(2, 0.21768164347739546), (6, 0.55185740229946789)]
[(2, 0.50021455203276555), (6, 0.26878891895659446)]
[(2, 0.38590532278128342), (4, 0.32721961348952439)]
[(2, 0.39999124327917579), (4, 0.26399350858046355)]
[(2, 0.44025706252019597), (6, 0.21380311633157417)]
[(0, 0.65716519790766026)]
[(0, 0.56202137238428573), (6, 0.2569071734583559)]
[(4, 0.69333369750035401)]
[(3, 0.47606697724279146), (4, 0.34265420371789412)]
[(4, 0.2213360594108848), (6, 0.39023200632022653)]
[(0, 0.34952376639238775), (6, 0.4183501721713988)]
[(4, 0.222397434061086), (6, 0.55525485005328601)]
[(0, 0.35969012328342981), (6, 0.35300925301903469)]
[(0, 0.25990725252061136), (6, 0.58889786734636984)]
[(2, 0.28388905641226675), (6, 0.4268162796303569)]
[(3, 0.64305157508626654), (4, 0.30574459915385899)]
[(3, 0.73495179349496698), (4, 0.24265813711288595)]
[(3, 0.68826520637425981), (4, 0.28864709299512337)]
[(1, 0.27340871417896279), (6, 0.43952648913788572)]
[(6, 0.8021807774093036)]
[(2, 0.21768288700855981), (6, 0.55185864177368715)]
[(2, 0.50021553730249835), (6, 0.26878830734617498)]
[(2, 0.3859212497727193), (4, 0.32721606218411642)]
[(2, 0.39996580742754412), (4, 0.26400225245590314)]
[(2, 0.44025916697512202), (6, 0.21378394114669214)]
[(0, 0.65716696434057231)]
[(0, 0.56199314385200005), (6, 0.25692045810466624)]
[(4, 0.69332085512878006)]
[(3, 0.47684832710110236), (4, 0.34290482163622737)]
[(4, 0.22132909449298982), (6, 0.39021320575339863)]
[(0, 0.34952544773203925), (6, 0.41834925386465183)]
[(4, 0.2246151863896054), (6, 0.55628423642417135)]
[(0, 0.35965685771194489), (6, 0.35298972352432789)]
[(0, 0.25990758402431141), (6, 0.58890355461547705)]
[(2, 0.28388766543013577), (6, 0.42681828240964859)]
[(3, 0.64305131739756605), (4, 0.30574478624013518)]
[(3, 0.73493360980158362), (4, 0.24267632044602963)]
[(3, 0.68826183059033985), (4, 0.28865052679005765)]
[(1, 0.2734156628474893), (6, 0.439528971156049)]
[(6, 0.80217375829802107)]
[(2, 0.21768390468452697), (6, 0.55185958183860506)]
[(2, 0.50022038035736449), (6, 0.26878301965793955)]
[(2, 0.38594229153813947), (4, 0.32723128100518212)]
[(2, 0.39999855172021093), (4, 0.26399119009451033)]
[(2, 0.44025944028836056), (6, 0.21380305942325559)]
[(0, 0.65716530661101857)]
[(0, 0.56201734537384995), (6, 0.25690905879823711)]
[(4, 0.69332529382640662)]
[(3, 0.47835224048443892), (4, 0.34304353237374807)]
[(4, 0.22133646561686945), (6, 0.39022398652677259)]
[(0, 0.34952124497374093), (6, 0.41835137417499529)]
[(4, 0.23261656604185907), (6, 0.56009591881875909)]
[(0, 0.35965156684924998), (6, 0.35298661301793116)]
[(0, 0.25990840194389953), (6, 0.58888469091673745)]
[(2, 0.28385641230749481), (6, 0.42682886700765577)]
[(3, 0.6430498800916401), (4, 0.30574558602237722)]
[(3, 0.73495062149349655), (4, 0.24265930909100603)]
[(3, 0.68825454888518822), (4, 0.28865802980520427)]
[(1, 0.27341575906886778), (6, 0.43953174574722376)]
[(6, 0.80217775327674035)]
[(2, 0.21768456680188572), (6, 0.55185989011912051)]
[(2, 0.50021999722451849), (6, 0.26878359040447236)]
[(2, 0.38591308050553996), (4, 0.32722213345614937)]
[(2, 0.40000018230242418), (4, 0.26399069204030812)]
[(2, 0.44025466000862284), (6, 0.21379056094464446)]
[(0, 0.65716783473780327)]
[(0, 0.56201301989982344), (6, 0.25691108913700711)]
[(4, 0.69331569410089611)]
[(3, 0.47641780192247596), (4, 0.3427764421431157)]
[(4, 0.221331368953639), (6, 0.39021088110730756)]
[(0, 0.34952601079843121), (6, 0.41835756840557875)]
[(4, 0.21995206546611032), (6, 0.55413531961765972)]
[(0, 0.35969305864521584), (6, 0.35301097300152873)]
[(0, 0.25990874813383463), (6, 0.58887447445984897)]
[(2, 0.28385284578281322), (6, 0.42677853456951959)]
[(3, 0.64304233211007067), (4, 0.305749060644468)]
[(3, 0.73499183603972307), (4, 0.2426180953608211)]
[(3, 0.68826028810859385), (4, 0.28865217813351263)]
[(1, 0.27342012161405183), (6, 0.43953314425525219)]
[(6, 0.80217141762191169)]
[(2, 0.21767812449007512), (6, 0.55185451927590368)]
[(2, 0.50021304786505982), (6, 0.26879065874948832)]
[(2, 0.38595962866357847), (4, 0.32723938279195175)]
[(2, 0.3999577024930237), (4, 0.26400515987398604)]
[(2, 0.44026098193457397), (6, 0.21380544430734164)]
[(0, 0.65716416904511843)]
[(0, 0.56199334949602686), (6, 0.25692036101019483)]
[(4, 0.69331947911041703)]
[(3, 0.47591417152308757), (4, 0.34263440909525156)]
[(4, 0.22133474013874646), (6, 0.3902248497458819)]
[(0, 0.34952568843465454), (6, 0.41835877647438979)]
[(4, 0.22100924318003637), (6, 0.55461724911186283)]
[(0, 0.35967330169081763), (6, 0.35299938335905706)]
[(0, 0.2599060732731503), (6, 0.58887394322813791)]
[(2, 0.28387529263570854), (6, 0.42682773687012066)]
[(3, 0.64305442445883787), (4, 0.30574301624921996)]
[(3, 0.7349773803818066), (4, 0.24263255073269435)]
[(3, 0.68825428002037592), (4, 0.28865831013801446)]
[(1, 0.27342149416569883), (6, 0.43953529653317785)]
[(6, 0.80217366633499065)]
[(2, 0.2176807648728514), (6, 0.55185643913875582)]
[(2, 0.50022083862717115), (6, 0.26878271000185766)]
[(2, 0.38590893267433546), (4, 0.32721257069349635)]
[(2, 0.39997914599265305), (4, 0.26399757109226107)]
[(2, 0.44025798667913962), (6, 0.21377230100839198)]
[(0, 0.65716501408751493)]
[(0, 0.56200308460059101), (6, 0.25691576693841706)]
[(4, 0.69332524555586517)]
[(3, 0.47590327756594714), (4, 0.34262931242301653)]
[(4, 0.22133633089570073), (6, 0.39023061359804589)]
[(0, 0.34952565246629935), (6, 0.41835702614083753)]
[(4, 0.22395972224143887), (6, 0.55597865796228452)]
[(0, 0.35966693325746341), (6, 0.3529956435567882)]
[(0, 0.25990699854815413), (6, 0.58889461799269449)]
[(2, 0.2838906670170746), (6, 0.42679688981328329)]
[(3, 0.64305540151528251), (4, 0.30574240526697277)]
[(3, 0.73499096234925076), (4, 0.24261896903400329)]
[(3, 0.68826144543067336), (4, 0.28865098137408962)]
[(1, 0.27344078055294935), (6, 0.43952656352518088)]
[(6, 0.80217526734751843)]
[(2, 0.2176787728614073), (6, 0.55185506918279181)]
[(2, 0.5002270355457763), (6, 0.26877636166807661)]
[(2, 0.38591803209709474), (4, 0.32722111675762006)]
[(2, 0.39997947424701208), (4, 0.26399745809333086)]
[(2, 0.44025944334440198), (6, 0.21380172796742819)]
[(0, 0.65716754682018341)]
[(0, 0.56201224115369341), (6, 0.25691145515512337)]
[(4, 0.69332263445459863)]
[(3, 0.47600915097377977), (4, 0.34266606896019564)]
[(4, 0.22133218102641508), (6, 0.39021356819098463)]
[(0, 0.34952319760837897), (6, 0.41834836714617962)]
[(4, 0.22101320123057325), (6, 0.55461905942899281)]
[(0, 0.35966630548781853), (6, 0.35299527525148383)]
[(0, 0.25990803878964464), (6, 0.58889748986481283)]
[(2, 0.28389371142283532), (6, 0.42680501179085018)]
[(3, 0.64305103399139352), (4, 0.30574497028816666)]
[(3, 0.73499454087133853), (4, 0.24261539058271051)]
[(3, 0.68824830227162592), (4, 0.28866433176480466)]
[(1, 0.27341271003942424), (6, 0.43952880435071179)]
[(6, 0.80217017684764036)]
[(2, 0.21768315164569335), (6, 0.55185909371470643)]
[(2, 0.50020470420540619), (6, 0.26879884172913054)]
[(2, 0.38592983052396679), (4, 0.32722845565688458)]
[(2, 0.39999552236260788), (4, 0.26399213534587779)]
[(2, 0.44025892855137261), (6, 0.21380295287362508)]
[(0, 0.65716397532812654)]
[(0, 0.56200460568896471), (6, 0.25691504982244306)]
[(4, 0.69333619778527478)]
[(3, 0.47611402246977941), (4, 0.34266745562370415)]
[(4, 0.22132749011145197), (6, 0.39021188122002093)]
[(0, 0.34952250091570575), (6, 0.41836037275170879)]
[(4, 0.22031109187173115), (6, 0.55429862747989733)]
[(0, 0.3596803459111958), (6, 0.35300352517295908)]
[(0, 0.25990762360506675), (6, 0.58890164178865445)]
[(2, 0.28388990717162266), (6, 0.42680831386010354)]
[(3, 0.64305235097409008), (4, 0.30574421657822065)]
[(3, 0.73498031755274928), (4, 0.24262961361988108)]
[(3, 0.68825707370104172), (4, 0.28865546097269862)]
[(1, 0.27341217083001679), (6, 0.43952940822759351)]
[(6, 0.80217756590132971)]
[(2, 0.21766707923025758), (6, 0.55184513333228069)]
[(2, 0.50022098960667383), (6, 0.26878244497687798)]
[(2, 0.3859092348306305), (4, 0.32722612071453772)]
[(2, 0.39998298760932782), (4, 0.26399625718899211)]
[(2, 0.44025821417879885), (6, 0.21380685404487165)]
[(0, 0.6571646041217778)]
[(0, 0.5619914428107109), (6, 0.25692126127865389)]
[(4, 0.69331291950138352)]
[(3, 0.47591811127507994), (4, 0.34262929231368056)]
[(4, 0.22132457647936291), (6, 0.3901966397516729)]
[(0, 0.34952374807008174), (6, 0.4183507417153175)]
[(4, 0.22243926768631192), (6, 0.55527414658108309)]
[(0, 0.3596909031617016), (6, 0.35300970926379716)]
[(0, 0.25990892205583022), (6, 0.58890046447256506)]
[(2, 0.28385817612287711), (6, 0.42684587276692543)]
[(3, 0.64305403030636088), (4, 0.30574323937954834)]
[(3, 0.73499521823703806), (4, 0.2426147132304147)]
[(3, 0.68826799209481804), (4, 0.28864400675725121)]
[(1, 0.27341899087655347), (6, 0.43953366306001856)]
[(6, 0.80217543244208034)]
[(2, 0.21765954758727754), (6, 0.55184016267666114)]
[(2, 0.50020633140820869), (6, 0.26879756375159586)]
[(2, 0.38595508276602014), (4, 0.32723592302363014)]
[(2, 0.39998416097149891), (4, 0.26399585982182922)]
[(2, 0.44025795077390339), (6, 0.21380571532893278)]
[(0, 0.65716715025066874)]
[(0, 0.56198810592695925), (6, 0.25692283689067075)]
[(4, 0.69332079373404953)]
[(3, 0.47709284096112975), (4, 0.34292218857425449)]
[(4, 0.221331121487708), (6, 0.3902100607102138)]
[(0, 0.34952360884614209), (6, 0.41835622805098077)]
[(4, 0.22073829776664802), (6, 0.55449343053167854)]
[(0, 0.35965180567622645), (6, 0.35298675342774244)]
[(0, 0.25990717710499789), (6, 0.58889254212452946)]
[(2, 0.28389031754463001), (6, 0.42680878541974204)]
[(3, 0.64304240455883421), (4, 0.30574901969402812)]
[(3, 0.73495829177016447), (4, 0.24265163896638678)]
[(3, 0.68824995556723523), (4, 0.28866266911344868)]
[(1, 0.27341876979166058), (6, 0.43953229624701778)]
[(6, 0.802177376769455)]
[(2, 0.21768023757970326), (6, 0.55185666145250867)]
[(2, 0.50021728785151209), (6, 0.26878627046503367)]
[(2, 0.38594677749851242), (4, 0.32723281454314479)]
[(2, 0.39997150373227447), (4, 0.26400023419781549)]
[(2, 0.44026210761694856), (6, 0.21380514482529636)]
[(0, 0.65716927047142915)]
[(0, 0.56202141156881869), (6, 0.25690715514033963)]
[(4, 0.69332035589033603)]
[(3, 0.47607418688324959), (4, 0.34265529652236798)]
[(4, 0.2213299174500569), (6, 0.39020694009260343)]
[(0, 0.34952222160813712), (6, 0.41835260984990763)]
[(4, 0.22530590043796278), (6, 0.55660743074099239)]
[(0, 0.35966617101616061), (6, 0.3529951967981439)]
[(0, 0.25990748180285439), (6, 0.58889999938172954)]
[(2, 0.28384416052527678), (6, 0.42686480368327456)]
[(3, 0.64305131157065942), (4, 0.30574476463060396)]
[(3, 0.73495123317958244), (4, 0.24265869741721829)]
[(3, 0.68825983210642783), (4, 0.28865257335314343)]
[(1, 0.2734178936584874), (6, 0.43953238431019226)]
[(6, 0.80217183132286529)]
[(2, 0.21767917794050773), (6, 0.55185550067086098)]
[(2, 0.50020165439940378), (6, 0.26880202342255471)]
[(2, 0.38591979775993457), (4, 0.32722624041541848)]
[(2, 0.39997999690767233), (4, 0.26399727845686144)]
[(2, 0.44024976270636201), (6, 0.21377091071600957)]
[(0, 0.6571672579719039)]
[(0, 0.56196894955106835), (6, 0.25693187306789189)]
[(4, 0.69332599683719964)]
[(3, 0.47598464007959429), (4, 0.3426417940381935)]
[(4, 0.22133478070644705), (6, 0.39021836479324035)]
[(0, 0.34952313935707485), (6, 0.41835537844965004)]
[(4, 0.22389478231434157), (6, 0.55594844318447145)]
[(0, 0.35968388878221741), (6, 0.35300559574184331)]
[(0, 0.25990782414805685), (6, 0.58888845578943649)]
[(2, 0.28383898757149817), (6, 0.42685146183826816)]
[(3, 0.64304598072619024), (4, 0.30574750056234756)]
[(3, 0.73498227276580119), (4, 0.24262765844551756)]
[(3, 0.68825484496453559), (4, 0.2886577298203637)]
[(1, 0.2734078186302043), (6, 0.43952693842993812)]
[(6, 0.80217334205295276)]
[(2, 0.21766352982588233), (6, 0.55184137826024016)]
[(2, 0.50022396155351856), (6, 0.26877944948875432)]
[(2, 0.38592560681078458), (4, 0.32722057915110608)]
[(2, 0.39997007768315623), (4, 0.26400073714004496)]
[(2, 0.440260235408935), (6, 0.21380625238286974)]
[(0, 0.65716944951994116)]
[(0, 0.56197847966100367), (6, 0.256927380668105)]
[(4, 0.69331897405454135)]
[(3, 0.47590636414921056), (4, 0.34262867798240842)]
[(4, 0.22133222923065604), (6, 0.39022108128681937)]
[(0, 0.34952300064434244), (6, 0.41835470994068463)]
[(4, 0.22350890126583628), (6, 0.5557691300035994)]
[(0, 0.35963617436876844), (6, 0.35297755858633634)]
[(0, 0.25990898218450115), (6, 0.58887879371462082)]
[(2, 0.28388414982628507), (6, 0.42682138817007809)]
[(3, 0.64305589501867499), (4, 0.30574209118054829)]
[(3, 0.73499383852736455), (4, 0.24261609291279451)]
[(3, 0.68825613013225595), (4, 0.28865637070640165)]
[(1, 0.27340737477178273), (6, 0.43952657773662396)]
[(6, 0.80217246780474227)]
[(2, 0.21767955836504987), (6, 0.551855644192626)]
[(2, 0.50021342595733631), (6, 0.26879005784882337)]
[(2, 0.38593670605754093), (4, 0.32723907475450192)]
[(2, 0.39997526887678675), (4, 0.26399891485312865)]
[(2, 0.44025913326035565), (6, 0.21378772744590227)]
[(0, 0.65716355358743839)]
[(0, 0.56196959534187285), (6, 0.25693156892018643)]
[(4, 0.69331535002180633)]
[(3, 0.47829885158811203), (4, 0.34303658505919377)]
[(4, 0.22133295974647371), (6, 0.39022549861794248)]
[(0, 0.34952246703443646), (6, 0.41835446408265209)]
[(4, 0.22114217288707835), (6, 0.55467807211744824)]
[(0, 0.3596360439670907), (6, 0.35297748023995901)]
[(0, 0.25990877726185413), (6, 0.58887700350518979)]
[(2, 0.28385670492885118), (6, 0.42684753011416698)]
[(3, 0.64304629523735024), (4, 0.30574734886420751)]
[(3, 0.73496030244092936), (4, 0.24264962833548098)]
[(3, 0.68826006451951272), (4, 0.28865238618839911)]
[(1, 0.2734136419723423), (6, 0.4395300439812449)]
[(6, 0.80217461630074305)]
[(2, 0.21768276256636288), (6, 0.55185831354026915)]
[(2, 0.50021214551230098), (6, 0.26879147956317612)]
[(2, 0.38592810093915136), (4, 0.32723313546590566)]
[(2, 0.39999595905586327), (4, 0.26399199760162761)]
[(2, 0.44025357873769638), (6, 0.21377353885520911)]
[(0, 0.6571646467403166)]
[(0, 0.56199266043783513), (6, 0.25692068635157755)]
[(4, 0.69330663068813247)]
[(3, 0.4761146445918179), (4, 0.34268955957824726)]
[(4, 0.22133370584348558), (6, 0.39022527934078999)]
[(0, 0.34952277694467809), (6, 0.41834977998569045)]
[(4, 0.22051297891525154), (6, 0.55439062157839369)]
[(0, 0.35966490003369045), (6, 0.35299444999414509)]
[(0, 0.25990930111367816), (6, 0.58888972758416591)]
[(2, 0.28388112262267962), (6, 0.42680489554094597)]
[(3, 0.64305043086936109), (4, 0.30574525894816562)]
[(3, 0.73497378509101596), (4, 0.24263614595231522)]
[(3, 0.68825614594480233), (4, 0.28865642277509179)]
[(1, 0.2734185965942138), (6, 0.43953320472353108)]
[(6, 0.80217374953429665)]
[(2, 0.21766444775509172), (6, 0.55184297184354758)]
[(2, 0.50020902058228556), (6, 0.26879478130977114)]
[(2, 0.38595546259604907), (4, 0.32723025246802062)]
[(2, 0.39999168807779079), (4, 0.26399336396980422)]
[(2, 0.44025776700989094), (6, 0.21375696528350652)]
[(0, 0.65716380821468334)]
[(0, 0.56197788406034077), (6, 0.25692766164800734)]
[(4, 0.69332929052053449)]
[(3, 0.4759794126136998), (4, 0.34264547744464757)]
[(4, 0.22133306992282925), (6, 0.39021834275229517)]
[(0, 0.34951964701351584), (6, 0.4183419132944603)]
[(4, 0.22649259500007318), (6, 0.55716546202921446)]
[(0, 0.3596827743017415), (6, 0.35300494209043476)]
[(0, 0.25990877100356974), (6, 0.5888905170360863)]
[(2, 0.28387915211262665), (6, 0.42682184327799966)]
[(3, 0.64305931864707211), (4, 0.30573973756191197)]
[(3, 0.73496080464296243), (4, 0.24264912614338166)]
[(3, 0.68826326753506717), (4, 0.28864899321743315)]
[(1, 0.27346994101459715), (6, 0.43956414906122598)]
[(6, 0.80217342046758566)]
[(2, 0.21766130114707583), (6, 0.55184019725897149)]
[(2, 0.50021043909532537), (6, 0.26879323031216684)]
[(2, 0.38593336897968905), (4, 0.32723257734499211)]
[(2, 0.39999125489163301), (4, 0.26399350476501909)]
[(2, 0.4402590226639016), (6, 0.21379430686923775)]
[(0, 0.65716325737266745)]
[(0, 0.56201620677784125), (6, 0.25690959276977032)]
[(4, 0.69332329053734443)]
[(3, 0.47592718295173103), (4, 0.34264149274331496)]
[(4, 0.22133070475761704), (6, 0.39021950520219312)]
[(0, 0.34952560432175295), (6, 0.4183551669700093)]
[(4, 0.22144738592874488), (6, 0.55481791232819599)]
[(0, 0.35967421047220599), (6, 0.35299991768871708)]
[(0, 0.2599089898549326), (6, 0.58889765989535847)]
[(2, 0.2838541467916284), (6, 0.42685165614154275)]
[(3, 0.57096122873945077)]
