[(2, 0.57142854912866392)]
[(3, 0.72673795688254816), (4, 0.25697876787773877)]
[(1, 0.22946016091576474), (3, 0.33187988280444675), (4, 0.21588571536739687), (6, 0.21616980720134277)]
[(2, 0.29299232492785815), (6, 0.54076947820381849)]
[(0, 0.38462842050660789), (4, 0.23222745752618601), (6, 0.30932547413907924)]
[(6, 0.63311036771347273)]
[(3, 0.20450691109068017), (4, 0.31639760241902853)]
[(3, 0.47055978076731508), (6, 0.28094836504357373)]
[(1, 0.39561175119844644)]
[(1, 0.44773191671099405), (5, 0.22829322819639306)]
[(5, 0.46921100128005838)]
[(1, 0.24569244372946683), (5, 0.25406905621459025)]
[(1, 0.22235053146928074), (5, 0.33841778878515316)]
[(1, 0.38309766723052985), (5, 0.22036927512299015)]
[(1, 0.2166139214169932), (5, 0.38655272891077175)]
[(1, 0.35791187971817451), (5, 0.25994132871739434), (6, 0.22670849079037181)]
[(1, 0.32574228382574105)]
[(0, 0.28848728879467278)]
[(0, 0.27687556727092272)]
[(0, 0.31690171865167982), (6, 0.24891808820326972)]
[(0, 0.29080361278064287), (6, 0.24329760643981771)]
[(3, 0.72674273313834681), (4, 0.25697399116101138)]
[(1, 0.22946671211450526), (3, 0.33187680781327383), (4, 0.21588656153444011), (6, 0.21616548476454467)]
[(2, 0.29288758590603242), (6, 0.54066389260144487)]
[(0, 0.3846297407470986), (4, 0.23222906996332049), (6, 0.30932508381978835)]
[(6, 0.63310201638217156)]
[(3, 0.20450690941803285), (4, 0.31639762155251727)]
[(3, 0.47055916984672802), (6, 0.28094754266412691)]
[(1, 0.39561242413051556)]
[(1, 0.44773216566930618), (5, 0.22829342125240334)]
[(5, 0.46921055269903783)]
[(1, 0.24569078486597606), (5, 0.25407038227977269)]
[(1, 0.2223505522197769), (5, 0.33841762232450151)]
[(1, 0.38309397354569619), (5, 0.22036644457859891)]
[(1, 0.21661412267116839), (5, 0.38655276409084921)]
[(1, 0.35791151060436865), (5, 0.25993981734723764), (6, 0.22671057830872185)]
[(1, 0.32574614451890765)]
[(0, 0.28848680094958795)]
[(0, 0.27687351444501129)]
[(0, 0.3169007233793531), (6, 0.24892290845905032)]
[(0, 0.29080347643329446), (6, 0.24329710832515014)]
[(3, 0.72675202544374684), (4, 0.25696469779163855)]
[(1, 0.22945678832380972), (3, 0.33188795004682281), (4, 0.21588853792306698), (6, 0.21616229002042744)]
[(2, 0.29282101364148738), (6, 0.54060676412389763)]
[(0, 0.38462906503891725), (4, 0.23222876640474441), (6, 0.30932559457058983)]
[(6, 0.63311708578279446)]
[(3, 0.2045068917303898), (4, 0.31639759402514012)]
[(3, 0.47055886291742388), (6, 0.28094714311649427)]
[(1, 0.39561051098610278)]
[(1, 0.44773280737043963), (5, 0.22829394338746239)]
[(5, 0.46920986771161188)]
[(1, 0.24568959270721888), (5, 0.25407056338122169)]
[(1, 0.2223505521327403), (5, 0.33841766336767609)]
[(1, 0.3830965713522318), (5, 0.22036736789610598)]
[(1, 0.21661421514481846), (5, 0.38655276837788188)]
[(1, 0.35791224043971259), (5, 0.25993929872310756), (6, 0.22671093859508692)]
[(1, 0.32574642901586004)]
[(0, 0.28848711776941854)]
[(0, 0.2768730569052868)]
[(0, 0.31689942622451323), (6, 0.24891768814609141)]
[(0, 0.29080359740719608), (6, 0.24329754405770671)]
[(3, 0.72673983764836536), (4, 0.25697688699876076)]
[(1, 0.22946488402168319), (3, 0.33187794567701823), (4, 0.21588496715126237), (6, 0.21616776939026319)]
[(2, 0.2927492021521107), (6, 0.54055056451263062)]
[(0, 0.38462897275582891), (4, 0.23222898754186327), (6, 0.30932606965636339)]
[(6, 0.63310105823164953)]
[(3, 0.2045068753341274), (4, 0.31639758046269134)]
[(3, 0.47055876430007587), (6, 0.28094700854595628)]
[(1, 0.39561025346487427)]
[(1, 0.44773293263870628), (5, 0.22829409429893516)]
[(5, 0.46920893705077144)]
[(1, 0.24568976444382909), (5, 0.25407008373605366)]
[(1, 0.22235045928096731), (5, 0.33841764385619394)]
[(1, 0.38309733727805367), (5, 0.22036535110959291)]
[(1, 0.21661382774996613), (5, 0.38655261319760087)]
[(1, 0.3579112668974237), (5, 0.25994222209777351), (6, 0.22670745596126884)]
[(1, 0.32574634749992842)]
[(0, 0.28848724298835998)]
[(0, 0.27687289949912441)]
[(0, 0.31690117285375613), (6, 0.2489261399159145)]
[(0, 0.29080315820174918), (6, 0.24329590843525417)]
[(3, 0.72673792255809211), (4, 0.25697880213622121)]
[(1, 0.22946383740546025), (3, 0.33187329999531373), (4, 0.21588750297170911), (6, 0.21617092589570167)]
[(2, 0.29277084541197435), (6, 0.5405670517436294)]
[(0, 0.38462857874453765), (4, 0.23222837687159398), (6, 0.30932589334012928)]
[(6, 0.63311704374702626)]
[(3, 0.20450689361769483), (4, 0.31639758830677622)]
[(3, 0.47055954071572459), (6, 0.28094804234389148)]
[(1, 0.39561346422470406)]
[(1, 0.44773213844406173), (5, 0.22829341389626079)]
[(5, 0.46920695448815203)]
[(1, 0.2456904564371423), (5, 0.25406978737781943)]
[(1, 0.22235065040158447), (5, 0.33841777384691191)]
[(1, 0.38309806537926816), (5, 0.22036513173131919)]
[(1, 0.21661434893597001), (5, 0.38655302989899204)]
[(1, 0.35791147764682807), (5, 0.25993984262434927), (6, 0.22671083732513234)]
[(1, 0.32574544880952644)]
[(0, 0.28848731532462851)]
[(0, 0.27687510930922749)]
[(0, 0.31690027142248106), (6, 0.24892121117474636)]
[(0, 0.29080342831265998), (6, 0.24329694474537769)]
[(3, 0.72674162117193319), (4, 0.25697510331356183)]
[(1, 0.22946454929903268), (3, 0.33187859441664508), (4, 0.21588510881869039), (6, 0.21616731370837916)]
[(2, 0.2928636705944434), (6, 0.54064266902631064)]
[(0, 0.38462845542643465), (4, 0.23222749902813045), (6, 0.30932572732116875)]
[(6, 0.63311584528628828)]
[(3, 0.20450697316464339), (4, 0.31639760571388986)]
[(3, 0.47055955795449739), (6, 0.28094806603894956)]
[(1, 0.39561237371320546)]
[(1, 0.44773228547406518), (5, 0.22829357288572175)]
[(5, 0.46920956227261101)]
[(1, 0.24569055239358331), (5, 0.25407005115967224)]
[(1, 0.22235037589145989), (5, 0.3384171537535432)]
[(1, 0.38309825979513273), (5, 0.22036589060714964)]
[(1, 0.21661442135434741), (5, 0.38655311588025326)]
[(1, 0.35791100938487053), (5, 0.2599407032779476), (6, 0.2267094023494314)]
[(1, 0.32574584428441267)]
[(0, 0.28848738760429854)]
[(0, 0.27687386281803616)]
[(0, 0.31690134847845997), (6, 0.24892582221470444)]
[(0, 0.29080355729239582), (6, 0.24329741206403843)]
[(3, 0.72673538432054874), (4, 0.25698134064852396)]
[(1, 0.22945400732407145), (3, 0.33189072127255004), (4, 0.21588915006027751), (6, 0.2161616876826303)]
[(2, 0.29288878328839263), (6, 0.54066497823820536)]
[(0, 0.38462924940651594), (4, 0.23222794179349365), (6, 0.30932494786839398)]
[(6, 0.63310133181604744)]
[(3, 0.20450697775870053), (4, 0.31639762583966102)]
[(3, 0.47055864486530119), (6, 0.28094685108348905)]
[(1, 0.39561494221204579)]
[(1, 0.44773226451416165), (5, 0.2282934708231)]
[(5, 0.4692112233707797)]
[(1, 0.24569007828941078), (5, 0.25406926713818589)]
[(1, 0.22235036950929826), (5, 0.33841763937449171)]
[(1, 0.38309859691973974), (5, 0.22036583753566269)]
[(1, 0.2166143551440548), (5, 0.38655312757180227)]
[(1, 0.35791096113832455), (5, 0.25994274394552974), (6, 0.22670696569554427)]
[(1, 0.32574618743306172)]
[(0, 0.28848717394393386)]
[(0, 0.27687591626632946)]
[(0, 0.3168999307277468), (6, 0.24891987299611726)]
[(0, 0.29080358869816098), (6, 0.2432975208638653)]
[(3, 0.72673539285784772), (4, 0.25698133209659779)]
[(1, 0.22946062106492399), (3, 0.33187694061858114), (4, 0.21588449608912244), (6, 0.21617350851270267)]
[(2, 0.29293301803483746), (6, 0.54070684355799237)]
[(0, 0.38462825056876315), (4, 0.23222799979110892), (6, 0.30932644035415768)]
[(6, 0.63310112088562376)]
[(3, 0.20450692015117297), (4, 0.31639760525631849)]
[(3, 0.47055875915376011), (6, 0.2809470012606099)]
[(1, 0.39560864624641673)]
[(1, 0.44773273281443843), (5, 0.22829393112921753)]
[(5, 0.46921086900176845)]
[(1, 0.2456902856835266), (5, 0.25406914482728993)]
[(1, 0.22235033106429064), (5, 0.338417650621262)]
[(1, 0.38309637956705905), (5, 0.22036521140579166)]
[(1, 0.21661381231354412), (5, 0.38655267417421035)]
[(1, 0.35791235966466778), (5, 0.25993850571629246), (6, 0.22671201122056231)]
[(1, 0.32574577267015214)]
[(0, 0.28848652910815792)]
[(0, 0.27687224721893466)]
[(0, 0.31690109059075167), (6, 0.24892393355265649)]
[(0, 0.29080326161913844), (6, 0.24329634369214964)]
[(3, 0.72673852703071995), (4, 0.25697819770604163)]
[(1, 0.22945538506601887), (3, 0.33189135130613412), (4, 0.2158864860632787), (6, 0.21616234388130182)]
[(2, 0.29299117133323427), (6, 0.5407681756559467)]
[(0, 0.38462875845117594), (4, 0.23222835260136346), (6, 0.30932573632264376)]
[(6, 0.63311343839436574)]
[(3, 0.20450690711367639), (4, 0.31639761113085563)]
[(3, 0.47055749723687024), (6, 0.28094533534929211)]
[(1, 0.39560697096559944)]
[(1, 0.44773304971762301), (5, 0.22829413673729243)]
[(5, 0.46921104764688887)]
[(1, 0.24569139625928213), (5, 0.25407016251312031)]
[(1, 0.22235032274872954), (5, 0.33841769979604763)]
[(1, 0.38309933667456597), (5, 0.22036565443895026)]
[(1, 0.21661387095891313), (5, 0.3865527583813097)]
[(1, 0.35791179182189609), (5, 0.25993998477284647), (6, 0.22670984567658659)]
[(1, 0.32574589611668225)]
[(0, 0.28848694355635368)]
[(0, 0.27687594936290505)]
[(0, 0.31689995614663458), (6, 0.2489204471660201)]
[(0, 0.2908033084712946), (6, 0.24329644719004417)]
[(3, 0.72674627966074579), (4, 0.25697044409099035)]
[(1, 0.22946725595190329), (3, 0.33187145322299189), (4, 0.21589108569420173), (6, 0.21616577137160575)]
[(2, 0.29292409291439564), (6, 0.54069810306484034)]
[(0, 0.38462897267325868), (4, 0.23222836125815641), (6, 0.3093253477707138)]
[(6, 0.63311320431952467)]
[(3, 0.20450681941331306), (4, 0.31639758589991396)]
[(3, 0.47055822757673021), (6, 0.28094629375265789)]
[(1, 0.3956118713171069)]
[(1, 0.44773321611927847), (5, 0.22829423769565094)]
[(5, 0.46921026844547853)]
[(1, 0.24569003913077156), (5, 0.25406963312319597)]
[(1, 0.22235076398374043), (5, 0.33841776867913403)]
[(1, 0.38309962149054561), (5, 0.2203664185959178)]
[(1, 0.21661399156851097), (5, 0.38655290962272648)]
[(1, 0.35791129218803275), (5, 0.25994161178680403), (6, 0.22670819188029132)]
[(1, 0.32574398810926308)]
[(0, 0.28848674875212404)]
[(0, 0.2768756454433528)]
[(0, 0.31690159496234793), (6, 0.2489185552079933)]
[(0, 0.29080324169992777), (6, 0.24329621660123832)]
[(3, 0.72674312733812951), (4, 0.25697359690550098)]
[(1, 0.22945850703813894), (3, 0.33188748957034825), (4, 0.21588796427146512), (6, 0.21616160541514806)]
[(2, 0.29297295253891614), (6, 0.54074807080186549)]
[(0, 0.38462947548099058), (4, 0.23222879358949144), (6, 0.30932528792680269)]
[(6, 0.63310104860623029)]
[(3, 0.20450690580990721), (4, 0.31639759396762013)]
[(3, 0.4705595136082667), (6, 0.2809480123686186)]
[(1, 0.39560896614462399)]
[(1, 0.4477330034170352), (5, 0.22829416032415092)]
[(5, 0.46921078932400423)]
[(1, 0.24569012575848453), (5, 0.25406985199653154)]
[(1, 0.22235047902916713), (5, 0.33841765221917153)]
[(1, 0.38309711827213278), (5, 0.22036454433337105)]
[(1, 0.21661426378429785), (5, 0.38655274521811561)]
[(1, 0.35791124243301969), (5, 0.25994014759199668), (6, 0.22671014223745056)]
[(1, 0.32574638757435159)]
[(0, 0.2884871878702665)]
[(0, 0.27687593532546806)]
[(0, 0.31689979944800528), (6, 0.24891919694350906)]
[(0, 0.29080354870981023), (6, 0.24329738291442859)]
[(3, 0.72675408228764182), (4, 0.25696264058000556)]
[(1, 0.22945270662665262), (3, 0.33189286218423741), (4, 0.21588874908401284), (6, 0.21616124845294835)]
[(2, 0.29305903614129952), (6, 0.54085203817047833)]
[(0, 0.38462893544019017), (4, 0.23223004364252636), (6, 0.30932655284620325)]
[(6, 0.63311732513064833)]
[(3, 0.20450686597015449), (4, 0.31639758616903119)]
[(3, 0.47055980552286264), (6, 0.28094839686144585)]
[(1, 0.39561586989823722)]
[(1, 0.44773253079483821), (5, 0.22829368886906098)]
[(5, 0.46921092232920508)]
[(1, 0.24569053170075073), (5, 0.25407022745097901)]
[(1, 0.22235032267189128), (5, 0.33841758725946064)]
[(1, 0.383095329396057), (5, 0.22036778164504497)]
[(1, 0.21661423602276891), (5, 0.38655299941448223)]
[(1, 0.35791228813325232), (5, 0.25993880545798176), (6, 0.2267114944354478)]
[(1, 0.32574570514317358)]
[(0, 0.28848720943947426)]
[(0, 0.27687583580717223)]
[(0, 0.31690000343375468), (6, 0.24891927275543491)]
[(0, 0.2908033535084189), (6, 0.24329666935877295)]
[(3, 0.72675858030200335), (4, 0.25695814227618496)]
[(1, 0.22945207845051563), (3, 0.33189111052670167), (4, 0.21588902335951082), (6, 0.21616335402255124)]
[(2, 0.29277877055685408), (6, 0.54057317672058525)]
[(0, 0.38462962926893524), (4, 0.23222953883412883), (6, 0.30932549077738608)]
[(6, 0.63311608400158603)]
[(3, 0.2045069188976634), (4, 0.31639761552846812)]
[(3, 0.47055937836559308), (6, 0.28094783793269812)]
[(1, 0.39560807135078552)]
[(1, 0.44773190403060792), (5, 0.22829319526427219)]
[(5, 0.46920735119035467)]
[(1, 0.24569143208129493), (5, 0.25406876579805659)]
[(1, 0.22235055928391856), (5, 0.3384176362663433)]
[(1, 0.383097620576555), (5, 0.22036602367038782)]
[(1, 0.21661376334631074), (5, 0.38655263425787034)]
[(1, 0.35791237546126181), (5, 0.25993946538130802), (6, 0.22671085034181437)]
[(1, 0.32574268828507491)]
[(0, 0.28848744304435897)]
[(0, 0.27687450046398088)]
[(0, 0.31689963702978952), (6, 0.24891894077238452)]
[(0, 0.29080341204563737), (6, 0.24329685556090674)]
[(3, 0.72675142168095408), (4, 0.25696530172322452)]
[(1, 0.22945527009237365), (3, 0.33188830326023161), (4, 0.21588849634013954), (6, 0.2161634966369764)]
[(2, 0.29290264363183827), (6, 0.54067771958017974)]
[(0, 0.38462927710510147), (4, 0.2322285792739304), (6, 0.30932528918039964)]
[(6, 0.63311360421187102)]
[(3, 0.20450691622431402), (4, 0.31639758665768203)]
[(3, 0.47055853865441416), (6, 0.28094670769772984)]
[(1, 0.39560932820161909)]
[(1, 0.44773298173178971), (5, 0.22829407622390452)]
[(5, 0.46921106599849338)]
[(1, 0.24569074902746008), (5, 0.25407051655410468)]
[(1, 0.2223500850269684), (5, 0.33841743228750931)]
[(1, 0.38309637573204358), (5, 0.22036494777774618)]
[(1, 0.21661428217891912), (5, 0.38655271371287048)]
[(1, 0.35791175748098436), (5, 0.2599393922901555), (6, 0.22671080734592014)]
[(1, 0.32574541894788372)]
[(0, 0.28848542090162815)]
[(0, 0.27687237590973462)]
[(0, 0.3169008659868976), (6, 0.24892376677890465)]
[(0, 0.29080348367215625), (6, 0.24329713989381915)]
[(3, 0.72673487037240891), (4, 0.25698185462864648)]
[(1, 0.22946194533869413), (3, 0.33188752840807911), (4, 0.21588667619605206), (6, 0.21615941631173399)]
[(2, 0.29281397749416693), (6, 0.5406010490649289)]
[(0, 0.38462920094098352), (4, 0.23222755893713515), (6, 0.30932484372826347)]
[(6, 0.63311645719935894)]
[(3, 0.20450698230844527), (4, 0.3163976196863858)]
[(3, 0.47055779323809116), (6, 0.28094571545429464)]
[(1, 0.3956107264487177)]
[(1, 0.44773214471054873), (5, 0.22829346061731945)]
[(5, 0.46921129249699056)]
[(1, 0.24568901902443377), (5, 0.25406990375160521)]
[(1, 0.22235016683106298), (5, 0.3384175367451715)]
[(1, 0.38309740087332833), (5, 0.2203656051894767)]
[(1, 0.21661378545111815), (5, 0.38655267369289614)]
[(1, 0.35791206836690714), (5, 0.25994092152908688), (6, 0.22670852818790313)]
[(1, 0.32574149326395485)]
[(0, 0.28848713137757825)]
[(0, 0.27687402023714536)]
[(0, 0.31690030275598907), (6, 0.24892038676833483)]
[(0, 0.29080360750810808), (6, 0.24329758273952315)]
[(3, 0.72675926476931962), (4, 0.25695745757787508)]
[(1, 0.22946289248586477), (3, 0.33187973659513259), (4, 0.21588466228082806), (6, 0.21616827489529064)]
[(2, 0.29280909848003256), (6, 0.54059711639099262)]
[(0, 0.38462802459994161), (4, 0.23222698548698448), (6, 0.30932635052464169)]
[(6, 0.63310556929285966)]
[(3, 0.20450692243836296), (4, 0.31639761058282595)]
[(3, 0.47055941382331012), (6, 0.28094788081419703)]
[(1, 0.39561082476962284)]
[(1, 0.44773252570934913), (5, 0.22829371557534342)]
[(5, 0.46921054863834394)]
[(1, 0.24568808315893456), (5, 0.2540708730983896)]
[(1, 0.22235004980543605), (5, 0.33841755440843752)]
[(1, 0.38309834345693761), (5, 0.22036694797658909)]
[(1, 0.21661407859126744), (5, 0.38655260145422404)]
[(1, 0.3579114575070303), (5, 0.25993990318641824), (6, 0.2267106083758593)]
[(1, 0.3257456464526835)]
[(0, 0.28848792855188726)]
[(0, 0.27687508352133228)]
[(0, 0.31689967122428148), (6, 0.24891864549132528)]
[(0, 0.2908036792950765), (6, 0.24329784703966589)]
[(3, 0.72673559465577797), (4, 0.25698113029396635)]
[(1, 0.2294639344320589), (3, 0.33187373488367888), (4, 0.21588429502450321), (6, 0.21617360191825385)]
[(2, 0.29288303439651386), (6, 0.54065978564140316)]
[(0, 0.38463017080744832), (4, 0.23223029069990112), (6, 0.30932518749729976)]
[(6, 0.63310221808356171)]
[(3, 0.20450681133211934), (4, 0.31639757813841712)]
[(3, 0.47055824182360689), (6, 0.28094631002434983)]
[(1, 0.39561014188633464)]
[(1, 0.44773325921968193), (5, 0.22829429978763288)]
[(5, 0.46921115886297615)]
[(1, 0.24569059425963991), (5, 0.25406885872602342)]
[(1, 0.22235020931886132), (5, 0.33841747979038816)]
[(1, 0.38309888919257695), (5, 0.22036572833822007)]
[(1, 0.21661380184458873), (5, 0.38655267638133661)]
[(1, 0.35790802176626801), (5, 0.25995000303015936), (6, 0.22670395489713316)]
[(1, 0.32574386100193753)]
[(0, 0.28848555032573303)]
[(0, 0.27687560595347926)]
[(0, 0.31689958610472202), (6, 0.24891870349749967)]
[(0, 0.29080352756742212), (6, 0.24329730191741242)]
[(3, 0.72676433752082759), (4, 0.25695238354516836)]
[(1, 0.2294652246920062), (3, 0.3318735052876402), (4, 0.21588667008238477), (6, 0.21617016618862708)]
[(2, 0.29288003634890619), (6, 0.54065709883472945)]
[(0, 0.38462872970678813), (4, 0.2322291274886511), (6, 0.30932627690908104)]
[(6, 0.63311581951792839)]
[(3, 0.20450689664531826), (4, 0.31639757729628776)]
[(3, 0.47056008856084658), (6, 0.28094877751301939)]
[(1, 0.39561225163441022)]
[(1, 0.44773293841407086), (5, 0.22829397930325876)]
[(5, 0.46920888821937029)]
[(1, 0.2456903021383097), (5, 0.25407001401436713)]
[(1, 0.22235012700019374), (5, 0.33841754356997855)]
[(1, 0.38309570843876301), (5, 0.22036626091350467)]
[(1, 0.21661379182127474), (5, 0.38655241924951278)]
[(1, 0.35791255253274701), (5, 0.25993788445751526), (6, 0.22671224101992171)]
[(1, 0.32574275698330785)]
[(0, 0.28848690547569822)]
[(0, 0.27687403221716317)]
[(0, 0.31689962613269923), (6, 0.24891792792637724)]
[(0, 0.29080329554758044), (6, 0.24329641040304145)]
[(3, 0.7267465305931804), (4, 0.25697019335555349)]
[(1, 0.2294620519534312), (3, 0.33188233514866078), (4, 0.21588829267757886), (6, 0.21616288648935006)]
[(2, 0.29278901092243514), (6, 0.54058116780155763)]
[(0, 0.38462937240605755), (4, 0.23222910909642361), (6, 0.30932550142773929)]
[(6, 0.6331015553987982)]
[(3, 0.20450698451245841), (4, 0.31639762646829001)]
[(3, 0.47055945925213399), (6, 0.28094793973706972)]
[(1, 0.39560930528185956)]
[(1, 0.44773255307841742), (5, 0.22829371428831055)]
[(5, 0.46921099858689774)]
[(1, 0.24569006679352834), (5, 0.25407013357451891)]
[(1, 0.22235029477723503), (5, 0.33841764378379363)]
[(1, 0.38309766509584248), (5, 0.2203671990979236)]
[(1, 0.21661409325913464), (5, 0.38655265533725119)]
[(1, 0.35791250136052116), (5, 0.25993791283489481), (6, 0.22671250155790862)]
[(1, 0.32574258714781718)]
[(0, 0.2884871079374785)]
[(0, 0.2768744779397283)]
[(0, 0.31690075556454189), (6, 0.24892282783994046)]
[(0, 0.29080343141612758), (6, 0.24329695002136667)]
[(3, 0.72674370679508993), (4, 0.256973017391184)]
[(1, 0.22946533649307682), (3, 0.3318779742021809), (4, 0.21588469828009516), (6, 0.21616755725926404)]
[(2, 0.29287438771335128), (6, 0.54065207279893579)]
[(0, 0.38462925479758647), (4, 0.23222824338678075), (6, 0.30932526803037108)]
[(6, 0.63310116183351495)]
[(3, 0.20450691727810721), (4, 0.31639760688361807)]
[(3, 0.4705587932446485), (6, 0.28094703965934603)]
[(1, 0.39560902770603013)]
[(1, 0.4477333809794789), (5, 0.22829442672080449)]
[(5, 0.46920953617036903)]
[(1, 0.24568939963372388), (5, 0.25406983908721431)]
[(1, 0.22235051325447311), (5, 0.33841762923248347)]
[(1, 0.38309645757264849), (5, 0.22036559427247002)]
[(1, 0.21661419785406102), (5, 0.38655272130178864)]
[(1, 0.35791206065151948), (5, 0.25993862066750084), (6, 0.22671161901800801)]
[(1, 0.32574354426750896)]
[(0, 0.28848716400411106)]
[(0, 0.27687179837369902)]
[(0, 0.31690090699331008), (6, 0.24892370795733168)]
[(0, 0.29080341348887262), (6, 0.24329689219581654)]
[(3, 0.72673367883229834), (4, 0.25698304622616741)]
[(1, 0.22946365512721681), (3, 0.33187974603444587), (4, 0.21588648002459762), (6, 0.21616568506685593)]
[(2, 0.29264220685046383), (6, 0.54047256264314458)]
[(0, 0.38462845333148693), (4, 0.23222788604525788), (6, 0.30932616956899633)]
[(6, 0.63311306912046816)]
[(3, 0.20450679666698338), (4, 0.31639760559952979)]
[(3, 0.4705587726619182), (6, 0.28094702442518316)]
[(1, 0.39561113732700059)]
[(1, 0.44773239901436163), (5, 0.22829360480364314)]
[(5, 0.46920841268204921)]
[(1, 0.24568981603381118), (5, 0.25406964390159409)]
[(1, 0.22235042070334887), (5, 0.33841766098478648)]
[(1, 0.38309922782537176), (5, 0.22036595685917731)]
[(1, 0.2166137946698786), (5, 0.38655262820528502)]
[(1, 0.35791173585630265), (5, 0.25993919622017864), (6, 0.22671124434226028)]
[(1, 0.3257462359577048)]
[(0, 0.28848579035205257)]
[(0, 0.27687468793078557)]
[(0, 0.31689973874093413), (6, 0.24891889663404096)]
[(0, 0.29080354214886261), (6, 0.24329734863905186)]
[(3, 0.72675045236134883), (4, 0.25696627118151266)]
[(1, 0.22946260675978408), (3, 0.33187905635977333), (4, 0.21588429154904953), (6, 0.21616961159224654)]
[(2, 0.29276418285142985), (6, 0.54056194033433957)]
[(0, 0.38462952176731402), (4, 0.23222876981806667), (6, 0.30932540699073147)]
[(6, 0.63310612568148972)]
[(3, 0.20450685924852927), (4, 0.31639759633943543)]
[(3, 0.4705583426983268), (6, 0.28094645467206547)]
[(1, 0.39561012471202456)]
[(1, 0.44773248303334745), (5, 0.22829370047033359)]
[(5, 0.46920995837022217)]
[(1, 0.24568875942764895), (5, 0.25407019841595924)]
[(1, 0.22235069071576496), (5, 0.33841767207823853)]
[(1, 0.3830959308346793), (5, 0.22036804790289397)]
[(1, 0.21661389591414368), (5, 0.38655279264160408)]
[(1, 0.3579114451583747), (5, 0.25994077016950862), (6, 0.22670924566685191)]
[(1, 0.32574322259009447)]
[(0, 0.28848707910854299)]
[(0, 0.27687249558890292)]
[(0, 0.31690113981790141), (6, 0.24891634280246411)]
[(0, 0.29080333523336543), (6, 0.24329660520870794)]
[(3, 0.72673665111990304), (4, 0.25698007376907855)]
[(1, 0.22946594773916767), (3, 0.33187437273542109), (4, 0.21588940741407153), (6, 0.21616583835684283)]
[(2, 0.2928860231223297), (6, 0.54066247862361061)]
[(0, 0.38462860189178627), (4, 0.23222762906443478), (6, 0.30932541821883858)]
[(6, 0.63310406580179901)]
[(3, 0.20450695214260056), (4, 0.3163976045260653)]
[(3, 0.47055799698091144), (6, 0.28094598487084177)]
[(1, 0.39560953051862269)]
[(1, 0.44773219733341468), (5, 0.22829341118449817)]
[(5, 0.46920956972612687)]
[(1, 0.2456906878048741), (5, 0.25407033960129355)]
[(1, 0.22235071590540009), (5, 0.33841772161198952)]
[(1, 0.38309709296977662), (5, 0.22036547727701208)]
[(1, 0.2166137898932233), (5, 0.38655266020798584)]
[(1, 0.35791154810863446), (5, 0.25994085181908683), (6, 0.22670954737823168)]
[(1, 0.32574383673187157)]
[(0, 0.28848697633244075)]
[(0, 0.27687293019462383)]
[(0, 0.31689921787843234), (6, 0.24891703895293002)]
[(0, 0.29080322542752096), (6, 0.24329615068726848)]
[(3, 0.72674565994927487), (4, 0.25697106424875121)]
[(1, 0.22946015053794852), (3, 0.3318837084367155), (4, 0.21588998876298648), (6, 0.21616171855298674)]
[(2, 0.29278841697760161), (6, 0.54058070182994122)]
[(0, 0.38462925212198951), (4, 0.23222831165429139), (6, 0.30932572739018416)]
[(6, 0.63310348788865844)]
[(3, 0.20450693761082675), (4, 0.31639759936980971)]
[(3, 0.47055969017380839), (6, 0.28094825014499625)]
[(1, 0.39560649867197556)]
[(1, 0.44773225404309813), (5, 0.22829353410030415)]
[(5, 0.46921128002611928)]
[(1, 0.24569042231889954), (5, 0.25406949639821053)]
[(1, 0.22235051064289063), (5, 0.33841764055673557)]
[(1, 0.38309843301729585), (5, 0.22036554046237461)]
[(1, 0.21661380200314295), (5, 0.38655269688061861)]
[(1, 0.3579127192235661), (5, 0.25993922908833911), (6, 0.22671088542044962)]
[(1, 0.32574352592151679)]
[(0, 0.28848735315419483)]
[(0, 0.27687386116467089)]
[(0, 0.31690081459490205), (6, 0.24892256417903086)]
[(0, 0.29080358182104904), (6, 0.24329749576039883)]
[(3, 0.72674649837769445), (4, 0.25697022568665689)]
[(1, 0.22946352010619181), (3, 0.33187666327585974), (4, 0.21588566354385408), (6, 0.21616971933372903)]
[(2, 0.292725422935605), (6, 0.54053279907028706)]
[(0, 0.38462850310147356), (4, 0.23222834192462646), (6, 0.30932635566597277)]
[(6, 0.63310211316469611)]
[(3, 0.20450682967477574), (4, 0.31639758110002053)]
[(3, 0.47055860700687291), (6, 0.28094680299916325)]
[(1, 0.39561030151931792)]
[(1, 0.44773334145336763), (5, 0.22829433288889467)]
[(5, 0.46920861034299888)]
[(1, 0.24568959628576906), (5, 0.25406969757858494)]
[(1, 0.22235038551291056), (5, 0.33841756096659081)]
[(1, 0.38309645356474481), (5, 0.22036535363119594)]
[(1, 0.21661424392238043), (5, 0.38655273307588717)]
[(1, 0.35791143876909615), (5, 0.25994091617500598), (6, 0.226709111014509)]
[(1, 0.32574557272260191)]
[(0, 0.28848683683642518)]
[(0, 0.27687588582726541)]
[(0, 0.31690027455699676), (6, 0.24892250918690884)]
[(0, 0.29080342672461917), (6, 0.2432969382799596)]
[(3, 0.72675128970490743), (4, 0.25696543377937325)]
[(1, 0.22946595528350855), (3, 0.33187418233975419), (4, 0.21588456235383066), (6, 0.21617086625906043)]
[(2, 0.29307595163533068), (6, 0.54087578704202433)]
[(0, 0.38462897884978964), (4, 0.2322279637443071), (6, 0.30932539459358294)]
[(6, 0.6331015717190247)]
[(3, 0.20450684966278268), (4, 0.31639759828302533)]
[(3, 0.47055800598670783), (6, 0.28094599363413347)]
[(1, 0.39560641517992501)]
[(1, 0.44773200649869288), (5, 0.22829329306720653)]
[(5, 0.46921118351969532)]
[(1, 0.24569113247815244), (5, 0.25407032020469905)]
[(1, 0.22235031516684522), (5, 0.33841760376560853)]
[(1, 0.38309729421231115), (5, 0.22036452333195974)]
[(1, 0.21661387046122416), (5, 0.38655250324789514)]
[(1, 0.35791081400922264), (5, 0.25994167916305083), (6, 0.22670803411338789)]
[(1, 0.32574586888754764)]
[(0, 0.28848669999594251)]
[(0, 0.27687570340135692)]
[(0, 0.31690114606201591), (6, 0.24892353770637504)]
[(0, 0.29080334828307408), (6, 0.24329660913151627)]
[(3, 0.72676211765824861), (4, 0.2569546038213566)]
[(1, 0.22946884630119141), (3, 0.33187385321435409), (4, 0.21588780001415162), (6, 0.21616506668351992)]
[(2, 0.29289513143861279), (6, 0.54067077407977182)]
[(0, 0.38462976926268622), (4, 0.23222904065189182), (6, 0.30932505809281124)]
[(6, 0.6331012841950322)]
[(3, 0.20450683020532051), (4, 0.31639758971173426)]
[(3, 0.47056138642645601), (6, 0.28095049537384231)]
[(1, 0.39560932981617997)]
[(1, 0.44773323884627553), (5, 0.22829429219330774)]
[(5, 0.46921080193896569)]
[(1, 0.24569062929347443), (5, 0.25406896903125292)]
[(1, 0.22235044506220653), (5, 0.33841763600328545)]
[(1, 0.38309769630424484), (5, 0.22036617119785704)]
[(1, 0.21661408016038383), (5, 0.38655285427460612)]
[(1, 0.3579109957330226), (5, 0.25994239904666167), (6, 0.22670729917593668)]
[(1, 0.32574374336572026)]
[(0, 0.28848700003641198)]
[(0, 0.27687234306534719)]
[(0, 0.31689898863752797), (6, 0.2489165202202554)]
[(0, 0.2908036359690373), (6, 0.24329767930349938)]
[(3, 0.72675994684419598), (4, 0.25695677506943243)]
[(1, 0.22947105482208821), (3, 0.33187113462954304), (4, 0.21588893110471835), (6, 0.21616444564022741)]
[(2, 0.29280054720384058), (6, 0.54059028049124014)]
[(0, 0.38462887778056459), (4, 0.2322289369064221), (6, 0.30932592374582085)]
[(6, 0.63310364356609816)]
[(3, 0.20450684098562485), (4, 0.31639759663918665)]
[(3, 0.47055895355531546), (6, 0.2809472723194818)]
[(1, 0.39561153589197207)]
[(1, 0.44773216467306526), (5, 0.2282934201973795)]
[(5, 0.46921105906134092)]
[(1, 0.24569044473515955), (5, 0.25407045422894292)]
[(1, 0.22235055217378144), (5, 0.33841765586782352)]
[(1, 0.38309907900726919), (5, 0.22036579698235814)]
[(1, 0.21661388334014064), (5, 0.38655271052169038)]
[(1, 0.3579110771598315), (5, 0.25994061600582291), (6, 0.22670949520833891)]
[(1, 0.32574601823964927)]
[(0, 0.28848687076341906)]
[(0, 0.27687570050813121)]
[(0, 0.31689940112511183), (6, 0.24891755263674561)]
[(0, 0.29080349839300618), (6, 0.24329719172623715)]
[(3, 0.7267373580699682), (4, 0.2569793667805414)]
[(1, 0.22946233753146209), (3, 0.33188231513064681), (4, 0.2158858623202905), (6, 0.21616505127775837)]
[(2, 0.29299130023884101), (6, 0.54076832111088002)]
[(0, 0.38462917244011219), (4, 0.2322285942135846), (6, 0.30932515471614674)]
[(6, 0.63310343019386117)]
[(3, 0.20450694651139856), (4, 0.31639760537682826)]
[(3, 0.47055992266806806), (6, 0.28094856413333419)]
[(1, 0.39560645824912016)]
[(1, 0.4477323967098461), (5, 0.22829353230400468)]
[(5, 0.46920920608073563)]
[(1, 0.24568987119888863), (5, 0.2540701281049722)]
[(1, 0.22235051209269235), (5, 0.33841772605757448)]
[(1, 0.38309857824434851), (5, 0.22036551053116549)]
[(1, 0.21661410188718808), (5, 0.38655275216735213)]
[(1, 0.35791183254626341), (5, 0.25994036254840946), (6, 0.22670957518440171)]
[(1, 0.32574574909037507)]
[(0, 0.28848573358078705)]
[(0, 0.27687402375069231)]
[(0, 0.31689916346475427), (6, 0.24891671028572745)]
[(0, 0.29080334534557145), (6, 0.24329664623937489)]
[(3, 0.72674109936675357), (4, 0.25697562510902705)]
[(1, 0.22945927728912413), (3, 0.33187904876708202), (4, 0.21588942842304756), (6, 0.21616781183005396)]
[(2, 0.29277307188128876), (6, 0.54056876741715543)]
[(0, 0.38462896346013081), (4, 0.23222863660969748), (6, 0.30932565415711172)]
[(6, 0.63310096707546581)]
[(3, 0.20450687915678631), (4, 0.31639759797932615)]
[(3, 0.47055778856848873), (6, 0.28094570681995823)]
[(1, 0.39561150215485597)]
[(1, 0.44773195753786754), (5, 0.22829326673416006)]
[(5, 0.46921034802422096)]
[(1, 0.24568935262632838), (5, 0.25407013422901226)]
[(1, 0.22235044424656092), (5, 0.33841772951666588)]
[(1, 0.38309777249924781), (5, 0.22036509694431095)]
[(1, 0.21661382743926097), (5, 0.3865527014831614)]
[(1, 0.3579081468979538), (5, 0.25994859659489766), (6, 0.22670450993671154)]
[(1, 0.32574329364295945)]
[(0, 0.28848741825065288)]
[(0, 0.27687560359427477)]
[(0, 0.31690146459473961), (6, 0.24892349714256401)]
[(0, 0.29080366748812214), (6, 0.24329778994491813)]
[(3, 0.72676047197286253), (4, 0.25695624959886199)]
[(1, 0.22945404881287573), (3, 0.33189082704288059), (4, 0.21588842578451461), (6, 0.21616226469683494)]
[(2, 0.29277699755313125), (6, 0.54057180208957745)]
[(0, 0.38462888765472975), (4, 0.23222743591618802), (6, 0.30932553007703179)]
[(6, 0.63311368819890834)]
[(3, 0.20450688366083661), (4, 0.31639759584150579)]
[(3, 0.47055793678912544), (6, 0.28094590502826083)]
[(1, 0.39561095396770052)]
[(1, 0.447731982869217), (5, 0.2282933058143039)]
[(5, 0.46920917010009111)]
[(1, 0.24568915492252588), (5, 0.25407024514425663)]
[(1, 0.22235029113439331), (5, 0.33841764258281065)]
[(1, 0.38309817835423271), (5, 0.22036553206793327)]
[(1, 0.21661373408522736), (5, 0.3865524307956606)]
[(1, 0.35791233225646185), (5, 0.25993893750930502), (6, 0.22671143262770782)]
[(1, 0.32574416812403528)]
[(0, 0.28848689381863341)]
[(0, 0.27687235636720114)]
[(0, 0.31689965037734286), (6, 0.24891761143471761)]
[(0, 0.29080354994320301), (6, 0.24329736887204828)]
[(3, 0.72674655608400007), (4, 0.25697016801125122)]
[(1, 0.22946505610447626), (3, 0.33187798070039404), (4, 0.21588684863161497), (6, 0.21616568080632323)]
[(2, 0.2927446838038637), (6, 0.54054716304142536)]
[(0, 0.38462817726657655), (4, 0.23222650021677987), (6, 0.30932545262756839)]
[(6, 0.63310173057721641)]
[(3, 0.20450688860506255), (4, 0.31639759593308986)]
[(3, 0.47055835040742489), (6, 0.28094645085888548)]
[(1, 0.39561074283502551)]
[(1, 0.44773208327929881), (5, 0.22829328920991382)]
[(5, 0.46921115801948055)]
[(1, 0.24569351059683175), (5, 0.25407005652899206)]
[(1, 0.22235053372761551), (5, 0.33841769385174403)]
[(1, 0.38309890143169217), (5, 0.22036582552409387)]
[(1, 0.21661389466337258), (5, 0.38655276918873838)]
[(1, 0.35791204085095424), (5, 0.25993945976631549), (6, 0.22671085632349194)]
[(1, 0.32574627230193526)]
[(0, 0.28848682680278076)]
[(0, 0.27687365370923112)]
[(0, 0.31690029091826716), (6, 0.24891980130100302)]
[(0, 0.29080326572862475), (6, 0.24329631566134757)]
[(3, 0.72675686215458823), (4, 0.25695986044464719)]
[(1, 0.22945400114236475), (3, 0.33189033915543692), (4, 0.21588892304583682), (6, 0.2161623029962802)]
[(2, 0.29278733811875357), (6, 0.54057985623717286)]
[(0, 0.38462809983505325), (4, 0.23222719836056599), (6, 0.30932586461039102)]
[(6, 0.6331026763126627)]
[(3, 0.20450694156913443), (4, 0.31639759285792585)]
[(3, 0.47055930995075679), (6, 0.28094774039526033)]
[(1, 0.3956076894072646)]
[(1, 0.44773184377879249), (5, 0.22829315425542099)]
[(5, 0.46921037865888937)]
[(1, 0.24568956759024388), (5, 0.25406958368472116)]
[(1, 0.22235026164613458), (5, 0.33841757278238543)]
[(1, 0.38309845098212103), (5, 0.22036567365684337)]
[(1, 0.21661409967098111), (5, 0.38655276598470878)]
[(1, 0.35791140220714845), (5, 0.25994040567817234), (6, 0.22670980891845369)]
[(1, 0.32574408997579934)]
[(0, 0.28848714269977038)]
[(0, 0.27687459710251583)]
[(0, 0.3168993954355217), (6, 0.24891691167856836)]
[(0, 0.29080317054744942), (6, 0.24329599327840057)]
[(3, 0.72673466521119845), (4, 0.25698205980256389)]
[(1, 0.22945339618527011), (3, 0.33189097023590225), (4, 0.21588848517969253), (6, 0.21616271474314866)]
[(2, 0.29271616382710397), (6, 0.54052596510706707)]
[(0, 0.38462896666029661), (4, 0.23222882963532826), (6, 0.30932574478556324)]
[(6, 0.63310395199185632)]
[(3, 0.20450682979725204), (4, 0.31639759619951413)]
[(3, 0.47055851255301384), (6, 0.28094667324702921)]
[(1, 0.39561306008531211)]
[(1, 0.44773254634485615), (5, 0.22829370497026519)]
[(5, 0.46920753295676121)]
[(1, 0.24569116660218107), (5, 0.25406938160588016)]
[(1, 0.22235021633086477), (5, 0.33841745550182473)]
[(1, 0.38309857184299057), (5, 0.22036534372373501)]
[(1, 0.21661408407997781), (5, 0.38655270884223153)]
[(1, 0.35791161816342115), (5, 0.259941210340144), (6, 0.22670884639903285)]
[(1, 0.32574559462250446)]
[(0, 0.2884875661432022)]
[(0, 0.27687281000645708)]
[(0, 0.31689993227720381), (6, 0.24891988474364909)]
[(0, 0.2908033502119482), (6, 0.24329665809462755)]
[(3, 0.72674200866688232), (4, 0.25697471584198933)]
[(1, 0.22945837217356113), (3, 0.33188931602380223), (4, 0.21588778940050826), (6, 0.21616008869414102)]
[(2, 0.2928922955866019), (6, 0.5406681768704934)]
[(0, 0.384630400121865), (4, 0.23223061992099839), (6, 0.30932537351453554)]
[(6, 0.63311626836869939)]
[(3, 0.20450692779237459), (4, 0.31639761631258267)]
[(3, 0.47055968461825864), (6, 0.28094824450840677)]
[(1, 0.39561052898604354)]
[(1, 0.44773226755655932), (5, 0.22829350522840797)]
[(5, 0.46921078462791593)]
[(1, 0.24568983479989936), (5, 0.25406969162002102)]
[(1, 0.22235033908803026), (5, 0.33841726881866918)]
[(1, 0.38309706371605895), (5, 0.22036594733680201)]
[(1, 0.21661410220606414), (5, 0.38655284128214684)]
[(1, 0.35791233198050437), (5, 0.25993923447507944), (6, 0.22671103723637229)]
[(1, 0.32574460812590117)]
[(0, 0.28848705559762428)]
[(0, 0.27687520014778777)]
[(0, 0.3169000260585042), (6, 0.24892030053182601)]
[(0, 0.29080355891367471), (6, 0.24329742141364291)]
[(3, 0.72673803856524299), (4, 0.25697868614154423)]
[(1, 0.22945618350152791), (3, 0.33188158764867814), (4, 0.21588767430152281), (6, 0.21617012088127938)]
[(2, 0.29299286877332231), (6, 0.54077009403385912)]
[(0, 0.38462853031447725), (4, 0.23222762106981223), (6, 0.3093254054400843)]
[(6, 0.63310093817306889)]
[(3, 0.20450684611626924), (4, 0.31639758651328631)]
[(3, 0.47055860213418077), (6, 0.28094679094292829)]
[(1, 0.39561139661491967)]
[(1, 0.44773257361538998), (5, 0.22829376140511101)]
[(5, 0.46920768382876615)]
[(1, 0.24569085920308112), (5, 0.25407043519243383)]
[(1, 0.22235028588380751), (5, 0.3384175321992185)]
[(1, 0.38309829344623947), (5, 0.22036533617340914)]
[(1, 0.21661429960441442), (5, 0.38655292264216906)]
[(1, 0.35791157851177591), (5, 0.25994064095329977), (6, 0.22670902419062167)]
[(1, 0.32574413238558342)]
[(0, 0.28848722529419901)]
[(0, 0.27687535089058063)]
[(0, 0.31689949085463187), (6, 0.24891827872440461)]
[(0, 0.29080367037063248), (6, 0.24329781403824122)]
[(3, 0.72674227160140237), (4, 0.2569744528278905)]
[(1, 0.2294669893791218), (3, 0.33187469141939863), (4, 0.21588750358463268), (6, 0.21616638184765194)]
[(2, 0.29291311001976872), (6, 0.54068756045432553)]
[(0, 0.38462989423851679), (4, 0.23222939927415054), (6, 0.30932494949272993)]
[(6, 0.63310502535523738)]
[(3, 0.20450688117312796), (4, 0.31639758757869052)]
[(3, 0.47055954472097183), (6, 0.28094805688366392)]
[(1, 0.39561345873458242)]
[(1, 0.44773254028004661), (5, 0.22829381244568123)]
[(5, 0.46921084414563008)]
[(1, 0.24569056280577239), (5, 0.25406973389470905)]
[(1, 0.22235040584697857), (5, 0.33841759492217299)]
[(1, 0.38309804493811306), (5, 0.22036556545403121)]
[(1, 0.21661382188245903), (5, 0.38655271938434416)]
[(1, 0.35791188154643333), (5, 0.25993803727344766), (6, 0.22671261162150741)]
[(1, 0.32574579303616225)]
[(0, 0.28848682308167201)]
[(0, 0.27687581000088718)]
[(0, 0.31690118027922054), (6, 0.24892480822289073)]
[(0, 0.29080359464915362), (6, 0.24329754287849598)]
[(3, 0.7267336618392809), (4, 0.25698306325236325)]
[(1, 0.22945740002826129), (3, 0.33188542999795523), (4, 0.21588738974758276), (6, 0.21616534653663969)]
[(2, 0.29287011286117148), (6, 0.54064830199972713)]
[(0, 0.38462898250304345), (4, 0.23222872506875036), (6, 0.30932603085953125)]
[(6, 0.63310581146786182)]
[(3, 0.20450685934191154), (4, 0.31639760210246154)]
[(3, 0.47055886554445842), (6, 0.28094714429490175)]
[(1, 0.3956124316109384)]
[(1, 0.44773300405814154), (5, 0.22829414135612114)]
[(5, 0.469210921953017)]
[(1, 0.24569021157174431), (5, 0.25406992078670299)]
[(1, 0.22235036766458224), (5, 0.33841759201236554)]
[(1, 0.38309791621628836), (5, 0.22036559629436803)]
[(1, 0.21661443604010094), (5, 0.38655299534632276)]
[(1, 0.35790904251438094), (5, 0.25994768828093717), (6, 0.22670561207122283)]
[(1, 0.32574540830917442)]
[(0, 0.28848693967536843)]
[(0, 0.27687296643623854)]
[(0, 0.31689986561628103), (6, 0.24891971737507165)]
[(0, 0.29080322452749879), (6, 0.24329618270419229)]
[(3, 0.72676215638363839), (4, 0.25695456480709872)]
[(1, 0.2294607655864668), (3, 0.33188158549733582), (4, 0.21588603111627494), (6, 0.21616718407922209)]
[(2, 0.29278406202179724), (6, 0.54057729485712047)]
[(0, 0.38462843292165111), (4, 0.23222918627824107), (6, 0.3093265131468812)]
[(6, 0.63311619263170982)]
[(3, 0.20450693700285513), (4, 0.31639761517468162)]
[(3, 0.47055865838971561), (6, 0.28094686671980285)]
[(1, 0.39560890513094699)]
[(1, 0.44773204842615399), (5, 0.22829332771161359)]
[(5, 0.46921110345002903)]
[(1, 0.24569139796173453), (5, 0.25406996530734954)]
[(1, 0.22235030317231563), (5, 0.33841756014479568)]
[(1, 0.38309573190535218), (5, 0.22036682038059521)]
[(1, 0.21661429983401834), (5, 0.38655285424628838)]
[(1, 0.35791120467077259), (5, 0.25994175378663525), (6, 0.22670784750435402)]
[(1, 0.32574477290388981)]
[(0, 0.28848634490816949)]
[(0, 0.27687431117174899)]
[(0, 0.31689971169017911), (6, 0.24891885558282212)]
[(0, 0.29080365288042892), (6, 0.24329775460279374)]
[(3, 0.72674819694584447), (4, 0.25696852699627565)]
[(1, 0.22945735717970805), (3, 0.33188631125359974), (4, 0.21588796221511661), (6, 0.21616393566185496)]
[(2, 0.29295417104032245), (6, 0.54072822580858715)]
[(0, 0.38462881643281138), (4, 0.23222932327002543), (6, 0.30932599487738249)]
[(6, 0.63310316419843427)]
[(3, 0.20450690065790689), (4, 0.31639760543657502)]
[(3, 0.47055949576755995), (6, 0.28094798249807856)]
[(1, 0.39561102931809072)]
[(1, 0.44773282916501089), (5, 0.22829387755545014)]
[(5, 0.46921119872512107)]
[(1, 0.24569058700857999), (5, 0.25407011528208978)]
[(1, 0.22235020928703139), (5, 0.3384175657575576)]
[(1, 0.38309792258073533), (5, 0.22036518049074832)]
[(1, 0.21661405466161168), (5, 0.38655257136936061)]
[(1, 0.35791118879537837), (5, 0.25994188244417343), (6, 0.22670781224314984)]
[(1, 0.32574582367412008)]
[(0, 0.28848624291081193)]
[(0, 0.27687175312661733)]
[(0, 0.31690063801413115), (6, 0.24892268064116257)]
[(0, 0.29080347326438544), (6, 0.24329710611741698)]
[(3, 0.72673879262805086), (4, 0.25697793212508446)]
[(1, 0.22946064107164008), (3, 0.33188012466474309), (4, 0.21588745160150508), (6, 0.21616734894949685)]
[(2, 0.29267673149741286), (6, 0.54049727832134775)]
[(0, 0.38462979216660692), (4, 0.23222893229233973), (6, 0.30932484707923646)]
[(6, 0.63310125231273795)]
[(3, 0.20450688811648249), (4, 0.31639760345877499)]
[(3, 0.470559014508589), (6, 0.28094735129410969)]
[(1, 0.3956107340711984)]
[(1, 0.44773248465478827), (5, 0.2282936884507705)]
[(5, 0.4692111334258432)]
[(1, 0.24569145669052567), (5, 0.25407011398081825)]
[(1, 0.22235017841223387), (5, 0.33841769451623127)]
[(1, 0.38309759935764653), (5, 0.22036537650526633)]
[(1, 0.2166143389386839), (5, 0.38655299019834494)]
[(1, 0.35791133689372223), (5, 0.25994193197572446), (6, 0.22670763217372306)]
[(1, 0.32574576931734589)]
[(0, 0.28848704015920573)]
[(0, 0.27687608143462117)]
[(0, 0.31690045046098392), (6, 0.24892225422638756)]
[(0, 0.29080346179578487), (6, 0.24329706813581872)]
[(3, 0.72675920842220021), (4, 0.25695751345220513)]
[(1, 0.22946246427448508), (3, 0.33187774626204147), (4, 0.21588689861373975), (6, 0.21616845712133909)]
[(2, 0.2928614381271572), (6, 0.54064073090180242)]
[(0, 0.38462876529642537), (4, 0.23222804056689991), (6, 0.30932566614417539)]
[(6, 0.63310216633262684)]
[(3, 0.20450686704139953), (4, 0.31639759045798482)]
[(3, 0.47055843561407296), (6, 0.28094656998303086)]
[(1, 0.39561087298330183)]
[(1, 0.44773285300336524), (5, 0.22829399856115573)]
[(5, 0.46921109746879186)]
[(1, 0.24569110617249998), (5, 0.25407023851698063)]
[(1, 0.22235012818762109), (5, 0.33841757029008196)]
[(1, 0.38309745525056899), (5, 0.22036859487011934)]
[(1, 0.21661442918984242), (5, 0.38655316058243649)]
[(1, 0.35791158297820258), (5, 0.25994103808494984), (6, 0.22670892124076902)]
[(1, 0.32574355213998463)]
[(0, 0.28848704618550453)]
[(0, 0.27687348510213078)]
[(0, 0.31690053012084335), (6, 0.24892179690870908)]
[(0, 0.29080328319421345), (6, 0.24329636444850114)]
[(3, 0.72674393181904973), (4, 0.25697279240226317)]
[(1, 0.2294670677440902), (3, 0.33187269476084719), (4, 0.21588545530345474), (6, 0.21617034842117455)]
[(2, 0.29310363558224589), (6, 0.54091850504073624)]
[(0, 0.38462879586118498), (4, 0.23222950349941188), (6, 0.30932645660515917)]
[(6, 0.63310714890053243)]
[(3, 0.20450684074904193), (4, 0.3163975843127031)]
[(3, 0.47055844274672648), (6, 0.28094658362055697)]
[(1, 0.39560846632302832)]
[(1, 0.44773299080395318), (5, 0.22829410156325639)]
[(5, 0.46920696444896931)]
[(1, 0.24569094837363434), (5, 0.25407049535115495)]
[(1, 0.222350465088794), (5, 0.338417756677662)]
[(1, 0.38309759598733606), (5, 0.22036556299598659)]
[(1, 0.21661381885477035), (5, 0.38655264602973094)]
[(1, 0.35791164318020507), (5, 0.25994039262073065), (6, 0.22670994024465546)]
[(1, 0.32574320494899495)]
[(0, 0.28848675410475383)]
[(0, 0.27687586869843195)]
[(0, 0.31690132748563266), (6, 0.24892564392472732)]
[(0, 0.29080354473171799), (6, 0.24329736175693198)]
[(3, 0.72674376547193142), (4, 0.25697295867409131)]
[(1, 0.22945832099614535), (3, 0.33188440433389199), (4, 0.21588745190613867), (6, 0.21616538906670271)]
[(2, 0.29284733408108587), (6, 0.54062864490177365)]
[(0, 0.38462931403006662), (4, 0.23222935965414801), (6, 0.30932561765356198)]
[(6, 0.63310307426593548)]
[(3, 0.20450690531400073), (4, 0.31639761042636788)]
[(3, 0.47056005744605156), (6, 0.28094874601975733)]
[(1, 0.39561235099991615)]
[(1, 0.44773213683992269), (5, 0.22829352833252825)]
[(5, 0.4692080107605216)]
[(1, 0.2456895955192536), (5, 0.25406953190020526)]
[(1, 0.22235053451485259), (5, 0.33841769327696358)]
[(1, 0.38309674473945821), (5, 0.22036801445851223)]
[(1, 0.21661396680208475), (5, 0.38655242029118264)]
[(1, 0.35791046796196696), (5, 0.2599428260563536), (6, 0.22670711161495208)]
[(1, 0.32574633125107261)]
[(0, 0.2884873496360329)]
[(0, 0.2768749811125561)]
[(0, 0.31689926194499779), (6, 0.24891679700256292)]
[(0, 0.29080352783305569), (6, 0.24329729908999947)]
[(3, 0.72674332573533196), (4, 0.25697339859497509)]
[(1, 0.2294620963149199), (3, 0.33188100293833467), (4, 0.21588609430233954), (6, 0.21616637271070219)]
[(2, 0.29312000410786693), (6, 0.54094716109181218)]
[(0, 0.38462866298111753), (4, 0.2322279078142975), (6, 0.30932536311568465)]
[(6, 0.63310214792460751)]
[(3, 0.2045069038349358), (4, 0.31639761160494556)]
[(3, 0.47055873567340989), (6, 0.28094697284576159)]
[(1, 0.39561215993124371)]
[(1, 0.447732615289475), (5, 0.22829379179831666)]
[(5, 0.46921063759526788)]
[(1, 0.24569404195705227), (5, 0.25406956882275578)]
[(1, 0.22235073655918844), (5, 0.33841777662550832)]
[(1, 0.38309876023783368), (5, 0.2203654334077173)]
[(1, 0.21661397896228302), (5, 0.38655253830760655)]
[(1, 0.35791157613344404), (5, 0.25994031896506137), (6, 0.22670978143717788)]
[(1, 0.32574316470039133)]
[(0, 0.28848648227885498)]
[(0, 0.27687558007065394)]
[(0, 0.31689956078637521), (6, 0.24891884146710125)]
[(0, 0.29080345572845862), (6, 0.2432970469708674)]
[(3, 0.72673979174649372), (4, 0.25697693287418327)]
[(1, 0.2294554700414336), (3, 0.33188916556922976), (4, 0.21588838728229653), (6, 0.21616254343237601)]
[(2, 0.29299004022499903), (6, 0.54076690045893505)]
[(0, 0.38462944730260434), (4, 0.23222824896109401), (6, 0.30932508507230888)]
[(6, 0.63311641112507178)]
[(3, 0.20450668881450043), (4, 0.31639754496626532)]
[(3, 0.47056099453974826), (6, 0.2809499908105792)]
[(1, 0.39560858625648948)]
[(1, 0.44773268771339397), (5, 0.2282938465537368)]
[(5, 0.46921114578475243)]
[(1, 0.24569099539505193), (5, 0.25407046456749249)]
[(1, 0.22235002512377663), (5, 0.33841758022929658)]
[(1, 0.38309703696687836), (5, 0.22036591223193433)]
[(1, 0.21661383353764763), (5, 0.38655261206933428)]
[(1, 0.35791126690275588), (5, 0.25994005094784339), (6, 0.22671009446935536)]
[(1, 0.3257439890066664)]
[(0, 0.28848641263453023)]
[(0, 0.27687367639684674)]
[(0, 0.31689986349848703), (6, 0.24891917237959088)]
[(0, 0.2908034356201149), (6, 0.24329696789585059)]
[(3, 0.72674587504363175), (4, 0.25697084897204803)]
[(1, 0.2294647805042721), (3, 0.33187438712818723), (4, 0.21588533739949936), (6, 0.21617106121664284)]
[(2, 0.29294890176377314), (6, 0.540722807375148)]
[(0, 0.38462929357821413), (4, 0.23222890227956045), (6, 0.30932521494973086)]
[(6, 0.63310975172093631)]
[(3, 0.20450697752035746), (4, 0.31639761142990042)]
[(3, 0.47055995098499237), (6, 0.28094859195841004)]
[(1, 0.39561858090762464)]
[(1, 0.44773154769450529), (5, 0.22829289013126175)]
[(5, 0.46921069877320626)]
[(1, 0.2456930837159178), (5, 0.25406972042705656)]
[(1, 0.22235073080284737), (5, 0.33841770316085595)]
[(1, 0.38309796481917674), (5, 0.22036526249957564)]
[(1, 0.216613762310328), (5, 0.3865526141543848)]
[(1, 0.35791221435458259), (5, 0.25993944537720992), (6, 0.22671121197020286)]
[(1, 0.32574587294660667)]
[(0, 0.28848597060033909)]
[(0, 0.27687352397669757)]
[(0, 0.31690041378397971), (6, 0.24892210560446107)]
[(0, 0.29080326982905647), (6, 0.24329636974009802)]
[(3, 0.72675205157459355), (4, 0.25696467175705423)]
[(1, 0.2294634298565047), (3, 0.33187577860350143), (4, 0.21588674569890123), (6, 0.21616961210629401)]
[(2, 0.2928332086558722), (6, 0.54061679934178763)]
[(0, 0.38462773119429172), (4, 0.23222448036455723), (6, 0.3093238369840135)]
[(6, 0.63310285057433791)]
[(3, 0.20450689774598171), (4, 0.316397600601527)]
[(3, 0.47055960457497986), (6, 0.2809481398759332)]
[(1, 0.39561667510808973)]
[(1, 0.44773227790834003), (5, 0.22829357888441801)]
[(5, 0.46920760732602756)]
[(1, 0.2456894437645922), (5, 0.25407043426016696)]
[(1, 0.22235021528720184), (5, 0.3384172063030747)]
[(1, 0.38309770959030798), (5, 0.22036791983309589)]
[(1, 0.21661392934077225), (5, 0.38655247394220837)]
[(1, 0.35791233798112138), (5, 0.25994169440686166), (6, 0.22670766090880473)]
[(1, 0.32574624214025383)]
[(0, 0.2884867325649817)]
[(0, 0.27687553996638925)]
[(0, 0.31690070579642371), (6, 0.24892165780732517)]
[(0, 0.29080349107566378), (6, 0.2432971687266883)]
[(3, 0.72673677226066757), (4, 0.25697995262765772)]
[(1, 0.2294701393876929), (3, 0.33187489530228331), (4, 0.21588309116195634), (6, 0.21616744033362595)]
[(2, 0.29284201361378648), (6, 0.54062415405920661)]
[(0, 0.38462906621726412), (4, 0.23222869577557681), (6, 0.30932548493805873)]
[(6, 0.63310474660544769)]
[(3, 0.20450684916808259), (4, 0.3163975890421305)]
[(3, 0.4705590220402005), (6, 0.28094736315072794)]
[(1, 0.39561127373529337)]
[(1, 0.44773260441521595), (5, 0.22829383749161802)]
[(5, 0.4692107561638213)]
[(1, 0.24569069026940543), (5, 0.25407028455699937)]
[(1, 0.22235059030140306), (5, 0.33841770566896023)]
[(1, 0.38310026792067109), (5, 0.22036639469933361)]
[(1, 0.21661415545266577), (5, 0.38655275968594655)]
[(1, 0.35791302900721383), (5, 0.25993731316662505), (6, 0.22671327784863468)]
[(1, 0.32574578130663007)]
[(0, 0.28848691559351253)]
[(0, 0.27687565072587189)]
[(0, 0.31690059334765142), (6, 0.24892160780828732)]
[(0, 0.29080358383851501), (6, 0.24329749490923716)]
[(3, 0.72674364755813936), (4, 0.25697307674528164)]
[(1, 0.22945920128579914), (3, 0.33188360324649024), (4, 0.21588940675239188), (6, 0.21616335501511316)]
[(2, 0.29291706440537796), (6, 0.54069133061856756)]
[(0, 0.38462931294507891), (4, 0.23222821453129155), (6, 0.30932508456716218)]
[(6, 0.63310673527380745)]
[(3, 0.20450689289371865), (4, 0.31639759500173054)]
[(3, 0.47055893671271515), (6, 0.28094724055009063)]
[(1, 0.39560814791584531)]
[(1, 0.44773233739927282), (5, 0.2282935898864307)]
[(5, 0.4692112188373096)]
[(1, 0.24568996935185955), (5, 0.25406934196422637)]
[(1, 0.22235032361373602), (5, 0.33841757518070537)]
[(1, 0.38309812339791927), (5, 0.22036833610520146)]
[(1, 0.21661405241469958), (5, 0.38655249122147251)]
[(1, 0.3579124113431707), (5, 0.25993889652501978), (6, 0.22671135393320729)]
[(1, 0.32574547285268329)]
[(0, 0.28848742127372984)]
[(0, 0.27687515078433234)]
[(0, 0.31689928873189105), (6, 0.24891702042299105)]
[(0, 0.29080351794172232), (6, 0.24329726370469251)]
[(3, 0.72674102830337417), (4, 0.25697569614568461)]
[(1, 0.22945967039131182), (3, 0.33188465485200852), (4, 0.21588577976792434), (6, 0.21616546127239919)]
[(2, 0.29304601286496934), (6, 0.54083466135707492)]
[(0, 0.38462931908572495), (4, 0.23222872644886974), (6, 0.3093254570707516)]
[(6, 0.63310519907598661)]
[(3, 0.2045068116058967), (4, 0.3163975689139788)]
[(3, 0.47055815404431117), (6, 0.28094619693773437)]
[(1, 0.39560652249444472)]
[(1, 0.44773181159463804), (5, 0.22829318221036524)]
[(5, 0.46921073133142233)]
[(1, 0.24569163401736649), (5, 0.25406928892474218)]
[(1, 0.22235036640204342), (5, 0.33841760869372106)]
[(1, 0.38309761136008591), (5, 0.22036568157049288)]
[(1, 0.21661421384395624), (5, 0.38655272481691821)]
[(1, 0.35791099434447388), (5, 0.25994009092999881), (6, 0.22671041213537851)]
[(1, 0.32574586258919536)]
[(0, 0.28848538452858469)]
[(0, 0.27687399720794365)]
[(0, 0.31690102547867799), (6, 0.24892400411453217)]
[(0, 0.29080341489846329), (6, 0.24329689473989943)]
[(3, 0.72674041973566039), (4, 0.25697630486996259)]
[(1, 0.22946163979461498), (3, 0.33187872763639598), (4, 0.21588688514867943), (6, 0.21616831369862854)]
[(2, 0.29312828789466183), (6, 0.54096320105228213)]
[(0, 0.38462896311594613), (4, 0.23222897213238716), (6, 0.30932580318711533)]
[(6, 0.63310206996939566)]
[(3, 0.20450696741255231), (4, 0.3163976100283028)]
[(3, 0.47055913648275194), (6, 0.28094750909013932)]
[(1, 0.39561386372720742)]
[(1, 0.44773207567328283), (5, 0.22829336370207792)]
[(5, 0.46921132054606352)]
[(1, 0.24568960350899446), (5, 0.25406950980590209)]
[(1, 0.2223504301544536), (5, 0.33841753720895668)]
[(1, 0.38309875201689886), (5, 0.22036613511665867)]
[(1, 0.2166141753344332), (5, 0.38655270321868473)]
[(1, 0.35791247429871853), (5, 0.25993750061901905), (6, 0.22671287736056522)]
[(1, 0.32574467147379393)]
[(0, 0.2884872602143555)]
[(0, 0.27687347333809587)]
[(0, 0.31689896215446289), (6, 0.24891884331438743)]
[(0, 0.29080324866843288), (6, 0.24329629852593995)]
[(3, 0.72674348247627729), (4, 0.25697324196716881)]
[(1, 0.22946289533475289), (3, 0.33187930789164538), (4, 0.2158889176283319), (6, 0.21616444541348248)]
[(2, 0.29278603923185587), (6, 0.54057883958066388)]
[(0, 0.38463023375724875), (4, 0.23222999242720865), (6, 0.309325175507283)]
[(6, 0.63311345079103898)]
[(3, 0.20450694497226618), (4, 0.31639760711755144)]
[(3, 0.47055939132313357), (6, 0.28094783724383071)]
[(1, 0.39560914682331771)]
[(1, 0.4477320498064522), (5, 0.22829337793101329)]
[(5, 0.46920754396431136)]
[(1, 0.24569100200581875), (5, 0.25406990676217062)]
[(1, 0.22235054789425421), (5, 0.33841756682288821)]
[(1, 0.38309858332268037), (5, 0.22036549939402758)]
[(1, 0.21661387487244096), (5, 0.38655278294817635)]
[(1, 0.35791165935793673), (5, 0.25994008549152914), (6, 0.22671007124108933)]
[(1, 0.32574440884657035)]
[(0, 0.28848655561824477)]
[(0, 0.27687508376974207)]
[(0, 0.31690097960604469), (6, 0.24892407906398589)]
[(0, 0.29080357898312464), (6, 0.24329748078430763)]
[(3, 0.72673960751142463), (4, 0.25697711713387633)]
[(1, 0.22945278367044283), (3, 0.33189216828902834), (4, 0.21588922284676643), (6, 0.21616139154348255)]
[(2, 0.29286687909977721), (6, 0.54064546691279314)]
[(0, 0.38462882614611865), (4, 0.23222820415507422), (6, 0.30932571912519641)]
[(6, 0.63310256444504531)]
[(3, 0.20450690203357413), (4, 0.31639759391527938)]
[(3, 0.47055967153572814), (6, 0.28094822968218625)]
[(1, 0.39561165824813604)]
[(1, 0.4477325386582966), (5, 0.22829374490343265)]
[(5, 0.46921047734777172)]
[(1, 0.24569086510850305), (5, 0.25407052247641498)]
[(1, 0.22235049475676441), (5, 0.33841752953239801)]
[(1, 0.38309857894060712), (5, 0.22036539651247003)]
[(1, 0.21661383109947019), (5, 0.38655274024014719)]
[(1, 0.35791162249385367), (5, 0.25994014777000951), (6, 0.22671036229192879)]
[(1, 0.32574642182854424)]
[(0, 0.28848694387206603)]
[(0, 0.27687206767594441)]
[(0, 0.31690053133617091), (6, 0.24892334778311279)]
[(0, 0.2908036085268198), (6, 0.24329759070285292)]
[(3, 0.72674987211463382), (4, 0.25696685140368741)]
[(1, 0.22945664337687546), (3, 0.33188963958701856), (4, 0.21588853091083432), (6, 0.21616075243710717)]
[(2, 0.29283190277898957), (6, 0.54061571666025787)]
[(0, 0.38462913997854564), (4, 0.23222879332992877), (6, 0.30932556814698686)]
[(6, 0.63310627487738813)]
[(3, 0.20450689262105495), (4, 0.31639760015193769)]
[(3, 0.47055798711558033), (6, 0.28094597131714738)]
[(1, 0.39561100324920262)]
[(1, 0.44773236894875479), (5, 0.22829354118016609)]
[(5, 0.46921059529096465)]
[(1, 0.24569101411505731), (5, 0.25406879999113385)]
[(1, 0.22235053891167106), (5, 0.33841766995967132)]
[(1, 0.38309730781268181), (5, 0.22036747012190133)]
[(1, 0.21661429504787483), (5, 0.38655298155101708)]
[(1, 0.35791121252083508), (5, 0.2599419529262928), (6, 0.22670754232529194)]
[(1, 0.32574525168360263)]
[(0, 0.28848642673068192)]
[(0, 0.27687297965563301)]
[(0, 0.31690144031990364), (6, 0.24892508953535056)]
[(0, 0.2908033592247512), (6, 0.2432966928543796)]
[(3, 0.72673441172780306), (4, 0.25698231331390353)]
[(1, 0.2294556928020596), (3, 0.33188782748002954), (4, 0.2158879443308824), (6, 0.21616410171191414)]
[(2, 0.29277003639426702), (6, 0.54056642912319453)]
[(0, 0.38462830568463879), (4, 0.23222822992047207), (6, 0.30932616278518515)]
[(6, 0.63310166156514269)]
[(3, 0.20450693291933333), (4, 0.31639760865786493)]
[(3, 0.4705591186751929), (6, 0.28094752450773502)]
[(1, 0.39560963835218677)]
[(1, 0.44773262775019029), (5, 0.22829376976256668)]
[(5, 0.46920814685814483)]
[(1, 0.24569044110535038), (5, 0.25407042461641949)]
[(1, 0.22235026800567886), (5, 0.33841758141365391)]
[(1, 0.38309478659529972), (5, 0.22036654986075413)]
[(1, 0.21661432384534918), (5, 0.38655301216725646)]
[(1, 0.35791180939817618), (5, 0.25994071472121294), (6, 0.22670876673378038)]
[(1, 0.32574609595868043)]
[(0, 0.28848731659235621)]
[(0, 0.27687306563218833)]
[(0, 0.31689925458575535), (6, 0.24891745969372614)]
[(0, 0.29080352853567204), (6, 0.24329730422954851)]
[(3, 0.7267616405517453), (4, 0.25695508029969227)]
[(1, 0.22945554979281635), (3, 0.33188865160121611), (4, 0.21588828294981471), (6, 0.21616308198153614)]
[(2, 0.29296872385298828), (6, 0.54074352691365024)]
[(0, 0.3846296449595844), (4, 0.23222921132951152), (6, 0.30932511898398107)]
[(6, 0.63310332870144737)]
[(3, 0.20450686786437566), (4, 0.31639759383591054)]
[(3, 0.47055839032082841), (6, 0.2809465052345359)]
[(1, 0.39560814919211951)]
[(1, 0.44773283519470491), (5, 0.22829397239391341)]
[(5, 0.46921081996872094)]
[(1, 0.24568997233004647), (5, 0.25406961012650897)]
[(1, 0.22235035666339684), (5, 0.33841764592688323)]
[(1, 0.38309665496417505), (5, 0.22036487355516365)]
[(1, 0.2166143199163407), (5, 0.38655278274902743)]
[(1, 0.35791194646842739), (5, 0.25993863781519427), (6, 0.22671189783142609)]
[(1, 0.32574549618580062)]
[(0, 0.28848684062322233)]
[(0, 0.27687576077745329)]
[(0, 0.3169007493578006), (6, 0.24892224849642)]
[(0, 0.29080359884839102), (6, 0.24329756495032104)]
[(3, 0.72674054218006134), (4, 0.25697618233791941)]
[(1, 0.22945861880924343), (3, 0.331886390742413), (4, 0.2158880272787001), (6, 0.2161625294661581)]
[(2, 0.29277014775095311), (6, 0.54056651483687324)]
[(0, 0.38462887174453303), (4, 0.2322290013743214), (6, 0.30932653132930071)]
[(6, 0.63310115287507041)]
[(3, 0.20450689654173906), (4, 0.31639758657828881)]
[(3, 0.47055885778493373), (6, 0.28094713252951881)]
[(1, 0.39561163967290192)]
[(1, 0.4477330238262916), (5, 0.22829409347572319)]
[(5, 0.4692073623272961)]
[(1, 0.24568945197554168), (5, 0.25406974380128683)]
[(1, 0.22235038027865547), (5, 0.33841761647676549)]
[(1, 0.38309726740822064), (5, 0.22036607863041677)]
[(1, 0.21661402050706816), (5, 0.38655253261452843)]
[(1, 0.35791178824320952), (5, 0.25993996452148671), (6, 0.22671002085836786)]
[(1, 0.3257459214057733)]
[(0, 0.28848722487662098)]
[(0, 0.27687430519582162)]
[(0, 0.31689991641888299), (6, 0.24891985465479546)]
[(0, 0.29080358779764254), (6, 0.24329751505995731)]
[(3, 0.72674694480405477), (4, 0.25696977919192582)]
[(1, 0.22945316505781449), (3, 0.33189146758868987), (4, 0.21588893803131648), (6, 0.21616199566866087)]
[(2, 0.29294573702141147), (6, 0.54071958312166102)]
[(0, 0.38462916421681526), (4, 0.23222949185173972), (6, 0.30932600814526956)]
[(6, 0.63311676548658002)]
[(3, 0.20450691332808293), (4, 0.31639759819302415)]
[(3, 0.47055893603457777), (6, 0.28094724819568156)]
[(1, 0.39560839376154167)]
[(1, 0.44773226228148483), (5, 0.22829350689073957)]
[(5, 0.46921053494483622)]
[(1, 0.24568949561356249), (5, 0.25406967756715726)]
[(1, 0.22235064244302244), (5, 0.33841768413796591)]
[(1, 0.38309863547198486), (5, 0.22036573891461297)]
[(1, 0.21661408854419339), (5, 0.38655272482617831)]
[(1, 0.35791121365468598), (5, 0.2599407055642256), (6, 0.22670906552927517)]
[(1, 0.32574292987755565)]
[(0, 0.2884871387010729)]
[(0, 0.27687574690873984)]
[(0, 0.3169007353508948), (6, 0.24892350000217861)]
[(0, 0.29080344318495188), (6, 0.24329699519355827)]
[(3, 0.72673494510373027), (4, 0.25698177990031035)]
[(1, 0.22946387359230663), (3, 0.3318770193426438), (4, 0.21588590974848354), (6, 0.21616876357213927)]
[(2, 0.29281291385073349), (6, 0.54060018953219813)]
[(0, 0.38462866868743451), (4, 0.23222855491873889), (6, 0.30932588404316308)]
[(6, 0.63310136480380541)]
[(3, 0.2045068848809827), (4, 0.3163976126979608)]
[(3, 0.47055932478949047), (6, 0.2809477565905753)]
[(1, 0.39561045202566669)]
[(1, 0.44773258216674555), (5, 0.22829373043887508)]
[(5, 0.46921046443234926)]
[(1, 0.24569102369618478), (5, 0.25407014789328042)]
[(1, 0.22235048617296679), (5, 0.33841774004416292)]
[(1, 0.3830975193140288), (5, 0.220365678934171)]
[(1, 0.21661426297781369), (5, 0.3865528941616988)]
[(1, 0.35791232243402593), (5, 0.25993845298494983), (6, 0.22671159486900838)]
[(1, 0.32574513408989048)]
[(0, 0.2884869459761224)]
[(0, 0.27687456624605816)]
[(0, 0.31690107483210406), (6, 0.24891822830250449)]
[(0, 0.29080328955706303), (6, 0.24329642648151634)]
[(3, 0.72674413714750108), (4, 0.25697258704635201)]
[(1, 0.22945881512637856), (3, 0.3318826996469772), (4, 0.2158870696986577), (6, 0.21616698182846658)]
[(2, 0.29270904782676849), (6, 0.54052074115723647)]
[(0, 0.38462934347581018), (4, 0.23222896791588599), (6, 0.30932534351444313)]
[(6, 0.63310587124480944)]
[(3, 0.20450690121519113), (4, 0.31639760327090771)]
[(3, 0.47056139083424148), (6, 0.28095052605774679)]
[(1, 0.39561100044738495)]
[(1, 0.44773259531020365), (5, 0.22829373823891053)]
[(5, 0.46921093770536182)]
[(1, 0.24569054769224591), (5, 0.25406948231825993)]
[(1, 0.22235041798617503), (5, 0.33841757444755999)]
[(1, 0.38309763372804595), (5, 0.22036573634631312)]
[(1, 0.21661369253340806), (5, 0.3865522761674528)]
[(1, 0.35791225787972386), (5, 0.25993965043660355), (6, 0.2267104579838706)]
[(1, 0.32574593026920345)]
[(0, 0.28848651688068683)]
[(0, 0.27687369001837264)]
[(0, 0.31690071042060669), (6, 0.24892227554362528)]
[(0, 0.29080345654537032), (6, 0.24329705005311389)]
[(3, 0.726739547418225), (4, 0.2569771771204562)]
[(1, 0.22945818131808035), (3, 0.33188467398602312), (4, 0.21588779719590559), (6, 0.21616491380462804)]
[(2, 0.29285762855442038), (6, 0.54063743972589373)]
[(0, 0.38462907478742397), (4, 0.23222796219032055), (6, 0.30932530800554664)]
[(6, 0.63310191331289101)]
[(3, 0.20450678555037427), (4, 0.31639757060808399)]
[(3, 0.47055865557660254), (6, 0.28094685942952935)]
[(1, 0.39561273835207428)]
[(1, 0.44773243513889849), (5, 0.22829368158536315)]
[(5, 0.46921071733609343)]
[(1, 0.24569108543142268), (5, 0.25407041388781965)]
[(1, 0.22235061050811913), (5, 0.33841773551398363)]
[(1, 0.3830988072318417), (5, 0.2203663681660368)]
[(1, 0.21661378404444293), (5, 0.38655260168034961)]
[(1, 0.35791110522257408), (5, 0.25994339286374285), (6, 0.22670606488425102)]
[(1, 0.32574319713807176)]
[(0, 0.28848722804770777)]
[(0, 0.27687475713063309)]
[(0, 0.31690180845096011), (6, 0.24892645213652137)]
[(0, 0.29080363621008276), (6, 0.24329769403378679)]
[(3, 0.72673416067677465), (4, 0.25698256439160683)]
[(1, 0.22946351547816116), (3, 0.33187813920522596), (4, 0.21588854791016168), (6, 0.21616536366967248)]
[(2, 0.2927962438008338), (6, 0.54058686708180792)]
[(0, 0.38462931039262144), (4, 0.23222915565287661), (6, 0.30932564102262899)]
[(6, 0.63310142696680105)]
[(3, 0.20450684970594968), (4, 0.31639760511574222)]
[(3, 0.47055848994614835), (6, 0.28094664281766962)]
[(1, 0.39560737354019876)]
[(1, 0.44773224720904142), (5, 0.228293530596648)]
[(5, 0.46921121849778996)]
[(1, 0.24569407901221083), (5, 0.25407090807053306)]
[(1, 0.22235046259974875), (5, 0.3384177105813711)]
[(1, 0.38309966178165517), (5, 0.22036594507997811)]
[(1, 0.21661400225458954), (5, 0.38655263425942843)]
[(1, 0.3579119793051444), (5, 0.25993778275853574), (6, 0.2267132381733524)]
[(1, 0.32574177948739996)]
[(0, 0.28848684974172389)]
[(0, 0.27687338304523784)]
[(0, 0.31690108016959123), (6, 0.24891565668651366)]
[(0, 0.29080362417802502), (6, 0.24329764528565706)]
[(3, 0.72674720893869382), (4, 0.2569695149002581)]
[(1, 0.2294577292158424), (3, 0.33188469850578706), (4, 0.21588747158613653), (6, 0.21616566700094852)]
[(2, 0.29288613230469529), (6, 0.54066257756494718)]
[(0, 0.38462892979895963), (4, 0.23222784637905405), (6, 0.30932523771055898)]
[(6, 0.63311575700003953)]
[(3, 0.20450690805042449), (4, 0.31639760019668994)]
[(3, 0.47056042693351019), (6, 0.2809492374171545)]
[(1, 0.39560720328246962)]
[(1, 0.44773200565474525), (5, 0.22829323632692924)]
[(5, 0.46921108036255793)]
[(1, 0.24568839410553941), (5, 0.25407043466629542)]
[(1, 0.22235049122623843), (5, 0.33841764651098177)]
[(1, 0.38309740182799668), (5, 0.22036583653321679)]
[(1, 0.21661381626807782), (5, 0.38655267691749046)]
[(1, 0.357911101267957), (5, 0.25994121183092506), (6, 0.22670883063946559)]
[(1, 0.32574408915645886)]
[(0, 0.28848699535885597)]
[(0, 0.27687491902597455)]
[(0, 0.31689997078796828), (6, 0.24892010894536845)]
[(0, 0.29080334548607312), (6, 0.24329663992000267)]
[(3, 0.72674242642772169), (4, 0.25697429797747123)]
[(1, 0.2294600603010073), (3, 0.33188086156625501), (4, 0.21588577380757132), (6, 0.21616887061314538)]
[(2, 0.29291385977712708), (6, 0.5406882724913078)]
[(0, 0.38462835908343457), (4, 0.23222873986103559), (6, 0.30932629759799141)]
[(6, 0.63311265375696557)]
[(3, 0.20450691068446267), (4, 0.31639760446725695)]
[(3, 0.47055969052417707), (6, 0.28094825272107066)]
[(1, 0.39560764109178909)]
[(1, 0.44773194253804521), (5, 0.22829326221973167)]
[(5, 0.46921093958095911)]
[(1, 0.2456912760496984), (5, 0.2540700498552298)]
[(1, 0.22235037112821279), (5, 0.3384175921007691)]
[(1, 0.38309749175153118), (5, 0.22036581783273601)]
[(1, 0.21661394994370267), (5, 0.38655282211865521)]
[(1, 0.35791155310003403), (5, 0.25994057910298524), (6, 0.22670977233171621)]
[(1, 0.32574633995720303)]
[(0, 0.28848720168060837)]
[(0, 0.27687233523583665)]
[(0, 0.31690119289762309), (6, 0.24891678098081618)]
[(0, 0.29080324938581492), (6, 0.24329626417062358)]
[(3, 0.72673635150063032), (4, 0.25698037335628415)]
[(1, 0.22946272116289407), (3, 0.33187705157323777), (4, 0.21588767194521608), (6, 0.21616812159089127)]
[(2, 0.29278332409600943), (6, 0.5405767191505616)]
[(0, 0.38462855168353505), (4, 0.23222803708636791), (6, 0.30932586549563101)]
[(6, 0.63311584233304508)]
[(3, 0.20450689024473745), (4, 0.31639760606066919)]
[(3, 0.47056116562045941), (6, 0.28095022647301476)]
[(1, 0.3956096866601192)]
[(1, 0.44773275123293732), (5, 0.22829391957033979)]
[(5, 0.46921128751642699)]
[(1, 0.24569040095869726), (5, 0.25407050018514099)]
[(1, 0.22235064434065013), (5, 0.33841719398878695)]
[(1, 0.38309872635899866), (5, 0.22036861097475011)]
[(1, 0.21661423246345618), (5, 0.38655271297616001)]
[(1, 0.357911779910983), (5, 0.2599396902686385), (6, 0.22671057540990194)]
[(1, 0.32574605084184827)]
[(0, 0.28848705730596225)]
[(0, 0.27687578267168172)]
[(0, 0.31689901938907478), (6, 0.24891667646385035)]
[(0, 0.29080325607328439), (6, 0.24329631988518188)]
[(3, 0.72673434367381462), (4, 0.25698238136656809)]
[(1, 0.22945503246092852), (3, 0.33188839856882768), (4, 0.21588793826006217), (6, 0.21616419704091311)]
[(2, 0.29305305605278853), (6, 0.54084396882526453)]
[(0, 0.38462840222194633), (4, 0.23222812300529425), (6, 0.30932595472889352)]
[(6, 0.63310984718190089)]
[(3, 0.20450686786340719), (4, 0.31639757755645109)]
[(3, 0.47055892194113502), (6, 0.28094721571712944)]
[(1, 0.39560890444001157)]
[(1, 0.44773324603192594), (5, 0.22829433847071831)]
[(5, 0.4692081442067666)]
[(1, 0.24569099840566108), (5, 0.25407032481794567)]
[(1, 0.22235051206428474), (5, 0.33841767861816024)]
[(1, 0.38309873570878877), (5, 0.22036600314991647)]
[(1, 0.21661405206556533), (5, 0.38655281079080506)]
[(1, 0.35791163292500328), (5, 0.25994012522763543), (6, 0.2267097191673175)]
[(1, 0.32574389714048069)]
[(0, 0.28848721796053078)]
[(0, 0.27687392487797152)]
[(0, 0.31689925154054072), (6, 0.24891617398616189)]
[(0, 0.29080338039871778), (6, 0.24329675311330157)]
[(3, 0.72673827820593417), (4, 0.25697844650304213)]
[(1, 0.22945461768235503), (3, 0.33189249722399383), (4, 0.21588881534833665), (6, 0.21615963607336225)]
[(2, 0.29287415486532264), (6, 0.54065186703548518)]
[(0, 0.38463004788875749), (4, 0.2322289753789577), (6, 0.30932491910461124)]
[(6, 0.63310415399416053)]
[(3, 0.20450685015197356), (4, 0.31639758018616365)]
[(3, 0.47055887572966099), (6, 0.28094715599037878)]
[(1, 0.39560988381498108)]
[(1, 0.44773262402258396), (5, 0.22829382535944642)]
[(5, 0.46920751436024066)]
[(1, 0.24569045290415961), (5, 0.2540693136834945)]
[(1, 0.22235053373074301), (5, 0.33841760667290638)]
[(1, 0.38309882013766317), (5, 0.22036540074394725)]
[(1, 0.21661399973396195), (5, 0.38655268633608059)]
[(1, 0.35791088332031468), (5, 0.25994250181690842), (6, 0.22670737701005911)]
[(1, 0.32574520266835905)]
[(0, 0.28848730594184152)]
[(0, 0.2768720015429475)]
[(0, 0.3169006242317346), (6, 0.24892236276639371)]
[(0, 0.29080332765684791), (6, 0.2432965815362407)]
[(3, 0.72675378962605064), (4, 0.25696293339041704)]
[(1, 0.22946543766430727), (3, 0.33187292112640809), (4, 0.21588821706079855), (6, 0.21616899040182766)]
[(2, 0.29279076214280336), (6, 0.54058254332437605)]
[(0, 0.38463000978447415), (4, 0.23222993691293795), (6, 0.30932555336259993)]
[(6, 0.63310097810394816)]
[(3, 0.20450678926654658), (4, 0.31639758301433957)]
[(3, 0.47055800492424721), (6, 0.28094599215527355)]
[(1, 0.39560886131105338)]
[(1, 0.44773235309825249), (5, 0.22829352844362968)]
[(5, 0.469207786778853)]
[(1, 0.24569132255183512), (5, 0.25407010626507998)]
[(1, 0.22235071867976403), (5, 0.33841777082480384)]
[(1, 0.38309757334380867), (5, 0.22036612873072511)]
[(1, 0.21661379651034332), (5, 0.38655267977767865)]
[(1, 0.35791116654317728), (5, 0.25994005667481201), (6, 0.2267101015046194)]
[(1, 0.32574579405280596)]
[(0, 0.28848583968020119)]
[(0, 0.27687583306706542)]
[(0, 0.31690148239420574), (6, 0.24892585896893157)]
[(0, 0.29080361490715623), (6, 0.24329761864415814)]
[(3, 0.72673394244099609), (4, 0.25698278259107066)]
[(1, 0.22946178935839182), (3, 0.33188021731648576), (4, 0.21588716093509777), (6, 0.21616639866400122)]
[(2, 0.29287836208490359), (6, 0.54065560387586475)]
[(0, 0.38462929334054613), (4, 0.23222898086113231), (6, 0.30932537239244295)]
[(6, 0.63310096710587127)]
[(3, 0.20450698189484867), (4, 0.31639760709461412)]
[(3, 0.47055960053074453), (6, 0.28094812655766288)]
[(1, 0.39561121402843175)]
[(1, 0.44773289879795353), (5, 0.22829406631368135)]
[(5, 0.46921074130445667)]
[(1, 0.24569037409328887), (5, 0.25407015620435874)]
[(1, 0.22235061692382471), (5, 0.3384176118650099)]
[(1, 0.38309934039363513), (5, 0.22036625634531748)]
[(1, 0.21661439208053712), (5, 0.38655316930948375)]
[(1, 0.35791167854634243), (5, 0.25994140234728053), (6, 0.22670833410967223)]
[(1, 0.32574593754871733)]
[(0, 0.28848722008184829)]
[(0, 0.27687536960331666)]
[(0, 0.3169003313856007), (6, 0.24892186508705741)]
[(0, 0.29080336985126343), (6, 0.24329674526928463)]
[(3, 0.72674673260314349), (4, 0.25696999135430088)]
[(1, 0.22946444393761856), (3, 0.33187413266388965), (4, 0.21588649539248564), (6, 0.21617049426332544)]
[(2, 0.29289103958997731), (6, 0.54066703117262216)]
[(0, 0.38462900849554443), (4, 0.23222839024273037), (6, 0.3093258897417524)]
[(6, 0.63310119951471699)]
[(3, 0.20450688596307282), (4, 0.31639760316415744)]
[(3, 0.47055816240369214), (6, 0.28094620323011787)]
[(1, 0.3956089695037831)]
[(1, 0.44773149383953043), (5, 0.22829289547719867)]
[(5, 0.46921050921240165)]
[(1, 0.24569075758854569), (5, 0.25407077881957707)]
[(1, 0.22235040302532991), (5, 0.33841775770962035)]
[(1, 0.383097483225535), (5, 0.22036488213057104)]
[(1, 0.21661433378973755), (5, 0.38655288425192336)]
[(1, 0.3579081255315899), (5, 0.25994930133439031), (6, 0.22670392186924609)]
[(1, 0.32574605438903548)]
[(0, 0.28848661413889509)]
[(0, 0.27687511072953841)]
[(0, 0.31689928524814481), (6, 0.24891728196404525)]
[(0, 0.29080354475458819), (6, 0.24329736510303751)]
[(3, 0.72673517700983392), (4, 0.25698154795695727)]
[(1, 0.2294538997418597), (3, 0.3318888028746424), (4, 0.21588723699479467), (6, 0.21616562672912767)]
[(2, 0.29307336420401214), (6, 0.54087205894152512)]
[(0, 0.38462880023658852), (4, 0.23222830189501625), (6, 0.30932599259881133)]
[(6, 0.63310383001440429)]
[(3, 0.20450692368674675), (4, 0.31639759055103112)]
[(3, 0.47055906534393094), (6, 0.28094740923476041)]
[(1, 0.39560997751974208)]
[(1, 0.4477320950338019), (5, 0.22829337190028987)]
[(5, 0.46921101387646552)]
[(1, 0.24569022278314342), (5, 0.25406929843797149)]
[(1, 0.22235016622225262), (5, 0.33841757831799263)]
[(1, 0.38309856261260267), (5, 0.22036565271936834)]
[(1, 0.21661427566367197), (5, 0.38655280177890844)]
[(1, 0.35791174612574594), (5, 0.25994013457621173), (6, 0.2267098803581232)]
[(1, 0.32574250037843977)]
[(0, 0.28848718739674373)]
[(0, 0.27687509825110213)]
[(0, 0.31689887887462093), (6, 0.24891821260160568)]
[(0, 0.29080358741429241), (6, 0.243297513207928)]
[(3, 0.72675426542652311), (4, 0.25696245760245728)]
[(1, 0.22946180829800622), (3, 0.33187850294010363), (4, 0.21588747417928417), (6, 0.2161677808610151)]
[(2, 0.29286356407243663), (6, 0.54064257640693658)]
[(0, 0.38462819689738592), (4, 0.23222690753255382), (6, 0.3093257989064091)]
[(6, 0.63311141383722747)]
[(3, 0.20450684002036987), (4, 0.3163975875546064)]
[(3, 0.4705592016222831), (6, 0.28094759432739125)]
[(1, 0.39561180652468575)]
[(1, 0.44773185535166837), (5, 0.22829319386450891)]
[(5, 0.46920859381115188)]
[(1, 0.24569051693800933), (5, 0.25407019756072796)]
[(1, 0.22235041087309435), (5, 0.33841764879001573)]
[(1, 0.38309645704558137), (5, 0.22036771966123511)]
[(1, 0.21661415343113033), (5, 0.38655282879470471)]
[(1, 0.35791186732829328), (5, 0.25993861156416931), (6, 0.2267121200950635)]
[(1, 0.32574561708937344)]
[(0, 0.28848675772484206)]
[(0, 0.27687422568279424)]
[(0, 0.31690025846924014), (6, 0.24892075074939274)]
[(0, 0.290803580867594), (6, 0.24329748840653603)]
[(3, 0.72674086964584594), (4, 0.25697585485689989)]
[(1, 0.22945353672175908), (3, 0.33188930224437724), (4, 0.21588867053363231), (6, 0.21616405684693854)]
[(2, 0.29287316334310071), (6, 0.54065099029620811)]
[(0, 0.38462815948842272), (4, 0.23222777017490151), (6, 0.30932603330838093)]
[(6, 0.63310386540879771)]
[(3, 0.20450685669594071), (4, 0.31639758747981767)]
[(3, 0.47055842753809096), (6, 0.28094655982060651)]
[(1, 0.3956152850943776)]
[(1, 0.4477322474317818), (5, 0.2282935169456394)]
[(5, 0.46920757918677969)]
[(1, 0.2456906670912673), (5, 0.25407013455178773)]
[(1, 0.22235052123124474), (5, 0.33841760782784408)]
[(1, 0.38309697750957428), (5, 0.22036855907872027)]
[(1, 0.21661388343750806), (5, 0.38655269395499448)]
[(1, 0.35791225537221688), (5, 0.25993800465615252), (6, 0.22671250674936094)]
[(1, 0.32574593913098876)]
[(0, 0.28848713482375959)]
[(0, 0.27687227829570671)]
[(0, 0.31690042580546651), (6, 0.24892132635582118)]
[(0, 0.29080363639182338), (6, 0.24329769855689481)]
[(3, 0.72676391011652963), (4, 0.25695281158291555)]
[(1, 0.22945761098533157), (3, 0.33188724801986635), (4, 0.21588669666046875), (6, 0.21616401063668308)]
[(2, 0.29277017333388794), (6, 0.54056653457650305)]
[(0, 0.38462923164065893), (4, 0.23222865413734742), (6, 0.30932572127459534)]
[(6, 0.63310588512838184)]
[(3, 0.20450688669912478), (4, 0.31639759751169722)]
[(3, 0.47055879399770567), (6, 0.28094704105631541)]
[(1, 0.39561056430966474)]
[(1, 0.44773260603057813), (5, 0.22829371679541111)]
[(5, 0.4692105406267903)]
[(1, 0.24569399672769907), (5, 0.25406973902170071)]
[(1, 0.22235063062635771), (5, 0.33841784404098241)]
[(1, 0.38309841556605378), (5, 0.22036487830958851)]
[(1, 0.21661435921159103), (5, 0.38655300098687417)]
[(1, 0.35791198684654335), (5, 0.25993882741475238), (6, 0.22671143810745803)]
[(1, 0.32574590767172928)]
[(0, 0.28848690646854158)]
[(0, 0.27687364055037239)]
[(0, 0.31690030439980454), (6, 0.24892168029101217)]
[(0, 0.29080335255935336), (6, 0.24329666684804585)]
[(3, 0.7267654543898886), (4, 0.25695126541219787)]
[(1, 0.22945295316038847), (3, 0.33189177737578646), (4, 0.2158887336586969), (6, 0.21616210215272147)]
[(2, 0.29280903743179892), (6, 0.54059706720428879)]
[(0, 0.38462985262005611), (4, 0.23222960083680863), (6, 0.30932515910292896)]
[(6, 0.63311497712538534)]
[(3, 0.2045069222505646), (4, 0.31639759707215809)]
[(3, 0.47055801618296472), (6, 0.28094600389043206)]
[(1, 0.39561314998284902)]
[(1, 0.4477323097775634), (5, 0.22829353771780866)]
[(5, 0.46920743850501395)]
[(1, 0.24568960762994241), (5, 0.25406929568194875)]
[(1, 0.2223504941088221), (5, 0.33841779759526813)]
[(1, 0.38309770149224742), (5, 0.22036655632828339)]
[(1, 0.21661434864702497), (5, 0.38655301385230367)]
[(1, 0.35791205260951531), (5, 0.2599394041032303), (6, 0.22671072813772983)]
[(1, 0.32574525882106953)]
[(0, 0.28848563659578108)]
[(0, 0.27687504003951607)]
[(0, 0.31690175847582702), (6, 0.24891957724119612)]
[(0, 0.29080334899360022), (6, 0.24329666058930874)]
[(3, 0.72674428254456713), (4, 0.25697244166981603)]
[(1, 0.22946207012115252), (3, 0.33187725418858788), (4, 0.21588659694811727), (6, 0.2161696450184174)]
[(2, 0.29280589044277461), (6, 0.54059454346185687)]
[(0, 0.38462889959018248), (4, 0.2322284971282807), (6, 0.30932579662992765)]
[(6, 0.63310577610522645)]
[(3, 0.20450683665765629), (4, 0.31639758730921641)]
[(3, 0.47055936144330607), (6, 0.28094781111262035)]
[(1, 0.39561107581880189)]
[(1, 0.44773275332261464), (5, 0.22829396638105787)]
[(5, 0.46921089429764623)]
[(1, 0.2456895341264915), (5, 0.25406972599784511)]
[(1, 0.22235051577986134), (5, 0.33841769163615154)]
[(1, 0.38309843461909948), (5, 0.22036527177533666)]
[(1, 0.21661407572504632), (5, 0.38655270526891378)]
[(1, 0.35791141908142271), (5, 0.2599405269845419), (6, 0.22670964158983975)]
[(1, 0.32574552413051078)]
[(0, 0.28848736855880641)]
[(0, 0.27687580167027526)]
[(0, 0.3168999041532205), (6, 0.24891958152264501)]
[(0, 0.29080330437970275), (6, 0.24329648792462624)]
[(3, 0.72674085679155442), (4, 0.25697586770717551)]
[(1, 0.22946252298416542), (3, 0.33188125215433389), (4, 0.21588727672558317), (6, 0.21616451439984052)]
[(2, 0.29276903453767145), (6, 0.54056565911459131)]
[(0, 0.38462962659391714), (4, 0.23223048675300895), (6, 0.30932616952214559)]
[(6, 0.63311174817130345)]
[(3, 0.20450690923476186), (4, 0.31639759137656648)]
[(3, 0.47055813401403623), (6, 0.28094616646874582)]
[(1, 0.39561016928778842)]
[(1, 0.44773226469844812), (5, 0.22829349668009205)]
[(5, 0.46921098812994949)]
[(1, 0.24569134929414635), (5, 0.25406890323963233)]
[(1, 0.22235067563611274), (5, 0.33841772470444115)]
[(1, 0.3830987940991577), (5, 0.22036566698607102)]
[(1, 0.21661397149804221), (5, 0.38655263786985089)]
[(1, 0.35791118564508284), (5, 0.25994137108263526), (6, 0.2267085262939989)]
[(1, 0.32574591751334558)]
[(0, 0.28848710273235506)]
[(0, 0.27687589168780286)]
[(0, 0.3169004130109635), (6, 0.24892131893106531)]
[(0, 0.29080349967166208), (6, 0.24329719270272862)]
[(3, 0.72674242387260002), (4, 0.25697430053701681)]
[(1, 0.22945874745211386), (3, 0.33190420729858205), (4, 0.21588681648912555), (6, 0.21614579477346788)]
[(2, 0.29280454399417444), (6, 0.54059346661459318)]
[(0, 0.38462879449333653), (4, 0.23222833580075619), (6, 0.30932562793861346)]
[(6, 0.63310339601211207)]
[(3, 0.20450687237102108), (4, 0.31639758819592079)]
[(3, 0.47055792462141804), (6, 0.28094588245551738)]
[(1, 0.39560872609438813)]
[(1, 0.44773183060974098), (5, 0.2282931427091876)]
[(5, 0.46921088419773449)]
[(1, 0.24568857929193821), (5, 0.25407024210179985)]
[(1, 0.22235032607646424), (5, 0.33841759526625659)]
[(1, 0.38309876873754883), (5, 0.22036632508641452)]
[(1, 0.21661409600718531), (5, 0.38655257336344667)]
[(1, 0.357911332079766), (5, 0.25994070844276423), (6, 0.22670951468557279)]
[(1, 0.32574617308435061)]
[(0, 0.28848720591964849)]
[(0, 0.27687554485917415)]
[(0, 0.31690097185980559), (6, 0.24892350705094451)]
[(0, 0.29080350343920264), (6, 0.24329720505292216)]
[(3, 0.72676084353264414), (4, 0.25695587782664392)]
[(1, 0.22946526678045484), (3, 0.33187262042362564), (4, 0.21588791026450391), (6, 0.21616976878658314)]
[(2, 0.29273529261281578), (6, 0.540540133076156)]
[(0, 0.38462923163606438), (4, 0.23222940849716209), (6, 0.30932602029571055)]
[(6, 0.63310235687875527)]
[(3, 0.20450690347110448), (4, 0.31639759271361645)]
[(3, 0.47055844560983834), (6, 0.28094657746324414)]
[(1, 0.39560859497625672)]
[(1, 0.44773278838495462), (5, 0.22829398451775071)]
[(5, 0.46920748968564657)]
[(1, 0.2456900731272075), (5, 0.25406966808372478)]
[(1, 0.22235026711342634), (5, 0.3384174961267572)]
[(1, 0.38309879720334572), (5, 0.22036543644854398)]
[(1, 0.21661433024959365), (5, 0.3865529558398082)]
[(1, 0.35791248092912559), (5, 0.25993875255646287), (6, 0.22671141984196758)]
[(1, 0.32574575148468443)]
[(0, 0.28848688120647081)]
[(0, 0.2768730481214513)]
[(0, 0.31690039088492261), (6, 0.24892120707160428)]
[(0, 0.29080353442817941), (6, 0.2432973212261863)]
[(3, 0.72674518313181802), (4, 0.25697154092727836)]
[(1, 0.22946300031352102), (3, 0.33188089593523934), (4, 0.21588682296685832), (6, 0.21616484704285896)]
[(2, 0.29273006803961954), (6, 0.54053624418768575)]
[(0, 0.38462884091421956), (4, 0.23222813795825489), (6, 0.3093257183680288)]
[(6, 0.63310497354193829)]
[(3, 0.204506842252166), (4, 0.31639758030272425)]
[(3, 0.47055821654982122), (6, 0.28094627299041341)]
[(1, 0.39560600212123193)]
[(1, 0.44773216964095353), (5, 0.22829343925906892)]
[(5, 0.4692103429494483)]
[(1, 0.24569044209449506), (5, 0.25407066072070472)]
[(1, 0.22235018563072026), (5, 0.33841748000838162)]
[(1, 0.38309465181095631), (5, 0.22036657531750339)]
[(1, 0.21661397878244032), (5, 0.38655280792422492)]
[(1, 0.35791166633025634), (5, 0.25993992043913766), (6, 0.22671028596239146)]
[(1, 0.32574366904943014)]
[(0, 0.28848709824840446)]
[(0, 0.2768745754495735)]
[(0, 0.31690149964186465), (6, 0.24892599508422347)]
[(0, 0.29080316642476839), (6, 0.24329594973995264)]
[(3, 0.72673584329941776), (4, 0.25698088166376187)]
[(1, 0.22946367661113132), (3, 0.33187699507973861), (4, 0.21588424104608955), (6, 0.21617065351680281)]
[(2, 0.29299238364002295), (6, 0.54076954470803296)]
[(0, 0.38462917312606748), (4, 0.23222910918099193), (6, 0.30932554568106896)]
[(6, 0.63310369228671115)]
[(3, 0.20450688889167104), (4, 0.31639762181443803)]
[(3, 0.47055909193198819), (6, 0.2809474445706362)]
[(1, 0.39560838199301551)]
[(1, 0.44773232805854929), (5, 0.22829363780565082)]
[(5, 0.46921066744992557)]
[(1, 0.24568985303204371), (5, 0.25407027572974999)]
[(1, 0.22235064902006035), (5, 0.33841770988344649)]
[(1, 0.38309844552646005), (5, 0.22036531769719697)]
[(1, 0.2166138938015276), (5, 0.3865527478952433)]
[(1, 0.35791104161936821), (5, 0.25994085797807454), (6, 0.226709596459931)]
[(1, 0.32574563652175104)]
[(0, 0.28848685511563188)]
[(0, 0.27687287792651166)]
[(0, 0.31690130073430062), (6, 0.24892401299897265)]
[(0, 0.29080322941560477), (6, 0.24329603020666341)]
[(3, 0.72673649259112816), (4, 0.2569802323054971)]
[(1, 0.22945527072929078), (3, 0.33188974830198648), (4, 0.21588765215320749), (6, 0.21616289513993706)]
[(2, 0.29289962914233542), (6, 0.54067492123765115)]
[(0, 0.38462904320802527), (4, 0.2322292107541922), (6, 0.30932581155761596)]
[(6, 0.63310349810820632)]
[(3, 0.20450694102920589), (4, 0.31639761486898749)]
[(3, 0.4705606059266737), (6, 0.28094947392274083)]
[(1, 0.39561258162850643)]
[(1, 0.44773228251484554), (5, 0.22829349699412516)]
[(5, 0.46921116523935841)]
[(1, 0.24568977653522289), (5, 0.25407041065103664)]
[(1, 0.22235061034546799), (5, 0.33841768944109907)]
[(1, 0.38309958592023724), (5, 0.22036597126370835)]
[(1, 0.21661383875980042), (5, 0.38655269831642158)]
[(1, 0.35791074501418763), (5, 0.25994351113006892), (6, 0.22670633866762355)]
[(1, 0.32574510721654076)]
[(0, 0.28848705072462388)]
[(0, 0.27687524898038274)]
[(0, 0.31690027323805026), (6, 0.24892073887604749)]
[(0, 0.29080352865240566), (6, 0.2432973044539101)]
[(2, 0.57142856650654617)]
