[(2, 0.57142854912866392)]
[(3, 0.37851662793484936), (6, 0.31188928984273673)]
[(6, 0.84819216436990919)]
[(2, 0.20455134765230323), (6, 0.67190214003120674)]
[(2, 0.28910000016569704), (6, 0.48879516114921612)]
[(2, 0.31365601254694642), (6, 0.50056955854476703)]
[(0, 0.6475039773412764), (3, 0.25994105884939034)]
[(0, 0.51417418295256223)]
[(4, 0.59917729102117423), (6, 0.28388702414496897)]
[(4, 0.21591389662882515), (6, 0.40630009746425189)]
[(0, 0.41229118381251967), (6, 0.50665875997401089)]
[(0, 0.22283804455807588), (6, 0.60895372747661314)]
[(6, 0.50723164993597358)]
[(2, 0.41798203002968332)]
[(2, 0.25999013079208305), (4, 0.33908616814786297), (6, 0.23139465232641418)]
[(4, 0.36916958685711976), (6, 0.31805330251341352)]
[(4, 0.31445032476621332)]
[(4, 0.48008976952764487), (6, 0.28411056225872977)]
[(4, 0.4992931881609311), (6, 0.38242244328612068)]
[(4, 0.58630928375096159)]
[(4, 0.51449054361088498), (6, 0.28619531041669605)]
[(3, 0.37852073600855024), (6, 0.31188780347582984)]
[(6, 0.84819118972531626)]
[(2, 0.20455333307198911), (6, 0.67190224297788648)]
[(2, 0.28909706424784726), (6, 0.48878445164583495)]
[(2, 0.31366125867461525), (6, 0.50057772493029828)]
[(0, 0.64749903563074906), (3, 0.2599338802886389)]
[(0, 0.51418853711844137)]
[(4, 0.5991797347478659), (6, 0.28389260681041356)]
[(4, 0.21591446817006854), (6, 0.40629953435353)]
[(0, 0.41229437646768929), (6, 0.50665274374542968)]
[(0, 0.22283996186556826), (6, 0.6089549921129378)]
[(6, 0.50723166497307037)]
[(2, 0.41797899721371107)]
[(2, 0.25991226313442178), (4, 0.33916691141596123), (6, 0.23139020080362541)]
[(4, 0.36915888493301002), (6, 0.31808185374791836)]
[(4, 0.31449259337629559)]
[(4, 0.48007757324255329), (6, 0.2841097793488489)]
[(4, 0.49929072201405145), (6, 0.38242206050108579)]
[(4, 0.58631908890525719)]
[(4, 0.51450218524764424), (6, 0.2861914885907435)]
[(3, 0.37852617449828235), (6, 0.31188522709079941)]
[(6, 0.84819219956103364)]
[(2, 0.20455641913860742), (6, 0.67190243180465914)]
[(2, 0.28909492150176669), (6, 0.48877814533415315)]
[(2, 0.31365447448378792), (6, 0.50056733801476738)]
[(0, 0.64750374686907863), (3, 0.25994072409301849)]
[(0, 0.5141873306664716)]
[(4, 0.59917773512062733), (6, 0.28388863388859265)]
[(4, 0.2159110698529137), (6, 0.40629664266824028)]
[(0, 0.41229604121505742), (6, 0.50664921503029836)]
[(0, 0.22283608894198953), (6, 0.60895517741464411)]
[(6, 0.50723179568860655)]
[(2, 0.41799849935721234)]
[(2, 0.25996299777686815), (4, 0.33912543172411835), (6, 0.2313938644804408)]
[(4, 0.36921233676486259), (6, 0.31815984430879735)]
[(4, 0.31465446297997829)]
[(4, 0.48008396910557999), (6, 0.28411343715396742)]
[(4, 0.49928989984934158), (6, 0.38242212395082059)]
[(4, 0.58631525666568485)]
[(4, 0.51448724827788506), (6, 0.2861964487382937)]
[(3, 0.3785233021200044), (6, 0.31188640632354181)]
[(6, 0.84819016594454366)]
[(2, 0.20455917165839418), (6, 0.6719021767760589)]
[(2, 0.28910180822959669), (6, 0.48880202943664347)]
[(2, 0.3136606442082846), (6, 0.50057710124058996)]
[(0, 0.64748808279629622), (3, 0.25991796371615444)]
[(0, 0.51418069744396555)]
[(4, 0.59917705173340452), (6, 0.2838871533231061)]
[(4, 0.21592193841753921), (6, 0.40629660058572148)]
[(0, 0.41228976386807792), (6, 0.50666121535021136)]
[(0, 0.22283683838302068), (6, 0.60895484213010542)]
[(6, 0.50723193874648675)]
[(2, 0.41800169244875957)]
[(2, 0.25992447708817024), (4, 0.339165737635159), (6, 0.23139377698573627)]
[(4, 0.36915175264073674), (6, 0.31807091307239294)]
[(4, 0.31448840618407287)]
[(4, 0.48007320597415826), (6, 0.28410321984389025)]
[(4, 0.49928989676672941), (6, 0.38242257115042139)]
[(4, 0.5863096499121554)]
[(4, 0.51449803718926168), (6, 0.28619377055450362)]
[(3, 0.37852140223634978), (6, 0.31188694883497547)]
[(6, 0.8481782587813369)]
[(2, 0.20454998638027727), (6, 0.67190177662313244)]
[(2, 0.28910129527833645), (6, 0.48880027592951419)]
[(2, 0.31365554148556724), (6, 0.50056902929580505)]
[(0, 0.6475043149956764), (3, 0.25994154928188673)]
[(0, 0.51418944248765264)]
[(4, 0.59918138051191239), (6, 0.28389882112883713)]
[(4, 0.21591522083418918), (6, 0.40629997584220551)]
[(0, 0.41229583451507834), (6, 0.50664968548726796)]
[(0, 0.22283195592720342), (6, 0.60894886416522842)]
[(6, 0.50723139000552553)]
[(2, 0.41799371802131224)]
[(2, 0.2599395934332136), (4, 0.3391410568843396), (6, 0.23138928449420726)]
[(4, 0.36920333708342273), (6, 0.31816489269538029)]
[(4, 0.31442456043895661)]
[(4, 0.48008565599877773), (6, 0.28411477957106296)]
[(4, 0.49925878888368552), (6, 0.38243127123203197)]
[(4, 0.58631903888995418)]
[(4, 0.51450225945107786), (6, 0.28619129504752355)]
[(3, 0.37852778388058744), (6, 0.31188404735132241)]
[(6, 0.8481839260515559)]
[(2, 0.20455259503857726), (6, 0.67190224178345892)]
[(2, 0.28910237923660792), (6, 0.48880179185006217)]
[(2, 0.31366003679049975), (6, 0.50057606684232703)]
[(0, 0.64746965791278999), (3, 0.25989117023978581)]
[(0, 0.514188930758395)]
[(4, 0.59917909059697916), (6, 0.28389135731095128)]
[(4, 0.21592196435100641), (6, 0.40630172066516829)]
[(0, 0.41229526578653108), (6, 0.50665096106393981)]
[(0, 0.22283352242959481), (6, 0.6089528651931323)]
[(6, 0.50723189802102708)]
[(2, 0.41800441478223094)]
[(2, 0.25994036433119355), (4, 0.33913615202160624), (6, 0.23138977428853888)]
[(4, 0.36915840540249728), (6, 0.31808111386747884)]
[(4, 0.31443821655787901)]
[(4, 0.48006827991189466), (6, 0.28410152805615629)]
[(4, 0.49926303679787232), (6, 0.38243108027440392)]
[(4, 0.58631820558453962)]
[(4, 0.51448761684852751), (6, 0.28619519665782656)]
[(3, 0.37852264844437383), (6, 0.31188611799760463)]
[(6, 0.84818650314438193)]
[(2, 0.20455693359480689), (6, 0.6719023884593901)]
[(2, 0.28909729061202255), (6, 0.48878060459322553)]
[(2, 0.31365717515488178), (6, 0.50057163764864654)]
[(0, 0.64749154250340868), (3, 0.25992299222122528)]
[(0, 0.51418238567264996)]
[(4, 0.59917755978205101), (6, 0.28388815588327504)]
[(4, 0.21591042008827002), (6, 0.40630090033438304)]
[(0, 0.41229079782711908), (6, 0.50665944569355281)]
[(0, 0.2228363513541867), (6, 0.60895248073314812)]
[(6, 0.50723157835115762)]
[(2, 0.41799917155675331)]
[(2, 0.26014636915807049), (4, 0.33919069675668811), (6, 0.23142126854328093)]
[(4, 0.36915771989970814), (6, 0.31807967924798541)]
[(4, 0.31458322563725005)]
[(4, 0.48008342318568004), (6, 0.28411579623783739)]
[(4, 0.4992906335596532), (6, 0.38242216659393158)]
[(4, 0.5863092026983675)]
[(4, 0.51448716399931338), (6, 0.28619583194605747)]
[(3, 0.37852229067568088), (6, 0.31188649094419291)]
[(6, 0.84820228211854343)]
[(2, 0.20455178395629856), (6, 0.67190228225033577)]
[(2, 0.28910136053365493), (6, 0.48880002243390569)]
[(2, 0.31365684710043595), (6, 0.50057105158867943)]
[(0, 0.64749077713418746), (3, 0.25992187986941706)]
[(0, 0.51418751255128048)]
[(4, 0.59917843771443424), (6, 0.28388991003536296)]
[(4, 0.21591359572714622), (6, 0.40629511862359136)]
[(0, 0.41229217662251627), (6, 0.50665698860991482)]
[(0, 0.2228362068643214), (6, 0.60895299106341994)]
[(6, 0.50723121553052275)]
[(2, 0.41797267105689617)]
[(2, 0.25992357015132722), (4, 0.33914988295969201), (6, 0.23139128733439307)]
[(4, 0.36916145079230411), (6, 0.31811738060677297)]
[(4, 0.31447298581782435)]
[(4, 0.48007780748090151), (6, 0.28410747981284651)]
[(4, 0.49928798028457283), (6, 0.38242236851802597)]
[(4, 0.58631070811195496)]
[(4, 0.51449742406189258), (6, 0.28619215083459243)]
[(3, 0.37852315955024207), (6, 0.31188632854977388)]
[(6, 0.8481932620425765)]
[(2, 0.20454679211425017), (6, 0.67190193826094535)]
[(2, 0.28910211565479316), (6, 0.48880222592011685)]
[(2, 0.31365425641701689), (6, 0.50056688931507953)]
[(0, 0.64746404823317061), (3, 0.2598830080168914)]
[(0, 0.51418896042229001)]
[(4, 0.5991821497919575), (6, 0.28389817638306103)]
[(4, 0.21591607095117987), (6, 0.40629489490128068)]
[(0, 0.41228934715093607), (6, 0.50666189845064125)]
[(0, 0.22283576857351609), (6, 0.60895160197021747)]
[(6, 0.50723205925790882)]
[(2, 0.41800159969688816)]
[(2, 0.25991959865050507), (4, 0.33915955046939927), (6, 0.23139124263636848)]
[(4, 0.36915667643433414), (6, 0.31807817019780371)]
[(4, 0.31441855643347916)]
[(4, 0.4800726748500565), (6, 0.28410215775137093)]
[(4, 0.49929145486818882), (6, 0.38242211770266388)]
[(4, 0.58631711143518106)]
[(4, 0.51449162032974982), (6, 0.28619583253946146)]
[(3, 0.37852616204736667), (6, 0.31188486449077341)]
[(6, 0.84819105692243013)]
[(2, 0.20455994823380275), (6, 0.67190258590219876)]
[(2, 0.28910185062954558), (6, 0.48880146553134241)]
[(2, 0.31365650572159998), (6, 0.5005704323731569)]
[(0, 0.64746417158283132), (3, 0.25988318751004852)]
[(0, 0.51417678178457493)]
[(4, 0.599181393586809), (6, 0.28389272328884563)]
[(4, 0.21591277818376978), (6, 0.40629424056510749)]
[(0, 0.41229119710285173), (6, 0.50665873261446492)]
[(0, 0.22283707308332354), (6, 0.60895358552538659)]
[(6, 0.50723152670982308)]
[(2, 0.41801275010572247)]
[(2, 0.25996276472508434), (4, 0.33913639938077267), (6, 0.23139016581347374)]
[(4, 0.36915751607009467), (6, 0.31807979455114149)]
[(4, 0.31446510204452199)]
[(4, 0.48007768795762018), (6, 0.28411326066683645)]
[(4, 0.4992926796031158), (6, 0.38242210507878194)]
[(4, 0.58631931066859411)]
[(4, 0.51448358710272535), (6, 0.28619764439755124)]
[(3, 0.37852772288624009), (6, 0.31188423637200896)]
[(6, 0.8481844042883413)]
[(2, 0.20455435817503514), (6, 0.67190235836499723)]
[(2, 0.28909454081405267), (6, 0.48877618419850355)]
[(2, 0.31365482663109379), (6, 0.50056787849819562)]
[(0, 0.64748196109486145), (3, 0.25990906411578107)]
[(0, 0.5141903188611292)]
[(4, 0.59918028494470676), (6, 0.28389345251544545)]
[(4, 0.21591246797964536), (6, 0.40629178392430576)]
[(0, 0.41229280669088619), (6, 0.50665581703526141)]
[(0, 0.22283145857083417), (6, 0.60895109211091514)]
[(6, 0.50723128729887101)]
[(2, 0.41798724192133108)]
[(2, 0.25991642947372484), (4, 0.33911471795335485), (6, 0.23138506705508216)]
[(4, 0.36915913790729327), (6, 0.31808247738558137)]
[(4, 0.31487417199384288)]
[(4, 0.48007955887405779), (6, 0.28410436009292284)]
[(4, 0.49927345460446859), (6, 0.38243355402205259)]
[(4, 0.58630990768565727)]
[(4, 0.5145019560777051), (6, 0.28619150654243175)]
[(3, 0.37852497921102196), (6, 0.31188581409576277)]
[(6, 0.84817887636336609)]
[(2, 0.20455382061547958), (6, 0.67190248504984673)]
[(2, 0.28909466367610537), (6, 0.48878306314483178)]
[(2, 0.31365419271996625), (6, 0.50056692264896829)]
[(0, 0.64747922574926686), (3, 0.2599050867091956)]
[(0, 0.51418985468073664)]
[(4, 0.59917801195086751), (6, 0.28388958469620135)]
[(4, 0.21591855353811745), (6, 0.40630114827768343)]
[(0, 0.412289774500606), (6, 0.50666120070362974)]
[(0, 0.22283410449188665), (6, 0.60895211654848669)]
[(6, 0.50723235693481084)]
[(2, 0.41796405689125976)]
[(2, 0.26017152598925664), (4, 0.33923219685196532), (6, 0.2314282202428137)]
[(4, 0.369154527950387), (6, 0.31807612604837227)]
[(4, 0.31443749213229882)]
[(4, 0.48007075696574747), (6, 0.28410307117808248)]
[(4, 0.49929266088276647), (6, 0.3824225790884524)]
[(4, 0.58631521280662524)]
[(4, 0.51450082482124393), (6, 0.28619130497074413)]
[(3, 0.37852635948990321), (6, 0.31188553490755982)]
[(6, 0.84819595715456086)]
[(2, 0.20455494610784031), (6, 0.67190213676565502)]
[(2, 0.28909449922038039), (6, 0.48877815465896529)]
[(2, 0.31365563057589918), (6, 0.50056913222300181)]
[(0, 0.64749439776623052), (3, 0.25992714158151647)]
[(0, 0.51418461771271595)]
[(4, 0.59918009481347401), (6, 0.28389328360312743)]
[(4, 0.215913196984095), (6, 0.40630022985436082)]
[(0, 0.41229150112011759), (6, 0.5066582343879914)]
[(0, 0.22284125693412854), (6, 0.60895699485563193)]
[(6, 0.5072322935404584)]
[(2, 0.41797187869085251)]
[(2, 0.25999190802858291), (4, 0.33914359025843521), (6, 0.23139490510380972)]
[(4, 0.3691595707920225), (6, 0.31808441515764613)]
[(4, 0.3144308872797239)]
[(4, 0.48009397551456118), (6, 0.28410849627853191)]
[(4, 0.49929190777949262), (6, 0.38242213021179439)]
[(4, 0.58631723097533672)]
[(4, 0.51448308983932778), (6, 0.28619863234049281)]
[(3, 0.3785264003165224), (6, 0.31188518591096881)]
[(6, 0.84819495107006415)]
[(2, 0.2045563861821641), (6, 0.67190241953937124)]
[(2, 0.28910261250201974), (6, 0.48880356773844685)]
[(2, 0.31365712730925915), (6, 0.50057140525152988)]
[(0, 0.64748771290807261), (3, 0.25991742605194706)]
[(0, 0.51417968166610861)]
[(4, 0.59917975571927096), (6, 0.28389262241761165)]
[(4, 0.21591854352386858), (6, 0.40629613607161313)]
[(0, 0.41229368162955926), (6, 0.50665415811006831)]
[(0, 0.22282748287323062), (6, 0.60894794765217597)]
[(6, 0.50723200256011813)]
[(2, 0.41797517543353468)]
[(2, 0.25993380813780009), (4, 0.33914793130170706), (6, 0.23139390198226326)]
[(4, 0.3691787584721371), (6, 0.31815035305506928)]
[(4, 0.31443303937448797)]
[(4, 0.48007760445423842), (6, 0.28410756167898804)]
[(4, 0.49929129711900583), (6, 0.38242196456035199)]
[(4, 0.58631183115924856)]
[(4, 0.51448166770264281), (6, 0.28619699115868474)]
[(3, 0.3785268228113689), (6, 0.31188437408518599)]
[(6, 0.84819553044735552)]
[(2, 0.2045483402454448), (6, 0.67190190651724813)]
[(2, 0.28910170003081659), (6, 0.48879939979779907)]
[(2, 0.31365671999339423), (6, 0.50057086374677318)]
[(0, 0.64746820819307427), (3, 0.25988906106980958)]
[(0, 0.51417440339261777)]
[(4, 0.59917814229077582), (6, 0.28388937304628059)]
[(4, 0.21591545167223627), (6, 0.4062998842456958)]
[(0, 0.41229395212683734), (6, 0.50665361548359333)]
[(0, 0.22283741657141892), (6, 0.60895275696074602)]
[(6, 0.50723134905664125)]
[(2, 0.41798576356550077)]
[(2, 0.26014922125817552), (4, 0.33910943003615035), (6, 0.23140496598667706)]
[(4, 0.36914988704566687), (6, 0.3180679041329556)]
[(4, 0.31446052028646482)]
[(4, 0.48006904217642099), (6, 0.2841032665248166)]
[(4, 0.49929184852547037), (6, 0.38242217610075058)]
[(4, 0.58631224259094017)]
[(4, 0.51449644418322271), (6, 0.28619319479026623)]
[(3, 0.37852700300793324), (6, 0.31188403212597571)]
[(6, 0.84818507336407978)]
[(2, 0.20456595881766412), (6, 0.67190267785429547)]
[(2, 0.28909983176021059), (6, 0.48879397813954345)]
[(2, 0.31366198701463277), (6, 0.50057893028208889)]
[(0, 0.64748127816856249), (3, 0.2599080711433242)]
[(0, 0.51418624059138784)]
[(4, 0.59917948458043424), (6, 0.28389270823437412)]
[(4, 0.21591800836536446), (6, 0.40629954745660335)]
[(0, 0.4122902569691399), (6, 0.50666036385097413)]
[(0, 0.22283142452106675), (6, 0.60895014278659709)]
[(6, 0.50723124427561461)]
[(2, 0.41800812496216722)]
[(2, 0.25997727614668592), (4, 0.33913937164015723), (6, 0.23139702350021521)]
[(4, 0.36915247840152815), (6, 0.31807322496358725)]
[(4, 0.3144295028541842)]
[(4, 0.48008066761056506), (6, 0.2841161507975935)]
[(4, 0.49929277624625618), (6, 0.38242263405784266)]
[(4, 0.58631024995970604)]
[(4, 0.51448843356722573), (6, 0.28619647237584028)]
[(3, 0.37851965345558003), (6, 0.31188792605560844)]
[(6, 0.84818952127997638)]
[(2, 0.20455870533954454), (6, 0.67190261189461564)]
[(2, 0.28909727912455091), (6, 0.48879006448505929)]
[(2, 0.31365578381571496), (6, 0.50056947754788561)]
[(0, 0.64748602418653456), (3, 0.25991497124511459)]
[(0, 0.5141783602998814)]
[(4, 0.59918085130734122), (6, 0.28389515802120657)]
[(4, 0.21591814112120142), (6, 0.40629301045730781)]
[(0, 0.41229546092415964), (6, 0.50665053013552441)]
[(0, 0.22283626916954455), (6, 0.60895175976227389)]
[(6, 0.50723170898189207)]
[(2, 0.41800057894267756)]
[(2, 0.25995096337287943), (4, 0.339112336665648), (6, 0.2313908917373847)]
[(4, 0.36921816847414923), (6, 0.3181714973718523)]
[(4, 0.31447058359479441)]
[(4, 0.4800723479871199), (6, 0.28410464129056284)]
[(4, 0.49928977812455899), (6, 0.3824217405780086)]
[(4, 0.58631658457488034)]
[(4, 0.5145015568089929), (6, 0.28619166334455726)]
[(3, 0.37852780561620619), (6, 0.31188364323669071)]
[(6, 0.84818155476015777)]
[(2, 0.20455208351975654), (6, 0.67190212340044742)]
[(2, 0.28909512459951786), (6, 0.48878000969844865)]
[(2, 0.31365499872458585), (6, 0.50056815787475806)]
[(0, 0.64746992956223171), (3, 0.25989156544976311)]
[(0, 0.51417192208570728)]
[(4, 0.5991782375856427), (6, 0.28388927450728785)]
[(4, 0.21591138502770563), (6, 0.40629660906508092)]
[(0, 0.41229604484136134), (6, 0.50664919691884369)]
[(0, 0.22283247004803192), (6, 0.60895130132423303)]
[(6, 0.50723144849826018)]
[(2, 0.41799867055526274)]
[(2, 0.25998924637119081), (4, 0.33912638827406955), (6, 0.23139040483355808)]
[(4, 0.3691585363928121), (6, 0.31808171663493995)]
[(4, 0.31454442440454494)]
[(4, 0.48006697160290202), (6, 0.28410140276054957)]
[(4, 0.49928870082523991), (6, 0.38242218716637721)]
[(4, 0.58631664431416619)]
[(4, 0.51448311296612959), (6, 0.28619814134775856)]
[(3, 0.37852139177046168), (6, 0.31188793908234347)]
[(6, 0.84819537930251099)]
[(2, 0.20455220717603512), (6, 0.6719019465502386)]
[(2, 0.28910186074622035), (6, 0.48880212101187753)]
[(2, 0.31366200232060554), (6, 0.50057885831178095)]
[(0, 0.64746758462403142), (3, 0.25988815380757496)]
[(0, 0.51418882565738377)]
[(4, 0.59917968046304126), (6, 0.28389294402753251)]
[(4, 0.21591785423304671), (6, 0.40629968573776692)]
[(0, 0.41229347127670529), (6, 0.50665454555362632)]
[(0, 0.22283757500085327), (6, 0.60895511225260035)]
[(6, 0.50723146041394285)]
[(2, 0.41798369567913685)]
[(2, 0.25993049360843734), (4, 0.33916026028286345), (6, 0.23139318706679646)]
[(4, 0.36920770873252223), (6, 0.31817515554961179)]
[(4, 0.31446716430199717)]
[(4, 0.48009101731517401), (6, 0.28411393243878175)]
[(4, 0.49925711008203622), (6, 0.38243134002340273)]
[(4, 0.58631125159629705)]
[(4, 0.51450176411127513), (6, 0.28619140364693302)]
[(3, 0.37852333969073482), (6, 0.31188665672722771)]
[(6, 0.84818759154908263)]
[(2, 0.2045646414477694), (6, 0.67190285057680799)]
[(2, 0.28910214484630675), (6, 0.48880152910231844)]
[(2, 0.31365732908381672), (6, 0.50057184096982188)]
[(0, 0.64749315723625245), (3, 0.2599253388746065)]
[(0, 0.51418510373829074)]
[(4, 0.59917644826592042), (6, 0.2838853777654789)]
[(4, 0.21592284692685113), (6, 0.40629732938536767)]
[(0, 0.41229565642721555), (6, 0.50665009306136743)]
[(0, 0.2228357447715768), (6, 0.60895442208564077)]
[(6, 0.50723220987934869)]
[(2, 0.41800730572878886)]
[(2, 0.25997177380574799), (4, 0.33913287390940922), (6, 0.23139569911956073)]
[(4, 0.36915809702399605), (6, 0.31808231188754932)]
[(4, 0.31440046298382401)]
[(4, 0.48007993892006573), (6, 0.28411273607727233)]
[(4, 0.49929185262096376), (6, 0.38242238919501936)]
[(4, 0.58631579048044113)]
[(4, 0.51449940785370341), (6, 0.286191959617075)]
[(3, 0.3785256093232206), (6, 0.31188476168492585)]
[(6, 0.84818396767273685)]
[(2, 0.20455749341457391), (6, 0.67190201620412571)]
[(2, 0.28910246876311835), (6, 0.48880270220191763)]
[(2, 0.31365756706804859), (6, 0.50057210267072316)]
[(0, 0.64749482176955087), (3, 0.2599277577123234)]
[(0, 0.51418324827389006)]
[(4, 0.59917696303706813), (6, 0.28388711745240364)]
[(4, 0.21591169523850898), (6, 0.40629807961494274)]
[(0, 0.41229591598977222), (6, 0.50664950494329208)]
[(0, 0.22283525804660206), (6, 0.60895462058266647)]
[(6, 0.50723151689937251)]
[(2, 0.41798695534967112)]
[(2, 0.25995383278786749), (4, 0.33912546845857239), (6, 0.23139260231558731)]
[(4, 0.36915573965210541), (6, 0.31807802108503058)]
[(4, 0.31445680502414963)]
[(4, 0.48007648252189655), (6, 0.28410831488456845)]
[(4, 0.49927106352462142), (6, 0.38242887950909776)]
[(4, 0.58631012393112059)]
[(4, 0.5145024629090269), (6, 0.28619140074247856)]
[(3, 0.37852565561754131), (6, 0.31188555028361237)]
[(6, 0.84818342184542983)]
[(2, 0.20455351249635598), (6, 0.67190207707767902)]
[(2, 0.28910110864531491), (6, 0.48879899801052018)]
[(2, 0.31365455328538971), (6, 0.50056781882219969)]
[(0, 0.6475011799835737), (3, 0.2599369954826754)]
[(0, 0.51417681032691664)]
[(4, 0.59917998438482778), (6, 0.28389293544756944)]
[(4, 0.21592081336579602), (6, 0.40630109263294445)]
[(0, 0.41229290810352942), (6, 0.5066556376726481)]
[(0, 0.22283616417962132), (6, 0.60895440655501909)]
[(6, 0.50723159316545907)]
[(2, 0.41798171610789392)]
[(2, 0.26007595980852033), (4, 0.3391598334598), (6, 0.23140810187605637)]
[(4, 0.36915072031698359), (6, 0.31806972739619754)]
[(4, 0.31461463785136196)]
[(4, 0.4800767345310083), (6, 0.28410981197098928)]
[(4, 0.49929305148057884), (6, 0.38242215719851702)]
[(4, 0.58631339780082226)]
[(4, 0.51449083799968998), (6, 0.28619299204576676)]
[(3, 0.37852574763125801), (6, 0.3118849517385367)]
[(6, 0.84819117679853784)]
[(2, 0.20455958306198216), (6, 0.67190240226133946)]
[(2, 0.28910253732474173), (6, 0.48880262827229493)]
[(2, 0.313662054603292), (6, 0.5005789901622153)]
[(0, 0.64746576949094348), (3, 0.25988551271381677)]
[(0, 0.51417464182339745)]
[(4, 0.59918010881626249), (6, 0.28389319383054945)]
[(4, 0.21591926722723875), (6, 0.40630254726544457)]
[(0, 0.4122894289984026), (6, 0.50666178149544927)]
[(0, 0.22283963117310543), (6, 0.60895530451841684)]
[(6, 0.50723155939352316)]
[(2, 0.41798759782537748)]
[(2, 0.25991827580266325), (4, 0.33915896667018142), (6, 0.2313911155425811)]
[(4, 0.36915615692160236), (6, 0.31807959999491386)]
[(4, 0.31450004387876529)]
[(4, 0.48009866082822616), (6, 0.28411914896798901)]
[(4, 0.49929212857923383), (6, 0.38242230553820927)]
[(4, 0.58631076235879598)]
[(4, 0.51448803232012574), (6, 0.28619680507958278)]
[(3, 0.37852000729705526), (6, 0.31188847769266692)]
[(6, 0.8481928431720307)]
[(2, 0.20455444831591288), (6, 0.67190208830844977)]
[(2, 0.28910101255896486), (6, 0.48879849657138669)]
[(2, 0.31365423787506252), (6, 0.50056712716608798)]
[(0, 0.64746650543224804), (3, 0.25988658356682193)]
[(0, 0.51418952156845554)]
[(4, 0.5991787722368731), (6, 0.28388948388271817)]
[(4, 0.2159161920010943), (6, 0.40629843853609254)]
[(0, 0.41229600208306749), (6, 0.50664931301354277)]
[(0, 0.22283693246350611), (6, 0.60895353920621165)]
[(6, 0.50723202394092692)]
[(2, 0.41799011578949935)]
[(2, 0.26000314172053962), (4, 0.33914658494031386), (6, 0.23139677637117592)]
[(4, 0.36916087637918715), (6, 0.31807651668137799)]
[(4, 0.31449387836471138)]
[(4, 0.48007359258005833), (6, 0.2841062938211803)]
[(4, 0.49926340437934424), (6, 0.38243132261737306)]
[(4, 0.58631850823001219)]
[(4, 0.51448671363065146), (6, 0.28619601298166542)]
[(3, 0.37851723258353309), (6, 0.31188985031014677)]
[(6, 0.84818257363418648)]
[(2, 0.20456107382342881), (6, 0.67190232365528202)]
[(2, 0.28909635568842929), (6, 0.48878081253288785)]
[(2, 0.3136594022747255), (6, 0.50057512525372228)]
[(0, 0.64750333365813328), (3, 0.25994012390118904)]
[(0, 0.51418190937849717)]
[(4, 0.59918209622629903), (6, 0.28389711914997218)]
[(4, 0.21592020888255403), (6, 0.40629775437291188)]
[(0, 0.4122957371523594), (6, 0.50664991613570209)]
[(0, 0.22283554587375512), (6, 0.60895475123164955)]
[(6, 0.50723233100136422)]
[(2, 0.41799057100014736)]
[(2, 0.25994162247073388), (4, 0.33915880049384839), (6, 0.23139461474908332)]
[(4, 0.3691518206087368), (6, 0.31807130973059822)]
[(4, 0.31439426653791636)]
[(4, 0.4800785246257781), (6, 0.28410986335650207)]
[(4, 0.49925895968781825), (6, 0.38243237645487854)]
[(4, 0.58630969289383095)]
[(4, 0.51448510656250002), (6, 0.28619532364993466)]
[(3, 0.37852830452238379), (6, 0.31188428626093723)]
[(6, 0.84818528791266934)]
[(2, 0.20454675027436864), (6, 0.6719025583460938)]
[(2, 0.2891022054527565), (6, 0.48880155402031372)]
[(2, 0.31365713660085293), (6, 0.50057160632298636)]
[(0, 0.64748942229472495), (3, 0.25991991070722509)]
[(0, 0.51418008176512486)]
[(4, 0.5991806589134574), (6, 0.28389482339311339)]
[(4, 0.21591729131660317), (6, 0.40630188090668029)]
[(0, 0.41229264107290209), (6, 0.50665613047176339)]
[(0, 0.22283617112220044), (6, 0.60895239863199646)]
[(6, 0.50723129541027479)]
[(2, 0.41800401612221244)]
[(2, 0.2599382940546755), (4, 0.33915740192781646), (6, 0.2313933807668776)]
[(4, 0.36915555310500148), (6, 0.31807705530905933)]
[(4, 0.31445078067936388)]
[(4, 0.480068887586795), (6, 0.28410325817802623)]
[(4, 0.49929169635009779), (6, 0.38242248059370926)]
[(4, 0.58631681683827386)]
[(4, 0.51449606410466342), (6, 0.28619481561967458)]
[(3, 0.37851519590176536), (6, 0.31188864016957019)]
[(6, 0.84818391618047995)]
[(2, 0.2045562544755925), (6, 0.67190230454906552)]
[(2, 0.28909803943497908), (6, 0.48878780274657513)]
[(2, 0.3136558531307973), (6, 0.50056954792567532)]
[(0, 0.64748154059505858), (3, 0.25990845271839191)]
[(0, 0.51417626065183242)]
[(4, 0.59918094300711466), (6, 0.28389578042751074)]
[(4, 0.21591651743168241), (6, 0.40629359882709104)]
[(0, 0.4122925935768974), (6, 0.50665621619554679)]
[(0, 0.22283688995546866), (6, 0.60895159419053646)]
[(6, 0.5072317721387225)]
[(2, 0.41800298789239221)]
[(2, 0.25991905451634528), (4, 0.33912386116171861), (6, 0.23137197801370271)]
[(4, 0.36915477593865531), (6, 0.31807551869570599)]
[(4, 0.31476777275320378)]
[(4, 0.48008162663298892), (6, 0.28410999411810367)]
[(4, 0.4992612252896142), (6, 0.38243140287563926)]
[(4, 0.58631751437472857)]
[(4, 0.51448557679527429), (6, 0.28619666844065927)]
[(3, 0.37852055424123154), (6, 0.31188602042619923)]
[(6, 0.84818435326246777)]
[(2, 0.20455954724011396), (6, 0.67190251489687969)]
[(2, 0.28910190878378744), (6, 0.48880265075061247)]
[(2, 0.31365450637357206), (6, 0.50056749594129446)]
[(0, 0.64746350540473885), (3, 0.25988221807118411)]
[(0, 0.51418135450608204)]
[(4, 0.5991780413920903), (6, 0.2838894353700061)]
[(4, 0.21591970613209388), (6, 0.40630065399275261)]
[(0, 0.41229125566586694), (6, 0.50665863403616418)]
[(0, 0.22283318721838483), (6, 0.60894947769287167)]
[(6, 0.50723106451044508)]
[(2, 0.41800999409065187)]
[(2, 0.25991300066329764), (4, 0.33914143125130819), (6, 0.23139040479021869)]
[(4, 0.36914912110934689), (6, 0.31806773977925346)]
[(4, 0.31446642429576899)]
[(4, 0.48011364402630585), (6, 0.28411681019654161)]
[(4, 0.49929223947134904), (6, 0.38242168390054621)]
[(4, 0.58631700262825281)]
[(4, 0.51448761982967672), (6, 0.28619511213044047)]
[(3, 0.37852705807419523), (6, 0.31188436227291588)]
[(6, 0.84818361230493933)]
[(2, 0.20456679933854424), (6, 0.67190277522816155)]
[(2, 0.28910212590800821), (6, 0.48880234391098198)]
[(2, 0.31365610787895365), (6, 0.50057006109482982)]
[(0, 0.64749276649902521), (3, 0.2599247710435923)]
[(0, 0.51418903894877588)]
[(4, 0.59918188303367004), (6, 0.28389705129504328)]
[(4, 0.21590888656886162), (6, 0.40629902362154008)]
[(0, 0.41229097616617572), (6, 0.5066591681965259)]
[(0, 0.22283734178243722), (6, 0.60895367504195841)]
[(6, 0.50723101818832239)]
[(2, 0.41798155006987836)]
[(2, 0.25990928114270928), (4, 0.33916511433408858), (6, 0.23139026008550712)]
[(4, 0.36914899244900751), (6, 0.31806708341831558)]
[(4, 0.31445073351988628)]
[(4, 0.48008277260153354), (6, 0.28411460364602276)]
[(4, 0.49929007129111724), (6, 0.38242250959820062)]
[(4, 0.58630971442982827)]
[(4, 0.51450084389918249), (6, 0.28619144506237643)]
[(3, 0.3785265102428596), (6, 0.31188470462058321)]
[(6, 0.84818650600870449)]
[(2, 0.20455275622671512), (6, 0.67190206938802888)]
[(2, 0.28909736881725623), (6, 0.48878565461859508)]
[(2, 0.31365366724820853), (6, 0.50056612138277012)]
[(0, 0.64749879954946599), (3, 0.25993353730325763)]
[(0, 0.51417395832495316)]
[(4, 0.59917844898082473), (6, 0.28389025740315071)]
[(4, 0.21591177866629482), (6, 0.40629937512289127)]
[(0, 0.41229592899264411), (6, 0.50664947447422604)]
[(0, 0.22283975558129546), (6, 0.60895434575437746)]
[(6, 0.50723135467877822)]
[(2, 0.41798615778604248)]
[(2, 0.25992673480136474), (4, 0.3391038723203203), (6, 0.23138691141995826)]
[(4, 0.36915345479662542), (6, 0.31807401519892914)]
[(4, 0.31445070441753337)]
[(4, 0.48008966156791633), (6, 0.2841168627160493)]
[(4, 0.49929114085060805), (6, 0.38242187891708423)]
[(4, 0.58631336989471683)]
[(4, 0.51449209631230974), (6, 0.28619507532773442)]
[(3, 0.37852434594569179), (6, 0.31188500193446189)]
[(6, 0.84818847391040042)]
[(2, 0.20455366419328197), (6, 0.67190192295928852)]
[(2, 0.28910043067078356), (6, 0.48879555258570107)]
[(2, 0.31365976680692326), (6, 0.5005755534751164)]
[(0, 0.64749530477897621), (3, 0.25992845956874733)]
[(0, 0.51417561770141207)]
[(4, 0.59917913122095467), (6, 0.28389147684442889)]
[(4, 0.2159178930906987), (6, 0.40630163720061935)]
[(0, 0.41229110646793649), (6, 0.50665889644375295)]
[(0, 0.22283675827184563), (6, 0.60895405703904693)]
[(6, 0.50723141957001605)]
[(2, 0.4179886487263117)]
[(2, 0.26003993109650869), (4, 0.33913178576934505), (6, 0.23136765343810997)]
[(4, 0.36915716559515915), (6, 0.31808932889724895)]
[(4, 0.31468490242624997)]
[(4, 0.48007075886585421), (6, 0.28410007354236411)]
[(4, 0.49928933298022427), (6, 0.382422370052455)]
[(4, 0.58631916163332831)]
[(4, 0.514499964249715), (6, 0.28619217501383909)]
[(3, 0.37852248910814051), (6, 0.31188754586417494)]
[(6, 0.84819046212146798)]
[(2, 0.2045662742737267), (6, 0.67190272888811942)]
[(2, 0.28910050880352545), (6, 0.48879527860234012)]
[(2, 0.31365600495015816), (6, 0.50056980790000494)]
[(0, 0.6474636976641811), (3, 0.25988249785106227)]
[(0, 0.51418116810486214)]
[(4, 0.59917921106379646), (6, 0.28389149935705238)]
[(4, 0.21591964250356874), (6, 0.40630271016905167)]
[(0, 0.41229375365845916), (6, 0.5066540150127552)]
[(0, 0.22284174053715405), (6, 0.60895551650321722)]
[(6, 0.50723164272014831)]
[(2, 0.41800208601650096)]
[(2, 0.26016010487400004), (4, 0.3391738391874643), (6, 0.23142120013914722)]
[(4, 0.36916002541691167), (6, 0.31810710865016462)]
[(4, 0.31484119893766288)]
[(4, 0.48007138363433977), (6, 0.28410162635492103)]
[(4, 0.49929245116731963), (6, 0.38242230396563087)]
[(4, 0.5863178193347155)]
[(4, 0.51448326633076003), (6, 0.28619796547629345)]
[(3, 0.37852367777059576), (6, 0.31188542857141771)]
[(6, 0.84819098642723878)]
[(2, 0.20455820134075312), (6, 0.67190228723270451)]
[(2, 0.2891000153097763), (6, 0.48879444666043026)]
[(2, 0.31365362487788917), (6, 0.50056616969443024)]
[(0, 0.6475031248216857), (3, 0.25993982055931714)]
[(0, 0.5141872780534813)]
[(4, 0.59918015623696463), (6, 0.28389419798374793)]
[(4, 0.21591541403248574), (6, 0.40630188680127338)]
[(0, 0.41229167772274883), (6, 0.50665788196496897)]
[(0, 0.22283622613668172), (6, 0.60895441938519146)]
[(6, 0.5072316516263794)]
[(2, 0.41800605752307324)]
[(2, 0.25999749262060584), (4, 0.33912310599620316), (6, 0.23139073633295404)]
[(4, 0.36915600866614989), (6, 0.31808001943163339)]
[(4, 0.31443632349553963)]
[(4, 0.48015057368330233), (6, 0.28416670071841477)]
[(4, 0.49926013852556539), (6, 0.38242976257286032)]
[(4, 0.58631269270800401)]
[(4, 0.51448851010786378), (6, 0.28619608766565702)]
[(3, 0.37852732318441334), (6, 0.31188395517274875)]
[(6, 0.8481952117257322)]
[(2, 0.20455815076884085), (6, 0.67190219329345457)]
[(2, 0.28910222665175894), (6, 0.48880323945893978)]
[(2, 0.31365976757390485), (6, 0.5005754030543953)]
[(0, 0.64748537150332741), (3, 0.25991402241876416)]
[(0, 0.51417706151036835)]
[(4, 0.59918135636364855), (6, 0.28389879901734488)]
[(4, 0.21591550474597079), (6, 0.40629940656050184)]
[(0, 0.41229067521170093), (6, 0.50665966679136509)]
[(0, 0.22284144843462145), (6, 0.60895741531292147)]
[(6, 0.50723232736609447)]
[(2, 0.4179980812948409)]
[(2, 0.25993964338624442), (4, 0.33909310273523968), (6, 0.23138053066141512)]
[(4, 0.36914755381160047), (6, 0.31806503894563098)]
[(4, 0.31445073743226293)]
[(4, 0.48008143738517434), (6, 0.28411678049109662)]
[(4, 0.4992915694276992), (6, 0.38242181235324002)]
[(4, 0.58631674295080816)]
[(4, 0.51450024529297267), (6, 0.28619153709318629)]
[(3, 0.37852625817552521), (6, 0.31188522073948116)]
[(6, 0.84818292724629241)]
[(2, 0.2045552510699945), (6, 0.67190225736840392)]
[(2, 0.28909964677850791), (6, 0.48879700903649576)]
[(2, 0.31365481815260993), (6, 0.50056787157844851)]
[(0, 0.64748729604357524), (3, 0.25991682009856626)]
[(0, 0.51418914836364882)]
[(4, 0.59918063504716867), (6, 0.28389470183470816)]
[(4, 0.21591950098197293), (6, 0.40630132359210408)]
[(0, 0.41229229843353765), (6, 0.50665680093751764)]
[(0, 0.22283618271668409), (6, 0.608954525855401)]
[(6, 0.5072312129671942)]
[(2, 0.41799933407719086)]
[(2, 0.26012485708985389), (4, 0.33919469192258239), (6, 0.23141855083507654)]
[(4, 0.36915664893757039), (6, 0.31808379555873795)]
[(4, 0.31444923933518099)]
[(4, 0.48007007716949146), (6, 0.28410697158225856)]
[(4, 0.49929129754564028), (6, 0.3824223487783055)]
[(4, 0.58631828506370653)]
[(4, 0.51450001532361156), (6, 0.28619209768420301)]
[(3, 0.37852658247093623), (6, 0.31188457557044341)]
[(6, 0.84818435541389559)]
[(2, 0.20456722006386827), (6, 0.6719028745638268)]
[(2, 0.28910209209634014), (6, 0.48880121209870864)]
[(2, 0.31366154737236246), (6, 0.50057815313808296)]
[(0, 0.647496987806223), (3, 0.25993090502994498)]
[(0, 0.51418131698047798)]
[(4, 0.59918030261342503), (6, 0.28389423714455198)]
[(4, 0.21591713302881024), (6, 0.4062989828004443)]
[(0, 0.41229196037196264), (6, 0.50665740209692045)]
[(0, 0.22283422024011809), (6, 0.60895439048921518)]
[(6, 0.50723222251072764)]
[(2, 0.41798936536857045)]
[(2, 0.25993882853446981), (4, 0.33913342094233345), (6, 0.2313902199828953)]
[(4, 0.36914987483795869), (6, 0.31806821356232201)]
[(4, 0.31480040280840027)]
[(4, 0.48007138279100281), (6, 0.28410774040181824)]
[(4, 0.4992900693737663), (6, 0.38242197796823008)]
[(4, 0.58631706482806212)]
[(4, 0.51448868089277744), (6, 0.28619601621800334)]
[(3, 0.37852737709034318), (6, 0.31188105681649653)]
[(6, 0.84818807098488602)]
[(2, 0.20455445709179995), (6, 0.67190243870705169)]
[(2, 0.28909533695694295), (6, 0.48878061646061893)]
[(2, 0.31366058396462299), (6, 0.50057669406726601)]
[(0, 0.6474835295038559), (3, 0.25991134448833225)]
[(0, 0.51418844625831273)]
[(4, 0.5991770629411487), (6, 0.28388760615138975)]
[(4, 0.21592164046830145), (6, 0.40629801086941003)]
[(0, 0.41229332868100632), (6, 0.50665479741920527)]
[(0, 0.22283169873635239), (6, 0.60895175059996753)]
[(6, 0.50723134947776027)]
[(2, 0.41798699076921209)]
[(2, 0.2599307380324406), (4, 0.33916527351675263), (6, 0.23139276955184851)]
[(4, 0.3692160451528278), (6, 0.31817591101266041)]
[(4, 0.31446466276719881)]
[(4, 0.4800835119561187), (6, 0.2841150727841214)]
[(4, 0.49929244284281343), (6, 0.38242186837333209)]
[(4, 0.58631920981691188)]
[(4, 0.51450117540000251), (6, 0.28619195593585883)]
[(3, 0.37852736566992673), (6, 0.31188423767962004)]
[(6, 0.84819464991982874)]
[(2, 0.20454860130454758), (6, 0.67190215689355648)]
[(2, 0.28909515427615218), (6, 0.48877791551295613)]
[(2, 0.3136573340583606), (6, 0.50057155928500174)]
[(0, 0.64750285735108559), (3, 0.25993943204633291)]
[(0, 0.5141835171298722)]
[(4, 0.59917861754070412), (6, 0.28389003013226222)]
[(4, 0.21591975232078389), (6, 0.40629571580535417)]
[(0, 0.41229585152166981), (6, 0.50664964718346517)]
[(0, 0.22283797249107512), (6, 0.60895398482453733)]
[(6, 0.50723152950720696)]
[(2, 0.41798587824231997)]
[(2, 0.2598786036707294), (4, 0.33913835248526719), (6, 0.23138501180737345)]
[(4, 0.36914745530957938), (6, 0.31806608431997402)]
[(4, 0.31446883009828908)]
[(4, 0.48007397781909183), (6, 0.28410700695000451)]
[(4, 0.49928972139983258), (6, 0.38242266912056871)]
[(4, 0.58630999881865975)]
[(4, 0.51450152953789796), (6, 0.28619216755860688)]
[(3, 0.37852414408459556), (6, 0.31188644528470616)]
[(6, 0.84819224597758158)]
[(2, 0.20454908592278986), (6, 0.67190173320465452)]
[(2, 0.28910039081063299), (6, 0.48879877373283842)]
[(2, 0.31365605187785406), (6, 0.500569766704684)]
[(0, 0.64750083393174884), (3, 0.25993649277779773)]
[(0, 0.51418298130770124)]
[(4, 0.59918035463514008), (6, 0.28389400625820133)]
[(4, 0.21591755610490507), (6, 0.40630191688499601)]
[(0, 0.41229537453108311), (6, 0.5066507157622312)]
[(0, 0.22283391611493383), (6, 0.60895258836592492)]
[(6, 0.50723166113118534)]
[(2, 0.41799983667073515)]
[(2, 0.25988533459421281), (4, 0.3391477707107079), (6, 0.23138670865083338)]
[(4, 0.3691579813948983), (6, 0.31808012418614701)]
[(4, 0.31439840490487342)]
[(4, 0.48008664909581039), (6, 0.28411429615374567)]
[(4, 0.49926299272127983), (6, 0.38243044710912649)]
[(4, 0.58631028134671803)]
[(4, 0.51448664413102108), (6, 0.28619650457641244)]
[(3, 0.37852631311778429), (6, 0.31188521422064092)]
[(6, 0.84818547285513146)]
[(2, 0.20455205946381083), (6, 0.67190223432214946)]
[(2, 0.28909374583763942), (6, 0.48877787789861654)]
[(2, 0.3136560642171371), (6, 0.5005699184113539)]
[(0, 0.64748743788340324), (3, 0.25991702627849156)]
[(0, 0.51418879967187359)]
[(4, 0.59917719898127975), (6, 0.28388719177401528)]
[(4, 0.21591264211983954), (6, 0.4062985845155116)]
[(0, 0.41229056554973142), (6, 0.50665983777262069)]
[(0, 0.22283470667861779), (6, 0.60895152527335417)]
[(6, 0.50723219747672277)]
[(2, 0.41798058637473651)]
[(2, 0.25991589252427766), (4, 0.33911531781079618), (6, 0.23138716945681742)]
[(4, 0.36915727950402905), (6, 0.31807906558869264)]
[(4, 0.31441095303134092)]
[(4, 0.48006718982130098), (6, 0.28410023567448967)]
[(4, 0.49929140432162222), (6, 0.38242193601668917)]
[(4, 0.5863156212911067)]
[(4, 0.51448453497078417), (6, 0.28619571440321412)]
[(3, 0.37852153533618821), (6, 0.311887435354467)]
[(6, 0.84818167445556747)]
[(2, 0.20455860329436479), (6, 0.6719023557258017)]
[(2, 0.28909740250396804), (6, 0.48878535762464959)]
[(2, 0.31365401576195995), (6, 0.50056665223290342)]
[(0, 0.64748488448666175), (3, 0.25991331440820037)]
[(0, 0.51418147409980253)]
[(4, 0.5991789072899999), (6, 0.28389053750920146)]
[(4, 0.21591075269158547), (6, 0.40629738220827277)]
[(0, 0.41229201886247102), (6, 0.50665728995288328)]
[(0, 0.22283430238477675), (6, 0.60895219619883667)]
[(6, 0.5072311402683507)]
[(2, 0.41798871221005346)]
[(2, 0.25991953745036667), (4, 0.3391307457971095), (6, 0.2313869426993653)]
[(4, 0.36915483324601994), (6, 0.31807528263644008)]
[(4, 0.31444365309613226)]
[(4, 0.4800808900203371), (6, 0.2841163838743847)]
[(4, 0.4992573835261695), (6, 0.38243178676001344)]
[(4, 0.58631835351959727)]
[(4, 0.51450279981724778), (6, 0.28619103948152225)]
[(3, 0.3785247517216026), (6, 0.31188485826476575)]
[(6, 0.84818326984635095)]
[(2, 0.20455243623090996), (6, 0.67190215945217391)]
[(2, 0.28910186871531307), (6, 0.48880133031964412)]
[(2, 0.31366218249861394), (6, 0.50057916470681885)]
[(0, 0.64749780824860259), (3, 0.25993209707577841)]
[(0, 0.51418364014925233)]
[(4, 0.59917866738251346), (6, 0.28389016456548938)]
[(4, 0.2159222404074076), (6, 0.40629826607367198)]
[(0, 0.41228917351372363), (6, 0.50666217938331959)]
[(0, 0.22283446713913807), (6, 0.60895291616349112)]
[(6, 0.50723124861286306)]
[(2, 0.41799978784139236)]
[(2, 0.25996062941991632), (4, 0.33914595966594469), (6, 0.23139430391049431)]
[(4, 0.36915739958295235), (6, 0.31807924655948783)]
[(4, 0.31482297442467672)]
[(4, 0.48008473528782536), (6, 0.2841160832616188)]
[(4, 0.49929191948455059), (6, 0.38242164121040934)]
[(4, 0.58631825079993705)]
[(4, 0.51450093981311673), (6, 0.28619242261508976)]
[(3, 0.37852109391000877), (6, 0.31188769737051403)]
[(6, 0.84819532619329185)]
[(2, 0.20455861517615262), (6, 0.67190262967338665)]
[(2, 0.28910112575585417), (6, 0.48880122954019578)]
[(2, 0.31366074422325269), (6, 0.5005769671522341)]
[(0, 0.64747049080778551), (3, 0.25989238193947467)]
[(0, 0.51418121243981596)]
[(4, 0.59918053732597731), (6, 0.28389358714983814)]
[(4, 0.21591608313331595), (6, 0.40629635081056176)]
[(0, 0.41229112108275484), (6, 0.50665890636603284)]
[(0, 0.22283535476981095), (6, 0.60895351081454252)]
[(6, 0.50723229908327094)]
[(2, 0.4179905487914119)]
[(2, 0.26005741404074534), (4, 0.33912391301320027), (6, 0.23140733345530692)]
[(4, 0.3691521343970367), (6, 0.31807448603617849)]
[(4, 0.31446865388323408)]
[(4, 0.48008526426160919), (6, 0.28411615903104054)]
[(4, 0.49929203449307896), (6, 0.38242223236242495)]
[(4, 0.5863181253468438)]
[(4, 0.51450207321356067), (6, 0.28619145527370621)]
[(3, 0.37851546435735872), (6, 0.3118900300123128)]
[(6, 0.84818944134672669)]
[(2, 0.20455435003581807), (6, 0.6719020516467018)]
[(2, 0.2890950690439808), (6, 0.48878065341250065)]
[(2, 0.31366153646590422), (6, 0.50057816822856482)]
[(0, 0.64749785622768896), (3, 0.25993216678444697)]
[(0, 0.51418819799600246)]
[(4, 0.59917760627545569), (6, 0.28388829340462923)]
[(4, 0.21591543764787474), (6, 0.40629621802933019)]
[(0, 0.41229053955395534), (6, 0.50665988569615983)]
[(0, 0.22283548267665926), (6, 0.60895379270696404)]
[(6, 0.50723181528423122)]
[(2, 0.41799726386032798)]
[(2, 0.25997242993541314), (4, 0.33912616664249362), (6, 0.23139527130014334)]
[(4, 0.36915715962240719), (6, 0.31807981074358954)]
[(4, 0.31453059878233569)]
[(4, 0.48007992458270332), (6, 0.28411446312882654)]
[(4, 0.49929302526300617), (6, 0.38242253206213839)]
[(4, 0.58631022319124437)]
[(4, 0.51450240091015109), (6, 0.28619146179798993)]
[(3, 0.37852256750693092), (6, 0.31188706652610959)]
[(6, 0.84819011854257154)]
[(2, 0.204558904513851), (6, 0.67190288188863445)]
[(2, 0.28910189033371825), (6, 0.48880111516934771)]
[(2, 0.31366197937106766), (6, 0.50057888159490638)]
[(0, 0.64748022898361568), (3, 0.25990654555215348)]
[(0, 0.51418374151487589)]
[(4, 0.59917798474842776), (6, 0.28388840261430165)]
[(4, 0.21591797613401137), (6, 0.40629948240163161)]
[(0, 0.41229325834264036), (6, 0.50665497472287668)]
[(0, 0.22284247791786008), (6, 0.60895533264776358)]
[(6, 0.50723176597192787)]
[(2, 0.41798514438028656)]
[(2, 0.26008929948234893), (4, 0.3391697805967086), (6, 0.23141371546383918)]
[(4, 0.36915398060500471), (6, 0.31807507230011767)]
[(4, 0.31443586658691391)]
[(4, 0.48007816626008804), (6, 0.2841085346412085)]
[(4, 0.49929269949165961), (6, 0.38242206440288945)]
[(4, 0.58631156089535397)]
[(4, 0.51449984716073638), (6, 0.28619189560650604)]
[(3, 0.37852296492270832), (6, 0.31188661970582759)]
[(6, 0.84818432701426905)]
[(2, 0.20455410537593668), (6, 0.67190257421435307)]
[(2, 0.28910272602510828), (6, 0.48880329041329107)]
[(2, 0.31365391656007208), (6, 0.50056646706177377)]
[(0, 0.64748477345890154), (3, 0.25991315299553558)]
[(0, 0.51417595036139485)]
[(4, 0.5991820808737035), (6, 0.28389836714235989)]
[(4, 0.21591385406867772), (6, 0.40629704105045605)]
[(0, 0.41228973992004508), (6, 0.50666121532906927)]
[(0, 0.2228353204642565), (6, 0.608953936111296)]
[(6, 0.50723199025118915)]
[(2, 0.41799457642632659)]
[(2, 0.25993460859693057), (4, 0.33914057376995183), (6, 0.23139378407224775)]
[(4, 0.36915460328812855), (6, 0.31808587759022433)]
[(4, 0.31445490002099957)]
[(4, 0.48007301673410135), (6, 0.28410866090254944)]
[(4, 0.49929276961518043), (6, 0.38242219661211352)]
[(4, 0.58631731382972585)]
[(4, 0.51450190511527538), (6, 0.2861914317217063)]
[(3, 0.37852670266821792), (6, 0.3118847462315526)]
[(6, 0.84819481276248732)]
[(2, 0.20455314807318545), (6, 0.67190250941078189)]
[(2, 0.28909490530299153), (6, 0.48877868200451852)]
[(2, 0.31365621665728699), (6, 0.50056990215411012)]
[(0, 0.64746493743648614), (3, 0.25988430197264295)]
[(0, 0.51417207887470306)]
[(4, 0.59917808048144772), (6, 0.2838902929381133)]
[(4, 0.21591671672805754), (6, 0.40630160317567093)]
[(0, 0.41229214866855068), (6, 0.50665704406686518)]
[(0, 0.22284232487629665), (6, 0.60895677280910043)]
[(6, 0.50723184677675126)]
[(2, 0.41798958831446731)]
[(2, 0.26003151492763915), (4, 0.33913849343183827), (6, 0.2314011208643838)]
[(4, 0.36918934008518789), (6, 0.31814650496594632)]
[(4, 0.31447371239699679)]
[(4, 0.48007935900234483), (6, 0.28410663922219093)]
[(4, 0.49929017985031815), (6, 0.38242190805853943)]
[(4, 0.58631486343369765)]
[(4, 0.51448375982474304), (6, 0.28619473322180256)]
[(3, 0.37852696717314271), (6, 0.31188371630712108)]
[(6, 0.84818623520797398)]
[(2, 0.20455965662896655), (6, 0.67190238703620686)]
[(2, 0.28909764568388857), (6, 0.4887929949162288)]
[(2, 0.31366221951041173), (6, 0.50057921922700344)]
[(0, 0.64746591367562678), (3, 0.25988572252068726)]
[(0, 0.51418669674184869)]
[(4, 0.59917749679806143), (6, 0.28388824009757357)]
[(4, 0.21591820586122923), (6, 0.40629872754966129)]
[(0, 0.41229036693243098), (6, 0.50666018052508821)]
[(0, 0.22283777554054651), (6, 0.608954312042154)]
[(6, 0.50723210276380404)]
[(2, 0.41801161111041818)]
[(2, 0.25998056257603791), (4, 0.33914171784359293), (6, 0.23139584071227004)]
[(4, 0.36915564385588401), (6, 0.31807610843833434)]
[(4, 0.31444465511372227)]
[(4, 0.48007963054706965), (6, 0.28411310075794599)]
[(4, 0.49929098371324337), (6, 0.38242245558514915)]
[(4, 0.58631922559805238)]
[(4, 0.51450205034933105), (6, 0.28619140056193998)]
[(3, 0.37852724418313721), (6, 0.31188430349694141)]
[(6, 0.84819172578464141)]
[(2, 0.20454864408404339), (6, 0.67190202068686511)]
[(2, 0.28910184616837215), (6, 0.48880218088292993)]
[(2, 0.31366024687934024), (6, 0.50057621458396362)]
[(0, 0.64748021327345406), (3, 0.25990652270055009)]
[(0, 0.51418285661648766)]
[(4, 0.59917939484630212), (6, 0.28389189618051003)]
[(4, 0.21592004787404814), (6, 0.40629628645148724)]
[(0, 0.41229158032351049), (6, 0.506658070074963)]
[(0, 0.22283401871772338), (6, 0.60895311513046013)]
[(6, 0.50723194813611616)]
[(2, 0.41799894225935191)]
[(2, 0.25998814896253752), (4, 0.33909083497438863), (6, 0.23138387226390481)]
[(4, 0.36922384647284412), (6, 0.31817607622135563)]
[(4, 0.31447159389364099)]
[(4, 0.48007607028484656), (6, 0.28411112628147783)]
[(4, 0.49926470420198577), (6, 0.38242934951030833)]
[(4, 0.58631699698104545)]
[(4, 0.51450169700851001), (6, 0.28619182898470735)]
[(3, 0.37852192619781977), (6, 0.31188410436415659)]
[(6, 0.84817842930360943)]
[(2, 0.20454737465421674), (6, 0.67190191007878408)]
[(2, 0.28910246862997369), (6, 0.48880258021101619)]
[(2, 0.31365800249437042), (6, 0.50057259304441015)]
[(0, 0.64747657576737239), (3, 0.25990123292695921)]
[(0, 0.51418551572567506)]
[(4, 0.59917693394423921), (6, 0.28388615097909065)]
[(4, 0.21591758919071505), (6, 0.40629842708345015)]
[(0, 0.41229591933870713), (6, 0.50664948535900622)]
[(0, 0.22283609121225029), (6, 0.60895237179499118)]
[(6, 0.50723172484350376)]
[(2, 0.41800060539173922)]
[(2, 0.26001827716561954), (4, 0.33912301507389647), (6, 0.23140309188150782)]
[(4, 0.36915470751164708), (6, 0.31807837192318056)]
[(4, 0.31446005533917309)]
[(4, 0.48008321214263816), (6, 0.28411504254580444)]
[(4, 0.49929373271499844), (6, 0.38242276443717688)]
[(4, 0.5863093337711841)]
[(4, 0.51448316014527606), (6, 0.28619660045256151)]
[(3, 0.37851980199770546), (6, 0.31188820604597067)]
[(6, 0.84818435737344766)]
[(2, 0.20455253362615505), (6, 0.67190231546159196)]
[(2, 0.28909690067031218), (6, 0.48878286537955895)]
[(2, 0.31366126804575556), (6, 0.50057781721478256)]
[(0, 0.64746653037681279), (3, 0.25988661986203754)]
[(0, 0.51417615799372329)]
[(4, 0.59918166877694712), (6, 0.28389704871703403)]
[(4, 0.21591121209718528), (6, 0.40630012815657179)]
[(0, 0.41228940768506006), (6, 0.50666180576070907)]
[(0, 0.22284149795805613), (6, 0.60895738363198837)]
[(6, 0.5072320931811537)]
[(2, 0.4179931240116801)]
[(2, 0.26006089437883234), (4, 0.33914244431584645), (6, 0.23140802650558123)]
[(4, 0.36915784240866439), (6, 0.31808363201252982)]
[(4, 0.31446109236766656)]
[(4, 0.48007646886127753), (6, 0.28410587623498174)]
[(4, 0.49929080727464448), (6, 0.38242219055848781)]
[(4, 0.58631788174962463)]
[(4, 0.51448517863391219), (6, 0.28619467137517146)]
[(3, 0.37852143393827858), (6, 0.31188732350424625)]
[(6, 0.84817910218927917)]
[(2, 0.20455850168130946), (6, 0.6719026707590755)]
[(2, 0.28910144665963616), (6, 0.48880157563517179)]
[(2, 0.31365412113877716), (6, 0.50056683044706907)]
[(0, 0.64748415415147875), (3, 0.25991225262821388)]
[(0, 0.51418520387535172)]
[(4, 0.59918001711831925), (6, 0.28389431941022908)]
[(4, 0.21591669810582534), (6, 0.406301711533951)]
[(0, 0.41229141477164721), (6, 0.50665836427113875)]
[(0, 0.22283576285129014), (6, 0.60895354142574765)]
[(6, 0.50723246806602529)]
[(2, 0.41800184919924355)]
[(2, 0.26005190556463137), (4, 0.33914901582523049), (6, 0.23140606764828772)]
[(4, 0.36915732586552863), (6, 0.31807972013222247)]
[(4, 0.31445095667181283)]
[(4, 0.48007894011434715), (6, 0.28410497376963084)]
[(4, 0.49929007972877565), (6, 0.38242196594788175)]
[(4, 0.58631703134005642)]
[(4, 0.51449797026280952), (6, 0.28619191956302936)]
[(3, 0.3785198881966596), (6, 0.31188888768199952)]
[(6, 0.84819351660187781)]
[(2, 0.20455738775905591), (6, 0.67190222361367424)]
[(2, 0.2890962840763292), (6, 0.48878460009969021)]
[(2, 0.313657039827479), (6, 0.50057127046856664)]
[(0, 0.64746331989769623), (3, 0.25988194810652687)]
[(0, 0.51417403109557236)]
[(4, 0.59917843043742391), (6, 0.28388494536965037)]
[(4, 0.21591308686927718), (6, 0.4062992940426598)]
[(0, 0.41229120127317681), (6, 0.50665873881979218)]
[(0, 0.22283835044867359), (6, 0.60895247911162598)]
[(6, 0.50723108994021815)]
[(2, 0.41800098593831736)]
[(2, 0.25989625444556796), (4, 0.33912878870577418), (6, 0.23138511005760146)]
[(4, 0.36914834155091297), (6, 0.31806737728937934)]
[(4, 0.31474104205997705)]
[(4, 0.48007477277976029), (6, 0.28411089707022463)]
[(4, 0.49929115589099271), (6, 0.38242209119836468)]
[(4, 0.58631459962084986)]
[(4, 0.51449145703840471), (6, 0.28619439125178842)]
[(3, 0.37852348115975765), (6, 0.31188604743312082)]
[(6, 0.84817904664103216)]
[(2, 0.20455547829190834), (6, 0.67190208150484232)]
[(2, 0.28910117301203292), (6, 0.48879930034260471)]
[(2, 0.31365584169229621), (6, 0.50056958723519662)]
[(0, 0.64749971274528639), (3, 0.25993486399567522)]
[(0, 0.51418811616042415)]
[(4, 0.59917968683614042), (6, 0.2838931472331247)]
[(4, 0.21591711956353574), (6, 0.40629844900952106)]
[(0, 0.41229159364160384), (6, 0.50665805337734393)]
[(0, 0.22283574646664353), (6, 0.60895295317289666)]
[(6, 0.50723141899742619)]
[(2, 0.41799070164106689)]
[(2, 0.25998523048105127), (4, 0.33913980823228845), (6, 0.2313949830885825)]
[(4, 0.36922071217303515), (6, 0.31817618621391386)]
[(4, 0.31448544787541005)]
[(4, 0.48007258008299725), (6, 0.28410892071886584)]
[(4, 0.49926207246979432), (6, 0.38243400008524314)]
[(4, 0.58631584911261103)]
[(4, 0.51448249975505145), (6, 0.28619751065843174)]
[(3, 0.37851680097756862), (6, 0.31189031175467125)]
[(6, 0.84818111627687975)]
[(2, 0.20455320594027315), (6, 0.67190215800913666)]
[(2, 0.28909593363878888), (6, 0.48878034047645652)]
[(2, 0.31366166903673387), (6, 0.50057842381941442)]
[(0, 0.64749683449763784), (3, 0.25993068227985577)]
[(0, 0.51417348042645505)]
[(4, 0.59917937181764647), (6, 0.28389163168525128)]
[(4, 0.21591818488425799), (6, 0.40630145935178458)]
[(0, 0.41229122706080162), (6, 0.5066587041353362)]
[(0, 0.22283938787464561), (6, 0.60895653733964117)]
[(6, 0.50723197678986565)]
[(2, 0.4180001451448635)]
[(2, 0.26009630539361306), (4, 0.33912345907079283), (6, 0.23140293143688842)]
[(4, 0.36916002147971039), (6, 0.31808295040266232)]
[(4, 0.31440009839019162)]
[(4, 0.48008297719006743), (6, 0.284111785454701)]
[(4, 0.49929005919653907), (6, 0.38242205907491322)]
[(4, 0.5863162867695455)]
[(4, 0.51448412869336235), (6, 0.2861954016906762)]
[(3, 0.37852719408254543), (6, 0.31188403836867418)]
[(6, 0.84819066199288451)]
[(2, 0.20456367352725771), (6, 0.67190254993923393)]
[(2, 0.28909697893565695), (6, 0.48878295052379728)]
[(2, 0.31365432326296899), (6, 0.50056717196997236)]
[(0, 0.64746599185967613), (3, 0.25988583628018469)]
[(0, 0.5141891158634303)]
[(4, 0.599180328759648), (6, 0.28389378953135774)]
[(4, 0.2159196350339059), (6, 0.40629984036775396)]
[(0, 0.41229119666915842), (6, 0.50665873505030923)]
[(0, 0.22282642210801282), (6, 0.60894627014865088)]
[(6, 0.50723203525532445)]
[(2, 0.41799114623410261)]
[(2, 0.25994291346750092), (4, 0.3390935926979225), (6, 0.23138046556518796)]
[(4, 0.36915933989668454), (6, 0.31808200686914673)]
[(4, 0.31450613083202084)]
[(4, 0.48008620116589351), (6, 0.28411553122979438)]
[(4, 0.49929149806961237), (6, 0.38242232852311836)]
[(4, 0.58631890732206515)]
[(4, 0.51448712839967814), (6, 0.28619552431356432)]
[(3, 0.3785279127268954), (6, 0.31188339124293479)]
[(6, 0.8481902134542465)]
[(2, 0.20456100768878718), (6, 0.67190268771069617)]
[(2, 0.28909787223348193), (6, 0.48878903390137868)]
[(2, 0.31365592647291402), (6, 0.50056977982121442)]
[(0, 0.64749583332780858), (3, 0.25992922757865339)]
[(0, 0.5141814958529336)]
[(4, 0.59918181560870376), (6, 0.283897469701615)]
[(4, 0.2159139184389354), (6, 0.40629321362793264)]
[(0, 0.41228961727566754), (6, 0.50666144344369424)]
[(0, 0.22284086788722213), (6, 0.6089553083936935)]
[(6, 0.5072314349871373)]
[(2, 0.41795914033382314)]
[(2, 0.25995319598508382), (4, 0.33910416025011125), (6, 0.23139219111991149)]
[(4, 0.36915161032387861), (6, 0.31807934023683554)]
[(4, 0.31446462380824014)]
[(4, 0.48008456441014508), (6, 0.28411366824346529)]
[(4, 0.4992920746247016), (6, 0.38242154620702534)]
[(4, 0.58631352720119401)]
[(4, 0.5144901021816437), (6, 0.28619507349023104)]
[(3, 0.37852188467533693), (6, 0.31188730209069643)]
[(6, 0.84818599522540084)]
[(2, 0.20455698334092887), (6, 0.67190219499580073)]
[(2, 0.28909475793737194), (6, 0.48877792895400968)]
[(2, 0.31365901930328438), (6, 0.5005744981567688)]
[(0, 0.64748026849670759), (3, 0.25990660300312002)]
[(0, 0.51418504558551126)]
[(4, 0.59918076346459992), (6, 0.28389438275929985)]
[(4, 0.21591747723679605), (6, 0.40629403763027166)]
[(0, 0.41229171902439565), (6, 0.50665780833378782)]
[(0, 0.22283555757228696), (6, 0.60895409969219649)]
[(6, 0.50723229219195398)]
[(2, 0.41798729737604245)]
[(2, 0.26013763296334558), (4, 0.33916815438493053), (6, 0.23141964988119829)]
[(4, 0.36915148946913584), (6, 0.31807113602431164)]
[(4, 0.31443834281195454)]
[(4, 0.48009365301381784), (6, 0.28411346878955618)]
[(4, 0.49926460923568766), (6, 0.38243463717792514)]
[(4, 0.58631774162144323)]
[(4, 0.5144846278431654), (6, 0.28619658178532886)]
[(3, 0.37852851482514677), (6, 0.31188396251452571)]
[(6, 0.8481787183690932)]
[(2, 0.20455683317833476), (6, 0.67190228983756362)]
[(2, 0.28910190788702456), (6, 0.48880325429058585)]
[(2, 0.31365932988439194), (6, 0.50057497954984786)]
[(0, 0.64749657420388529), (3, 0.25993030407906581)]
[(0, 0.51418338152744869)]
[(4, 0.59918126269639826), (6, 0.28389631349266908)]
[(4, 0.21591054391578676), (6, 0.40629755820794278)]
[(0, 0.4122938660374012), (6, 0.50665377877165008)]
[(0, 0.22283583884363892), (6, 0.60895493250101473)]
[(6, 0.50723106460421874)]
[(2, 0.41798977215791105)]
[(2, 0.25999340221051348), (4, 0.33915147118348016), (6, 0.23139623716456345)]
[(4, 0.36915802203325049), (6, 0.31808042965679173)]
[(4, 0.31440256492826774)]
[(4, 0.4800780066456698), (6, 0.28410980846997957)]
[(4, 0.49929226630571649), (6, 0.38242228674386264)]
[(4, 0.58631481611937786)]
[(4, 0.51448536028566705), (6, 0.28619509112684771)]
[(3, 0.37852554629241625), (6, 0.31188490119484341)]
[(6, 0.84818672105569282)]
[(2, 0.20455572090045629), (6, 0.67190221794046456)]
[(2, 0.28910179102632927), (6, 0.48880185471441562)]
[(2, 0.31365381739854603), (6, 0.50056636166284052)]
[(0, 0.64747039136543272), (3, 0.2598922372814374)]
[(0, 0.5141876691128735)]
[(4, 0.59917687453829815), (6, 0.28388693567937245)]
[(4, 0.21591669498729368), (6, 0.40629914032946063)]
[(0, 0.41229165133685125), (6, 0.50665793442503548)]
[(0, 0.22283870801169214), (6, 0.60895494551103069)]
[(6, 0.50723226025578227)]
[(2, 0.41799052201843867)]
[(2, 0.25995693775276263), (4, 0.33914028111336675), (6, 0.23139095160789208)]
[(4, 0.36915715044917502), (6, 0.31807893052643565)]
[(4, 0.31444937925344241)]
[(4, 0.48008613991226345), (6, 0.28411577371066365)]
[(4, 0.49929345497004918), (6, 0.38242248882975449)]
[(4, 0.58631496522619109)]
[(4, 0.51450038926504726), (6, 0.28619262411952545)]
[(3, 0.37851998718161356), (6, 0.31188831125119215)]
[(6, 0.84818241368260516)]
[(2, 0.20455399306832137), (6, 0.67190184839931966)]
[(2, 0.28910208608668619), (6, 0.48880305689133741)]
[(2, 0.31366075680807504), (6, 0.50057701303890534)]
[(0, 0.64748967582882833), (3, 0.2599202792091525)]
[(0, 0.5141846900519047)]
[(4, 0.59918171795965858), (6, 0.28389628117973936)]
[(4, 0.21591296882989783), (6, 0.40629971024079309)]
[(0, 0.41229110081916048), (6, 0.50665892004158852)]
[(0, 0.22283726693477873), (6, 0.60895314383482269)]
[(6, 0.50723127840086979)]
[(2, 0.41798795420314638)]
[(2, 0.25988628383545553), (4, 0.33915345194286001), (6, 0.23138374735670572)]
[(4, 0.36914833674930375), (6, 0.31806633137149953)]
[(4, 0.31445136838630572)]
[(4, 0.48007797540135067), (6, 0.28411211298591976)]
[(4, 0.49929323517947233), (6, 0.38242215384861333)]
[(4, 0.58631009431742165)]
[(4, 0.51448484884349655), (6, 0.28619558735672895)]
[(3, 0.37851696877276736), (6, 0.31188919603520487)]
[(6, 0.84819146913417764)]
[(2, 0.20455318890566113), (6, 0.67190213534430132)]
[(2, 0.28910060615123695), (6, 0.4887965397466249)]
[(2, 0.31365474561209389), (6, 0.50056785049573216)]
[(0, 0.64746820226985613), (3, 0.25988905245139449)]
[(0, 0.51418574870948064)]
[(4, 0.59918043710033464), (6, 0.2838950305202706)]
[(4, 0.21591443146710751), (6, 0.40629898532288983)]
[(0, 0.41229597629179604), (6, 0.50664935845554149)]
[(0, 0.22283440666378093), (6, 0.60895351296574252)]
[(6, 0.50723187372356349)]
[(2, 0.41801237568121918)]
[(2, 0.25992470435434628), (4, 0.33911946685141331), (6, 0.23139002380824286)]
[(4, 0.36915399959336287), (6, 0.31807416258653959)]
[(4, 0.31445992945652423)]
[(4, 0.48007543274048348), (6, 0.28410963421858787)]
[(4, 0.49925841946823118), (6, 0.38243288017410287)]
[(4, 0.58631083065875733)]
[(4, 0.51448222842918001), (6, 0.2861976716086207)]
[(3, 0.37852904699511419), (6, 0.31188334724430078)]
[(6, 0.84819477399749632)]
[(2, 0.20454728343485964), (6, 0.6719019374451628)]
[(2, 0.28910241085814775), (6, 0.48880398981897383)]
[(2, 0.31365657289852777), (6, 0.50057065062963513)]
[(0, 0.64747139030924483), (3, 0.2598936904880535)]
[(0, 0.51418319237155008)]
[(4, 0.59918141099406286), (6, 0.28389656708044697)]
[(4, 0.21591882031435225), (6, 0.40629973330246116)]
[(0, 0.41229256909364209), (6, 0.50665625411780235)]
[(0, 0.22284202639646086), (6, 0.60895622695170992)]
[(6, 0.50723147273112978)]
[(2, 0.41800593088672577)]
[(2, 0.26008367428292917), (4, 0.33909522531342756), (6, 0.23140441045435489)]
[(4, 0.36921559315959768), (6, 0.31816471541209801)]
[(4, 0.31443542074654418)]
[(4, 0.48008843914161503), (6, 0.28410601038884009)]
[(4, 0.49929048715023233), (6, 0.3824228810317038)]
[(4, 0.58631578663380524)]
[(4, 0.51448339146625), (6, 0.28619710271547016)]
[(3, 0.37852164450957448), (6, 0.31188768605262523)]
[(6, 0.84819261550300273)]
[(2, 0.20455095113010027), (6, 0.67190212160140717)]
[(2, 0.28910241822021931), (6, 0.48880185923917496)]
[(2, 0.3136576062995281), (6, 0.5005722254874686)]
[(0, 0.64747966542726954), (3, 0.25990572607225992)]
[(0, 0.51417205560477186)]
[(4, 0.59918041342802875), (6, 0.28389341915716071)]
[(4, 0.21591460298937695), (6, 0.40630180684303774)]
[(0, 0.41228960601899628), (6, 0.5066614894004341)]
[(0, 0.22282939370091212), (6, 0.60894900472887792)]
[(6, 0.50723184504195762)]
[(2, 0.41798342311980036)]
[(2, 0.25991742436915338), (4, 0.33915112445908147), (6, 0.23139125042192105)]
[(4, 0.3691577745194265), (6, 0.31808037839151204)]
[(4, 0.31445401549895147)]
[(4, 0.48007372252290142), (6, 0.28410796173158143)]
[(4, 0.49929159881287399), (6, 0.38242180772551421)]
[(4, 0.58631740325009629)]
[(4, 0.51448284003264211), (6, 0.28619534432173865)]
[(3, 0.37852316388756596), (6, 0.31188677508470519)]
[(6, 0.84819026678029663)]
[(2, 0.20456508742232168), (6, 0.6719027549093588)]
[(2, 0.28910152760082014), (6, 0.48880149797077954)]
[(2, 0.31366143737603158), (6, 0.50057816725160909)]
[(0, 0.64749029979479011), (3, 0.25992118610677722)]
[(0, 0.5141895929541429)]
[(4, 0.59917929303124773), (6, 0.28388515834225592)]
[(4, 0.21591705446650242), (6, 0.4063011154135871)]
[(0, 0.41228979622289325), (6, 0.50666110694117927)]
[(0, 0.22283466518528258), (6, 0.60895307755305916)]
[(6, 0.50723197692334754)]
[(2, 0.4179918059905719)]
[(2, 0.26005811925249045), (4, 0.33914559783646003), (6, 0.23140492121703604)]
[(4, 0.36921283344539957), (6, 0.31816041473174661)]
[(4, 0.31448278203230962)]
[(4, 0.48010582367193394), (6, 0.28412001705229317)]
[(4, 0.49926088540281932), (6, 0.38243209684609636)]
[(4, 0.58631607965366561)]
[(4, 0.51448285144818828), (6, 0.28619815348457134)]
[(3, 0.37851955160754241), (6, 0.31188793887729727)]
[(6, 0.84819550654102616)]
[(2, 0.20454845913916897), (6, 0.67190192856055375)]
[(2, 0.28910207946496369), (6, 0.48880193542664013)]
[(2, 0.31365474455903108), (6, 0.50056775405984588)]
[(0, 0.64748517328827315), (3, 0.25991373426019526)]
[(0, 0.51417863497094962)]
[(4, 0.59917879454876333), (6, 0.28389000700509731)]
[(4, 0.21591873507753714), (6, 0.40629717809004284)]
[(0, 0.41229273129341826), (6, 0.50665598491942954)]
[(0, 0.22283773773454962), (6, 0.60895420964730507)]
[(6, 0.50723203831321462)]
[(2, 0.41798178702787209)]
[(2, 0.25997965161096936), (4, 0.33911205334365002), (6, 0.23139642283115222)]
[(4, 0.36914756426567946), (6, 0.31806777891689753)]
[(4, 0.31441762530239914)]
[(4, 0.48008306549431623), (6, 0.28411093940088128)]
[(4, 0.49929248898640882), (6, 0.38242214688264647)]
[(4, 0.58631195856021934)]
[(4, 0.51450160462797612), (6, 0.28619084941310702)]
[(3, 0.37852655033535498), (6, 0.31188439484387298)]
[(6, 0.84819376934704582)]
[(2, 0.2045585522233713), (6, 0.6719024769757943)]
[(2, 0.28910173256768534), (6, 0.48880110084458456)]
[(2, 0.31365852214031265), (6, 0.50057352235218067)]
[(0, 0.64748998420093495), (3, 0.2599207274076995)]
[(0, 0.51418388747655075)]
[(4, 0.59918081203909157), (6, 0.28389516260780512)]
[(4, 0.21593099304388647), (6, 0.40629551335239417)]
[(0, 0.41229547063779048), (6, 0.50665051245484427)]
[(0, 0.22283395077106968), (6, 0.60895385316890882)]
[(6, 0.50723149163718306)]
[(2, 0.41800239119395416)]
[(2, 0.2601154157163228), (4, 0.33923027777515435), (6, 0.23142182569538916)]
[(4, 0.36914791853819179), (6, 0.31806559849754812)]
[(4, 0.31447270182924286)]
[(4, 0.48008730683764234), (6, 0.28411675182155671)]
[(4, 0.49929289380385034), (6, 0.38242202047869467)]
[(4, 0.58630999687942742)]
[(4, 0.51448404373333045), (6, 0.28619514153513709)]
[(3, 0.37852171534895168), (6, 0.31188676360332579)]
[(6, 0.84818902044639199)]
[(2, 0.20455453952934655), (6, 0.67190236959911365)]
[(2, 0.28909679746200856), (6, 0.4887820838701763)]
[(2, 0.31365423622813571), (6, 0.50056711193074976)]
[(0, 0.6474704116053579), (3, 0.25989226671848409)]
[(0, 0.51418306456100404)]
[(4, 0.5991785558943391), (6, 0.28389046329499668)]
[(4, 0.21591889328709019), (6, 0.40629909773997991)]
[(0, 0.4122954648080881), (6, 0.5066505167852593)]
[(0, 0.22283786652767185), (6, 0.60895300619317472)]
[(6, 0.50723149899735309)]
[(2, 0.4179988312440166)]
[(2, 0.2599415554871462), (4, 0.33915407526555424), (6, 0.23139140937607744)]
[(4, 0.36915401882661963), (6, 0.31807460545167637)]
[(4, 0.31444362408133403)]
[(4, 0.48006590042665825), (6, 0.28410126826947174)]
[(4, 0.49929230283818932), (6, 0.38242205630785764)]
[(4, 0.58631731719642555)]
[(4, 0.51450161559575414), (6, 0.28619114179161376)]
[(3, 0.37851669379824876), (6, 0.31188774877533926)]
[(6, 0.8481933371146877)]
[(2, 0.20455854748735122), (6, 0.67190223852726105)]
[(2, 0.28909384886665945), (6, 0.48877682744563988)]
[(2, 0.31365918887008271), (6, 0.50057476424578007)]
[(0, 0.64748917289676045), (3, 0.25991954820494922)]
[(0, 0.51417833180572059)]
[(4, 0.59918013269401482), (6, 0.28389400026628508)]
[(4, 0.21591328669851254), (6, 0.4063005349995093)]
[(0, 0.41228980172771829), (6, 0.50666114315109545)]
[(0, 0.22283450672284061), (6, 0.6089530778197596)]
[(6, 0.50723130464457133)]
[(2, 0.41799006468818206)]
[(2, 0.25990979093472738), (4, 0.33911574784138859), (6, 0.23138451659746934)]
[(4, 0.36915869856035233), (6, 0.31808146393531828)]
[(4, 0.31446907271637708)]
[(4, 0.48007547806092654), (6, 0.28410261684891414)]
[(4, 0.49929225925005283), (6, 0.38242234862689817)]
[(4, 0.58631889065225606)]
[(4, 0.51449642442693977), (6, 0.28619362151249783)]
[(4, 0.57099660207927871)]
