[(2, 0.57142854912866392)]
[(3, 0.68750052389821503), (4, 0.29817197060002798)]
[(6, 0.58854474465640105)]
[(2, 0.42597073641852595), (6, 0.2091833904553223)]
[(0, 0.35224465593033194), (4, 0.26143246412637711)]
[(4, 0.85710538253335666)]
[(4, 0.37922953078172511), (6, 0.36279272735795276)]
[(0, 0.39349798185631424), (6, 0.42033657911605027)]
[(6, 0.66450750534793135)]
[(2, 0.2997408752397771), (4, 0.21961575378847467)]
[(4, 0.56768959807335151)]
[(4, 0.74032923793352712)]
[(4, 0.36686065843814009), (5, 0.36728783476519078)]
[(4, 0.695050866825624), (5, 0.23341592795155708)]
[(3, 0.20800853259612606), (5, 0.46590978664596516)]
[(3, 0.39867071750440286)]
[(6, 0.81657218557530942)]
[(6, 0.7576085689594213)]
[(2, 0.28621651313525209), (4, 0.20813933682894376), (6, 0.3617877510998273)]
[(3, 0.43511058535851366), (4, 0.2104243647517178)]
[(3, 0.656112816762768)]
[(3, 0.68748145799235405), (4, 0.29819105836877696)]
[(6, 0.58854756138644071)]
[(2, 0.4259706665709051), (6, 0.20918332273213733)]
[(0, 0.35226674770273686), (4, 0.26142202349402793)]
[(4, 0.85710539810207376)]
[(4, 0.37923029466685149), (6, 0.36277933343699792)]
[(0, 0.39349812468705631), (6, 0.42033332116913702)]
[(6, 0.66450094478615573)]
[(2, 0.29974328764477409), (4, 0.21961668056371034)]
[(4, 0.5676948686208424)]
[(4, 0.74032742485816294)]
[(4, 0.36686199869385244), (5, 0.36729222381298632)]
[(4, 0.69506358243671107), (5, 0.23340414428327061)]
[(3, 0.20797778765933167), (5, 0.46591760045572078)]
[(3, 0.39871112873913855)]
[(6, 0.81660117914598263)]
[(6, 0.75761183046962499)]
[(2, 0.28621660787696118), (4, 0.20813921868745675), (6, 0.3617882386546411)]
[(3, 0.43511369468922834), (4, 0.21044328876133739)]
[(3, 0.65281090237007633)]
[(3, 0.6874868751023484), (4, 0.29818563902909379)]
[(6, 0.58855631244667395)]
[(2, 0.42596660678166404), (6, 0.20917952614429375)]
[(0, 0.3522537168533732), (4, 0.26143443449439363)]
[(4, 0.85710540005356439)]
[(4, 0.37922997183806501), (6, 0.36277874318453318)]
[(0, 0.3934983797744635), (6, 0.42032970055666774)]
[(6, 0.66450499090654791)]
[(2, 0.29974114280662756), (4, 0.2196158565837085)]
[(4, 0.56766953808797604)]
[(4, 0.7403268456755806)]
[(4, 0.36685964126152365), (5, 0.36728529872812565)]
[(4, 0.69506393119051357), (5, 0.23340381051226533)]
[(3, 0.20800508931274492), (5, 0.46590990822395767)]
[(3, 0.39868554287150637)]
[(6, 0.81658277240619737)]
[(6, 0.75760568853800725)]
[(2, 0.28621727206450132), (4, 0.20813802644515433), (6, 0.36178949306944691)]
[(3, 0.43511192176685093), (4, 0.21043252798874734)]
[(3, 0.65278013912942789)]
[(3, 0.68750408324351298), (4, 0.2981684108902139)]
[(6, 0.5885470170917062)]
[(2, 0.42596541532096494), (6, 0.20917841033349699)]
[(0, 0.35225332657328984), (4, 0.26143670584749334)]
[(4, 0.85710543260761651)]
[(4, 0.37922888382996345), (6, 0.36278837483196408)]
[(0, 0.39349795188076148), (6, 0.42033758725253884)]
[(6, 0.66450501033692577)]
[(2, 0.29974503579674677), (4, 0.21961735208402788)]
[(4, 0.56768607111983271)]
[(4, 0.74033218081120478)]
[(4, 0.36686260349320859), (5, 0.36729503681163578)]
[(4, 0.69506157581286643), (5, 0.23340604794604736)]
[(3, 0.20800716079091883), (5, 0.46591110439185879)]
[(3, 0.39869089979482419)]
[(6, 0.81660054041134889)]
[(6, 0.75760736551854524)]
[(2, 0.28622169821945048), (4, 0.20813018811871631), (6, 0.36179851240078054)]
[(3, 0.43511342712725903), (4, 0.21044167012413156)]
[(3, 0.65279899934949648)]
[(3, 0.68750425560152117), (4, 0.29816822855725467)]
[(6, 0.58854413401851602)]
[(2, 0.42596814960936941), (6, 0.20918096658259136)]
[(0, 0.35225110319434083), (4, 0.26143804326767833)]
[(4, 0.85710540074026287)]
[(4, 0.37922912964373423), (6, 0.36279045610081179)]
[(0, 0.39349836017295964), (6, 0.42032992879086417)]
[(6, 0.66450758387981601)]
[(2, 0.29974143926234925), (4, 0.21961597047961415)]
[(4, 0.56767696757680064)]
[(4, 0.74033194368429756)]
[(4, 0.36685955848013846), (5, 0.36728572946370169)]
[(4, 0.69504172979106138), (5, 0.23342405902655439)]
[(3, 0.2079762578018117), (5, 0.46591803753654731)]
[(3, 0.39870920272818977)]
[(6, 0.81657301802255833)]
[(6, 0.75761027874120013)]
[(2, 0.28621519782731403), (4, 0.20814171064404885), (6, 0.36178526029182456)]
[(3, 0.43511358060697292), (4, 0.21044259437218368)]
[(3, 0.65279431564850343)]
[(3, 0.68750588682792879), (4, 0.29816659650359845)]
[(6, 0.58854712371352136)]
[(2, 0.42597019904356853), (6, 0.20918288382662295)]
[(0, 0.35225576351777343), (4, 0.26143330582905777)]
[(4, 0.85710527937184544)]
[(4, 0.37922927890892488), (6, 0.36279283140243446)]
[(0, 0.39349820227056337), (6, 0.42033203841210826)]
[(6, 0.66450242539898319)]
[(2, 0.29973846678217386), (4, 0.21961482842454574)]
[(4, 0.56767261967257399)]
[(4, 0.74032700773923343)]
[(4, 0.36686051398652159), (5, 0.3672858628511142)]
[(4, 0.695065104009991), (5, 0.23340269568272848)]
[(3, 0.2080075618028864), (5, 0.46590914155301583)]
[(3, 0.39870891674104775)]
[(6, 0.81658614718273514)]
[(6, 0.75760867238216623)]
[(2, 0.28622129138231439), (4, 0.20813096235908501), (6, 0.36179802831222402)]
[(3, 0.43511262771379716), (4, 0.21043679480092603)]
[(3, 0.65278464940380432)]
[(3, 0.68749643144898831), (4, 0.29817607359085502)]
[(6, 0.58855421893134374)]
[(2, 0.42596693718842138), (6, 0.20917983820952543)]
[(0, 0.35226019238284251), (4, 0.2614301355752674)]
[(4, 0.85710529165691529)]
[(4, 0.3792302806957909), (6, 0.36278191644709773)]
[(0, 0.39349831658900708), (6, 0.42033045971504079)]
[(6, 0.66450756399875166)]
[(2, 0.29973922468583275), (4, 0.2196151196377871)]
[(4, 0.56768159795699724)]
[(4, 0.74032811659278819)]
[(4, 0.36686098735492656), (5, 0.36728946001942003)]
[(4, 0.69506111042935437), (5, 0.23340646020037395)]
[(3, 0.20800705421552079), (5, 0.4659103144779998)]
[(3, 0.39870551876694849)]
[(6, 0.81659561736178476)]
[(6, 0.75761219143325975)]
[(2, 0.28621819425344736), (4, 0.20813640537684658), (6, 0.36179149561222851)]
[(3, 0.43511402155074969), (4, 0.21044527794625884)]
[(3, 0.65280128886802324)]
[(3, 0.68749699541587406), (4, 0.29817550775908019)]
[(6, 0.58854259199131354)]
[(2, 0.42596531470505111), (6, 0.20917832043548518)]
[(0, 0.35225062227970083), (4, 0.26144153598564096)]
[(4, 0.85710541126894657)]
[(4, 0.37923004306090519), (6, 0.36277792928580221)]
[(0, 0.39349807728496583), (6, 0.42033423129192238)]
[(6, 0.66450362877142433)]
[(2, 0.29972572805278891), (4, 0.21960993217799543)]
[(4, 0.5676866571371143)]
[(4, 0.74032988081766249)]
[(4, 0.36686117336056512), (5, 0.36728920881233562)]
[(4, 0.69506482633566069), (5, 0.23340296525345022)]
[(3, 0.20800610174821571), (5, 0.46590964257704215)]
[(3, 0.39870894251407113)]
[(6, 0.81657679587871468)]
[(6, 0.75760861519666167)]
[(2, 0.28621028071557203), (4, 0.20815048610535264), (6, 0.36177506359294537)]
[(3, 0.43511046964967698), (4, 0.21042367862353112)]
[(3, 0.6519003182574088)]
[(3, 0.68750242265563244), (4, 0.29817007349664876)]
[(6, 0.58854562131935628)]
[(2, 0.42596868511613944), (6, 0.20918146984955063)]
[(0, 0.35225467129478066), (4, 0.26143397683880792)]
[(4, 0.85710546702348511)]
[(4, 0.37922936403793805), (6, 0.36278249328583806)]
[(0, 0.39349820638824579), (6, 0.42033197591168592)]
[(6, 0.66450709499750715)]
[(2, 0.29974083900017734), (4, 0.21961573986853677)]
[(4, 0.56769239698970775)]
[(4, 0.74032667194501844)]
[(4, 0.36686226327529498), (5, 0.3672950614087705)]
[(4, 0.69506315583179212), (5, 0.23340454442770561)]
[(3, 0.20799783687713694), (5, 0.46589800456018338)]
[(3, 0.39871045390613208)]
[(6, 0.81658776539044109)]
[(6, 0.75760682088992026)]
[(2, 0.28621023094401182), (4, 0.20815058855100854), (6, 0.36177505839242513)]
[(3, 0.43511296090416096), (4, 0.21043881864680469)]
[(3, 0.65277981242202165)]
[(3, 0.68748411339674687), (4, 0.29818840131403901)]
[(6, 0.58854340860145704)]
[(2, 0.42596761282426387), (6, 0.20918046638370102)]
[(0, 0.35225408601715996), (4, 0.26143084430612079)]
[(4, 0.85710533396812527)]
[(4, 0.37923014272718197), (6, 0.36278015107130279)]
[(0, 0.39349825435506086), (6, 0.42033128143554083)]
[(6, 0.66450143057789823)]
[(2, 0.29973844679202716), (4, 0.21961482073036406)]
[(4, 0.56769454866548807)]
[(4, 0.74032999373706665)]
[(4, 0.36686157233077049), (5, 0.36729184025684963)]
[(4, 0.69506496401436857), (5, 0.23340282918081365)]
[(3, 0.20798895096259792), (5, 0.46588466142509072)]
[(3, 0.39869170081855021)]
[(6, 0.81658853018270039)]
[(6, 0.75760082201371992)]
[(2, 0.28621075981082006), (4, 0.20814963944401679), (6, 0.36177615226314058)]
[(3, 0.43511060673673618), (4, 0.21042449472954197)]
[(3, 0.65279288724600082)]
[(3, 0.68748125122883641), (4, 0.29819126494470755)]
[(6, 0.58854345155501697)]
[(2, 0.42596556189891471), (6, 0.20917854966510213)]
[(0, 0.35226389929584678), (4, 0.26145315947145009)]
[(4, 0.85710527060739994)]
[(4, 0.37923007496090544), (6, 0.36277829699581304)]
[(0, 0.39349792433767805), (6, 0.42033877943568948)]
[(6, 0.66450284593601328)]
[(2, 0.29972966846401289), (4, 0.21961144702327154)]
[(4, 0.56768538208069519)]
[(4, 0.74032983088727167)]
[(4, 0.36686013873837853), (5, 0.367286695782575)]
[(4, 0.69506032301070564), (5, 0.23340721191973074)]
[(3, 0.20797778055020322), (5, 0.46592917145039975)]
[(3, 0.39871487483258339)]
[(6, 0.81658762413302688)]
[(6, 0.75761335423292986)]
[(2, 0.28620947393712737), (4, 0.20815194210144691), (6, 0.36177344839102943)]
[(3, 0.43511024652195252), (4, 0.21042231455672497)]
[(3, 0.65185143671064383)]
[(3, 0.68748822357703743), (4, 0.29818428956056736)]
[(6, 0.58855291782412533)]
[(2, 0.42596737258862633), (6, 0.20918024714995398)]
[(0, 0.35225088003205907), (4, 0.26143967766244258)]
[(4, 0.85710539990581491)]
[(4, 0.37922894529509871), (6, 0.36278529879490351)]
[(0, 0.39349793718897258), (6, 0.42033817796875977)]
[(6, 0.66450398131951782)]
[(2, 0.29973634013114786), (4, 0.21961401123806976)]
[(4, 0.56768907315040273)]
[(4, 0.740326909439318)]
[(4, 0.36686093830388006), (5, 0.36728883227400499)]
[(4, 0.69505240621061382), (5, 0.23341464867280379)]
[(3, 0.20800898113740401), (5, 0.46590880410373409)]
[(3, 0.39871472123353224)]
[(6, 0.81656940866579697)]
[(6, 0.75761012453359633)]
[(2, 0.28622038719953175), (4, 0.20813253056828118), (6, 0.36179603001351718)]
[(3, 0.43511286396320231), (4, 0.21043821783059866)]
[(3, 0.65280399166682335)]
[(3, 0.68748953070466001), (4, 0.29818298295576001)]
[(6, 0.58854380381070204)]
[(2, 0.42596994543052841), (6, 0.20918264556032837)]
[(0, 0.3522594259077903), (4, 0.26142548119575248)]
[(4, 0.85710537312072388)]
[(4, 0.37923032867433271), (6, 0.362783062157226)]
[(0, 0.39349801345945623), (6, 0.42033569460335513)]
[(6, 0.66450270796579691)]
[(2, 0.29973041266001371), (4, 0.21961173310528148)]
[(4, 0.56767172837828772)]
[(4, 0.74032842106384766)]
[(4, 0.36686236476246598), (5, 0.36729465589288895)]
[(4, 0.69504887333019783), (5, 0.23341780231939599)]
[(3, 0.20798719631747661), (5, 0.46590432516050184)]
[(3, 0.39871073203526525)]
[(6, 0.81659097333627473)]
[(6, 0.75761342191466063)]
[(2, 0.28620924489220634), (4, 0.20815234919209699), (6, 0.36177293486327972)]
[(3, 0.43511370513686654), (4, 0.21044334630633349)]
[(3, 0.65187851528795648)]
[(3, 0.6874856670471573), (4, 0.29818684783786908)]
[(6, 0.58855588225098243)]
[(2, 0.42596621850931105), (6, 0.20917916336413492)]
[(0, 0.35225868964607759), (4, 0.26142943542119351)]
[(4, 0.85710532004761941)]
[(4, 0.37922983974951141), (6, 0.36277874329125537)]
[(0, 0.39349795701398033), (6, 0.42033739860405056)]
[(6, 0.66450737413333949)]
[(2, 0.29974110305199941), (4, 0.21961584131469666)]
[(4, 0.56769092200337856)]
[(4, 0.74033163206518982)]
[(4, 0.36686173347357648), (5, 0.36729261399497876)]
[(4, 0.69506066346231365), (5, 0.23340687059701684)]
[(3, 0.20800745727937561), (5, 0.46591056388230551)]
[(3, 0.39868782382978279)]
[(6, 0.81657987063665716)]
[(6, 0.75760779850116344)]
[(2, 0.28621015210806711), (4, 0.20815072573334606), (6, 0.36177486504016371)]
[(3, 0.43511048074590009), (4, 0.21042375449897938)]
[(3, 0.6528007328593175)]
[(3, 0.68749712947736219), (4, 0.2981753759804599)]
[(6, 0.58854765269909182)]
[(2, 0.42596842913756222), (6, 0.20918122874855888)]
[(0, 0.35227230555854561), (4, 0.26142909970268718)]
[(4, 0.85710549970334859)]
[(4, 0.37923011254778738), (6, 0.36277966733619782)]
[(0, 0.3934979425724926), (6, 0.42033795164379706)]
[(6, 0.66450362927771356)]
[(2, 0.29973198815630686), (4, 0.21961233867474897)]
[(4, 0.56769092294901025)]
[(4, 0.74032977195431138)]
[(4, 0.36685975306102153), (5, 0.36728299037984952)]
[(4, 0.69506486763447695), (5, 0.23340292563343676)]
[(3, 0.20799865464561623), (5, 0.46590496190498165)]
[(3, 0.39870418092613724)]
[(6, 0.81656895088661752)]
[(6, 0.75760744337236985)]
[(2, 0.28621083204672826), (4, 0.20814950063671775), (6, 0.36177623567256678)]
[(3, 0.43511028238881827), (4, 0.21042253905528721)]
[(3, 0.6528088174998542)]
[(3, 0.68748758487797623), (4, 0.29818492903917532)]
[(6, 0.58854817382052782)]
[(2, 0.42596692933189306), (6, 0.20917982517848902)]
[(0, 0.35225022251277449), (4, 0.26146171911258093)]
[(4, 0.85710534934956073)]
[(4, 0.3792292762286269), (6, 0.36278602752282629)]
[(0, 0.39349798592384361), (6, 0.42033645685211257)]
[(6, 0.6645066194521797)]
[(2, 0.29972764715718425), (4, 0.21961066999849826)]
[(4, 0.56768310697834978)]
[(4, 0.74032775542660223)]
[(4, 0.36686152512279963), (5, 0.36729218328227603)]
[(4, 0.69506446701502189), (5, 0.23340330532487102)]
[(3, 0.20799764268670692), (5, 0.46589219547017952)]
[(3, 0.39870878869347692)]
[(6, 0.81658003307378824)]
[(6, 0.75761107535613992)]
[(2, 0.28621889035098314), (4, 0.20813517507441975), (6, 0.36179293682043384)]
[(3, 0.43511032827193408), (4, 0.21042281536633106)]
[(3, 0.65279752112737965)]
[(3, 0.68749680597384377), (4, 0.29817569733455951)]
[(6, 0.58854606054039882)]
[(2, 0.4259682694752705), (6, 0.20918108201062172)]
[(0, 0.35226169257499468), (4, 0.26141804958608428)]
[(4, 0.85710541245372229)]
[(4, 0.37922910934458881), (6, 0.36278335721046379)]
[(0, 0.39349818390335112), (6, 0.42033232336670984)]
[(6, 0.6645026390691009)]
[(2, 0.2997374873189958), (4, 0.21961445206546507)]
[(4, 0.56768844894642134)]
[(4, 0.74033219489949009)]
[(4, 0.36686236722854393), (5, 0.36729612111724691)]
[(4, 0.69506421072866342), (5, 0.23340354961894536)]
[(3, 0.20798489640463663), (5, 0.46591278970401734)]
[(3, 0.39870973833742657)]
[(6, 0.81658834879879483)]
[(6, 0.7576107361878861)]
[(2, 0.28621032688392117), (4, 0.20815041258875205), (6, 0.36177522144597529)]
[(3, 0.43511372997153774), (4, 0.21044349659354342)]
[(3, 0.65280125884258011)]
[(3, 0.68749217611458668), (4, 0.29818033457364235)]
[(6, 0.58853867643186786)]
[(2, 0.42596936359720183), (6, 0.20918210186609601)]
[(0, 0.35225358773915838), (4, 0.26143457766108391)]
[(4, 0.8571052862404227)]
[(4, 0.37922844982781778), (6, 0.36277838442129368)]
[(0, 0.39349804380483761), (6, 0.42033495643602609)]
[(6, 0.66450106118445762)]
[(2, 0.29972583878839448), (4, 0.21960997476856384)]
[(4, 0.5676727771659964)]
[(4, 0.74033070095483156)]
[(4, 0.36686054118188005), (5, 0.3672858597442627)]
[(4, 0.69506279799174853), (5, 0.23340489512118637)]
[(3, 0.20798217537414779), (5, 0.46593771284248781)]
[(3, 0.3987085192608868)]
[(6, 0.81655918397732419)]
[(6, 0.75761027810349379)]
[(2, 0.28620924410145415), (4, 0.20815233955012916), (6, 0.36177284889081707)]
[(3, 0.43511325407859347), (4, 0.2104405942508486)]
[(3, 0.65279165314964704)]
[(3, 0.68748387182368376), (4, 0.29818864401308615)]
[(6, 0.58854093504280236)]
[(2, 0.42596927318758188), (6, 0.20918201844499337)]
[(0, 0.35225644087927865), (4, 0.26143183860080449)]
[(4, 0.8571054896254211)]
[(4, 0.37923015861669152), (6, 0.36277924149182456)]
[(0, 0.39349829645709605), (6, 0.42033071677955658)]
[(6, 0.66450254043623069)]
[(2, 0.29974158763695669), (4, 0.21961602748574155)]
[(4, 0.56768836641758957)]
[(4, 0.74032710724966644)]
[(4, 0.36686221479776088), (5, 0.36729467228813423)]
[(4, 0.69503845502255757), (5, 0.23342637880341011)]
[(3, 0.20798257095377706), (5, 0.46593714496356653)]
[(3, 0.39870803776907859)]
[(6, 0.81656696539327567)]
[(6, 0.75760781532797616)]
[(2, 0.28621660810611821), (4, 0.20813921434781626), (6, 0.36178820760907854)]
[(3, 0.43511393602206727), (4, 0.21044476136734747)]
[(3, 0.65278357006940202)]
[(3, 0.68748258652074168), (4, 0.29818992961712576)]
[(6, 0.58855017547896915)]
[(2, 0.42596983452582599), (6, 0.20918254236025646)]
[(0, 0.35226562945082263), (4, 0.26142466035056217)]
[(4, 0.85710523420097384)]
[(4, 0.37923007136668091), (6, 0.36277786083338931)]
[(0, 0.39349837409609684), (6, 0.42032976603467881)]
[(6, 0.66450171632233079)]
[(2, 0.29973111901398186), (4, 0.219612004600612)]
[(4, 0.56768484812148257)]
[(4, 0.74032988940853472)]
[(4, 0.36686259862667348), (5, 0.36729584817037186)]
[(4, 0.69506199022780912), (5, 0.23340566674210392)]
[(3, 0.20798175762653201), (5, 0.46593093939735986)]
[(3, 0.39871064982029719)]
[(6, 0.8165752156605125)]
[(6, 0.75760614839810481)]
[(2, 0.28621059991315123), (4, 0.20814992621043829), (6, 0.36177582059280866)]
[(3, 0.43511279418315552), (4, 0.21043780070189902)]
[(3, 0.6527791248038699)]
[(3, 0.68749600238725006), (4, 0.29817650239716642)]
[(6, 0.58854528464395695)]
[(2, 0.42596934249304957), (6, 0.20918207904130554)]
[(0, 0.35225472876080677), (4, 0.26143360683401889)]
[(4, 0.85710537989593727)]
[(4, 0.37923042103184534), (6, 0.36277940188902263)]
[(0, 0.3934981651734159), (6, 0.42033262505118713)]
[(6, 0.6645051149885487)]
[(2, 0.29974451561564192), (4, 0.21961715227140249)]
[(4, 0.56768766680792615)]
[(4, 0.74032953233512833)]
[(4, 0.36686001206578012), (5, 0.36728400249557591)]
[(4, 0.69504847962772953), (5, 0.23341814945981323)]
[(3, 0.20799809190041449), (5, 0.46589275921716183)]
[(3, 0.39871314402569069)]
[(6, 0.81659561644478595)]
[(6, 0.75760974358073396)]
[(2, 0.28621046277044226), (4, 0.20815017794415547), (6, 0.3617755698012422)]
[(3, 0.43511025547665078), (4, 0.21042236982727566)]
[(3, 0.65187824767025104)]
[(3, 0.68748489791827883), (4, 0.29818761720959869)]
[(6, 0.5885443169598058)]
[(2, 0.42596940459518579), (6, 0.20918213908608552)]
[(0, 0.3522697876146198), (4, 0.26146816442959592)]
[(4, 0.85710536289965766)]
[(4, 0.37923008710329276), (6, 0.36277823533448944)]
[(0, 0.39349799918728073), (6, 0.42033607659434102)]
[(6, 0.66450237083790442)]
[(2, 0.29974271953405524), (4, 0.21961646232911106)]
[(4, 0.56769642724956249)]
[(4, 0.74033160648902296)]
[(4, 0.36686071677953014), (5, 0.36728715816651608)]
[(4, 0.69504119944184772), (5, 0.23342429100287343)]
[(3, 0.20797246226030749), (5, 0.46589359875790504)]
[(3, 0.39870766762052295)]
[(6, 0.8165865998101004)]
[(6, 0.75761154222116844)]
[(2, 0.28620957190049101), (4, 0.20815176493402449), (6, 0.36177364078744495)]
[(3, 0.43511191567582946), (4, 0.21043246885616451)]
[(3, 0.65279338628219385)]
[(3, 0.68749909449405167), (4, 0.29817340889701471)]
[(6, 0.58854351332487731)]
[(2, 0.42596708898358365), (6, 0.20917997778092756)]
[(0, 0.35225530924969201), (4, 0.26142987162114917)]
[(4, 0.85710536795269043)]
[(4, 0.3792293759225166), (6, 0.36279275006061984)]
[(0, 0.39349824087867041), (6, 0.42033147063865189)]
[(6, 0.66450152295251763)]
[(2, 0.29972687326906317), (4, 0.21961037249348869)]
[(4, 0.5676706324445765)]
[(4, 0.74032852643789215)]
[(4, 0.36686077745300916), (5, 0.36728688803657933)]
[(4, 0.69506473051296969), (5, 0.23340305111658863)]
[(3, 0.20798330099100487), (5, 0.4659351632536422)]
[(3, 0.39870691992689694)]
[(6, 0.81659298520334012)]
[(6, 0.75761094967000608)]
[(2, 0.28621186675702731), (4, 0.20814765588824088), (6, 0.361778441595767)]
[(3, 0.43511033477872868), (4, 0.21042285365021629)]
[(3, 0.65278555949674077)]
[(3, 0.68748140014711023), (4, 0.29819111658267017)]
[(6, 0.58854425227302332)]
[(2, 0.42597008893827282), (6, 0.20918278090159384)]
[(0, 0.35226324454193708), (4, 0.26147582632113298)]
[(4, 0.85710536950145189)]
[(4, 0.37922992461458827), (6, 0.36277976211407975)]
[(0, 0.39349826393187215), (6, 0.42033114957676998)]
[(6, 0.66450753309254607)]
[(2, 0.29973113858369127), (4, 0.21961201213832987)]
[(4, 0.56768850252079384)]
[(4, 0.74032951500862687)]
[(4, 0.36686182372420684), (5, 0.36729152279663857)]
[(4, 0.69504682935100504), (5, 0.23341970317350236)]
[(3, 0.20797659401330407), (5, 0.46593051339875569)]
[(3, 0.39867687248831851)]
[(6, 0.81657568121530755)]
[(6, 0.75760894986398009)]
[(2, 0.28621061098691325), (4, 0.2081499109530888), (6, 0.36177587536765604)]
[(3, 0.4351135885334792), (4, 0.21044263881674968)]
[(3, 0.65187732601499004)]
[(3, 0.68748225530488938), (4, 0.2981902610581566)]
[(6, 0.5885455840163567)]
[(2, 0.42596528116092031), (6, 0.20917827983668028)]
[(0, 0.35225474868607387), (4, 0.26143454307920022)]
[(4, 0.85710533090464303)]
[(4, 0.37922925351459896), (6, 0.36279060432480409)]
[(0, 0.39349800574394178), (6, 0.42033589790932141)]
[(6, 0.66450484466781945)]
[(2, 0.29974149960844448), (4, 0.21961599366255782)]
[(4, 0.5676706576314352)]
[(4, 0.74033014985442358)]
[(4, 0.36686240404253345), (5, 0.36729404134271953)]
[(4, 0.69506298840213565), (5, 0.23340472253737291)]
[(3, 0.2079931428607375), (5, 0.46590069242147192)]
[(3, 0.39870934400802727)]
[(6, 0.81656857380390524)]
[(6, 0.75760860787356632)]
[(2, 0.28621648796583288), (4, 0.20813940469283357), (6, 0.36178782149277172)]
[(3, 0.43511398642289817), (4, 0.21044507215415198)]
[(3, 0.65277985533252347)]
[(3, 0.68748561942618436), (4, 0.29818689579999486)]
[(6, 0.58854891537598863)]
[(2, 0.42596825981540332), (6, 0.20918107988477039)]
[(0, 0.35225884436565391), (4, 0.26142815614009829)]
[(4, 0.85710523896691604)]
[(4, 0.37922959524092625), (6, 0.36278891345676911)]
[(0, 0.39349823256556016), (6, 0.42033158957116368)]
[(6, 0.66450652615379391)]
[(2, 0.29974250346662029), (4, 0.21961637932301847)]
[(4, 0.56769017165974722)]
[(4, 0.74033069217955605)]
[(4, 0.3668604129219909), (5, 0.36728438432223004)]
[(4, 0.69505707281979912), (5, 0.23341019561660983)]
[(3, 0.20798095686642282), (5, 0.46593728635737713)]
[(3, 0.3987076499700678)]
[(6, 0.81659729202233944)]
[(6, 0.75760998041868588)]
[(2, 0.28621486138522406), (4, 0.20814228578482816), (6, 0.3617844231001095)]
[(3, 0.43511264653053267), (4, 0.21043689851692635)]
[(3, 0.65277935325655456)]
[(3, 0.68749082360786695), (4, 0.29818168786344007)]
[(6, 0.5885510556930359)]
[(2, 0.42596615350010159), (6, 0.20917910354099331)]
[(0, 0.35226762176868603), (4, 0.26142706161609169)]
[(4, 0.85710534651963277)]
[(4, 0.37922933036571338), (6, 0.36278602139243427)]
[(0, 0.39349825419843559), (6, 0.42033128360967115)]
[(6, 0.66450463125082182)]
[(2, 0.29974432559626585), (4, 0.21961707928097721)]
[(4, 0.56769090175408299)]
[(4, 0.74032717445158958)]
[(4, 0.36686039229147493), (5, 0.36728655805832622)]
[(4, 0.6950641836783048), (5, 0.23340357891115898)]
[(3, 0.20797652580613193), (5, 0.4659166659510206)]
[(3, 0.39870937432180908)]
[(6, 0.81659474072100546)]
[(6, 0.75760905431003811)]
[(2, 0.2862199039690968), (4, 0.20813338070653531), (6, 0.3617949973285785)]
[(3, 0.43511316228390801), (4, 0.21044008683847903)]
[(3, 0.65278520861302658)]
[(3, 0.68749001759979844), (4, 0.29818249473638497)]
[(6, 0.58854468927788894)]
[(2, 0.42596702215595222), (6, 0.20917991227196037)]
[(0, 0.35225053452920091), (4, 0.26143338481990752)]
[(4, 0.85710524529516796)]
[(4, 0.37922947491451531), (6, 0.36278052243077008)]
[(0, 0.39349815966825846), (6, 0.42033271601466493)]
[(6, 0.66450112265917616)]
[(2, 0.29974450821264825), (4, 0.21961714942721355)]
[(4, 0.56769144119970949)]
[(4, 0.74032702096088543)]
[(4, 0.3668620767636474), (5, 0.36729302074523079)]
[(4, 0.69506199742295871), (5, 0.23340564691130683)]
[(3, 0.2080075754211354), (5, 0.46590800843842539)]
[(3, 0.39871085916879351)]
[(6, 0.81658710175304039)]
[(6, 0.7576110834982186)]
[(2, 0.28620975065711768), (4, 0.2081514397137097), (6, 0.36177397860132643)]
[(3, 0.43511348315661763), (4, 0.21044199335841199)]
[(3, 0.65278413312450312)]
[(3, 0.68750044730629056), (4, 0.29817205567116362)]
[(6, 0.58854413059171018)]
[(2, 0.42596862755988468), (6, 0.20918141611957472)]
[(0, 0.35225612454028987), (4, 0.26142987886703317)]
[(4, 0.85710533620140372)]
[(4, 0.37922910968244172), (6, 0.36278377299140951)]
[(0, 0.39349798537885272), (6, 0.42033647306905914)]
[(6, 0.66450131411943003)]
[(2, 0.29972685884758032), (4, 0.21961036694632674)]
[(4, 0.5676682763457277)]
[(4, 0.74033074683567446)]
[(4, 0.36685961008767681), (5, 0.36728292690780429)]
[(4, 0.69506446274979561), (5, 0.2334033111792953)]
[(3, 0.20798217339404862), (5, 0.46593636578806119)]
[(3, 0.39871539847703275)]
[(6, 0.81659406369865228)]
[(6, 0.75761047309576224)]
[(2, 0.28621972915209226), (4, 0.20813366326481433), (6, 0.36179449351583987)]
[(3, 0.43511099000257542), (4, 0.21042684483617713)]
[(3, 0.6527875859057779)]
[(3, 0.68750972879607686), (4, 0.29816274996592695)]
[(6, 0.58854650744293513)]
[(2, 0.42596937087120129), (6, 0.2091821083789277)]
[(0, 0.35225444874921114), (4, 0.26142947747492912)]
[(4, 0.85710543864338395)]
[(4, 0.37922946891255022), (6, 0.36279271592389573)]
[(0, 0.39349824437613551), (6, 0.42033142111467614)]
[(6, 0.66450300784788341)]
[(2, 0.29974458951973637), (4, 0.21961718066258637)]
[(4, 0.56768942023495339)]
[(4, 0.74032846264437635)]
[(4, 0.36686187662192205), (5, 0.36729441634131138)]
[(4, 0.69506471537075687), (5, 0.23340307499047688)]
[(3, 0.20800675181764414), (5, 0.46591152008976505)]
[(3, 0.39871752409067079)]
[(6, 0.81657233263088058)]
[(6, 0.75761013737293947)]
[(2, 0.28621713944574562), (4, 0.20813828041099808), (6, 0.36178933336631597)]
[(3, 0.43511215694606714), (4, 0.21043396937370637)]
[(3, 0.65280368916907983)]
[(3, 0.68748925916601566), (4, 0.29818325208637469)]
[(6, 0.58855444132896073)]
[(2, 0.42596891838787188), (6, 0.20918168544658022)]
[(0, 0.35226321201802629), (4, 0.26146997225907115)]
[(4, 0.8571054117752207)]
[(4, 0.37922933759751104), (6, 0.36279237945375914)]
[(0, 0.39349803157895552), (6, 0.42033524314778103)]
[(6, 0.66450460185278681)]
[(2, 0.29973160028675677), (4, 0.21961218960426593)]
[(4, 0.56768940075186358)]
[(4, 0.74033232777879587)]
[(4, 0.36686201393232065), (5, 0.36729404653180819)]
[(4, 0.69504850963203535), (5, 0.23341817994181563)]
[(3, 0.20798421576577295), (5, 0.46593515003622848)]
[(3, 0.39870933011084869)]
[(6, 0.81656415520253911)]
[(6, 0.75760628098287508)]
[(2, 0.28621011088012716), (4, 0.20815078694337749), (6, 0.36177469222179043)]
[(3, 0.43511365472778124), (4, 0.21044303607455514)]
[(3, 0.65279391521293029)]
[(3, 0.68748248143640045), (4, 0.29819003509505299)]
[(6, 0.58854621199414736)]
[(2, 0.42596805456340775), (6, 0.20918087849228734)]
[(0, 0.35225238557265282), (4, 0.26143272776378451)]
[(4, 0.85710544132829636)]
[(4, 0.37923005112023633), (6, 0.36277838684989167)]
[(0, 0.39349803563785418), (6, 0.42033514648464626)]
[(6, 0.66450444823804433)]
[(2, 0.29974173974844248), (4, 0.21961608592679197)]
[(4, 0.56768091417609667)]
[(4, 0.74032784759600156)]
[(4, 0.36685971822276719), (5, 0.36728418935197915)]
[(4, 0.69504163263222674), (5, 0.23342401046750774)]
[(3, 0.20798266075766372), (5, 0.46590600333758697)]
[(3, 0.39871689544684441)]
[(6, 0.81658338585079826)]
[(6, 0.7576086513029695)]
[(2, 0.28621973928337568), (4, 0.2081336759425827), (6, 0.36179468634319584)]
[(3, 0.43511296401166383), (4, 0.21043882999882302)]
[(3, 0.65279684767280999)]
[(0, 0.57134139521971161)]
