[(2, 0.57142854912866392)]
[(3, 0.62426295498821938), (4, 0.36678724932002532)]
[(1, 0.23403351387994134), (3, 0.23842034760915759), (6, 0.36896099603680865)]
[(6, 0.86245226833418032)]
[(2, 0.34522791136851144), (6, 0.51667271901501199)]
[(0, 0.39933157893502214), (2, 0.20775301766646898), (6, 0.26328706444823541)]
[(0, 0.41095826328964974), (4, 0.32122397349821991)]
[(4, 0.31414545410447869), (6, 0.38086091254950843)]
[(0, 0.43467270674241565), (6, 0.39576320199158482)]
[(6, 0.75170989563374568)]
[(2, 0.61166253487669298), (6, 0.24481725357365336)]
[(4, 0.58660879841816171), (6, 0.22784130142338149)]
[(4, 0.69774906395033454)]
[(4, 0.57494524739957009), (6, 0.23303920173369841)]
[(3, 0.2488927277615853), (5, 0.34543218415626503)]
[(4, 0.24015829708940853), (6, 0.54322583542430702)]
[(3, 0.36037268128193262), (6, 0.28057329580552187)]
[(3, 0.48371969033527795), (6, 0.24262414311545311)]
[(1, 0.29215011289155585), (6, 0.35978402419627342)]
[(1, 0.64799493463418301)]
[(1, 0.56456360371282288)]
[(3, 0.62426779938253696), (4, 0.3667819698078888)]
[(1, 0.2340405335303343), (3, 0.23841566783775039), (6, 0.36895386802693853)]
[(6, 0.86246754599043085)]
[(2, 0.34522197696572932), (6, 0.51666973094006052)]
[(0, 0.39933647986443965), (2, 0.20775426841829375), (6, 0.26329667796614104)]
[(0, 0.41096365850728422), (4, 0.32122369646248294)]
[(4, 0.31414421424747652), (6, 0.38086305690953337)]
[(0, 0.43467521550527577), (6, 0.39575796995436413)]
[(6, 0.75170982778812168)]
[(2, 0.61165773250566524), (6, 0.24478748462488142)]
[(4, 0.58660863692848653), (6, 0.22784059421911376)]
[(4, 0.69774539378007527)]
[(4, 0.57494546407711034), (6, 0.23304056939409512)]
[(3, 0.24889296281217288), (5, 0.34543659447045721)]
[(4, 0.24016467178549505), (6, 0.54322490870732676)]
[(3, 0.36037283126066733), (6, 0.28057181233387934)]
[(3, 0.4837195787042608), (6, 0.24262410677595891)]
[(1, 0.292144765081084), (6, 0.35979785933989528)]
[(1, 0.64798881551834864)]
[(1, 0.56456100605576109)]
[(3, 0.62425965639415815), (4, 0.36679081638643374)]
[(1, 0.23404995282927818), (3, 0.23838412092599132), (6, 0.36898278449474559)]
[(6, 0.86247484944565955)]
[(2, 0.34521956639846357), (6, 0.5166675312746285)]
[(0, 0.39936387758680603), (2, 0.20776131427516412), (6, 0.26335041014778759)]
[(0, 0.4109630983467617), (4, 0.32122571609589223)]
[(4, 0.31414389229704048), (6, 0.3808614212717315)]
[(0, 0.43467264627913677), (6, 0.39576367360596743)]
[(6, 0.75170737097390172)]
[(2, 0.6116629417479662), (6, 0.24478975971109179)]
[(4, 0.58660915748758735), (6, 0.22784342091776777)]
[(4, 0.69774169312015788)]
[(4, 0.57494457548118827), (6, 0.23303483665044036)]
[(3, 0.24889284360548036), (5, 0.3454340115574927)]
[(4, 0.24016038657750621), (6, 0.54322553832351783)]
[(3, 0.36037159834960564), (6, 0.28057390201814453)]
[(3, 0.48372073114898517), (6, 0.24262408177060266)]
[(1, 0.29214435396943977), (6, 0.35979074562467356)]
[(1, 0.64798622783421111)]
[(1, 0.56456067144133881)]
[(3, 0.62426523942144729), (4, 0.3667849542357261)]
[(1, 0.23403778381588311), (3, 0.23841900806244468), (6, 0.3689574119436268)]
[(6, 0.86248249519435261)]
[(2, 0.34522533777286263), (6, 0.51667302447854013)]
[(0, 0.39951426152248387), (2, 0.20780020475432506), (6, 0.26364465001674897)]
[(0, 0.41095715737672694), (4, 0.32122579667628992)]
[(4, 0.31414232871205422), (6, 0.38086312199586647)]
[(0, 0.43467408226092591), (6, 0.39576040367740195)]
[(6, 0.75171312658432954)]
[(2, 0.61166328741320986), (6, 0.24479215750530889)]
[(4, 0.58660912676435017), (6, 0.22784318752994698)]
[(4, 0.69774575287987384)]
[(4, 0.57494563554967104), (6, 0.23304003903813886)]
[(3, 0.24889352357122338), (5, 0.34543233560992109)]
[(4, 0.24015081477421427), (6, 0.54322690697828524)]
[(3, 0.36037289320729343), (6, 0.28057856794885461)]
[(3, 0.48372052056629422), (6, 0.24262408462097948)]
[(1, 0.29214678034855679), (6, 0.35979284173218917)]
[(1, 0.64798572917793551)]
[(1, 0.56456423003117551)]
[(3, 0.62426529662706254), (4, 0.36678473052585664)]
[(1, 0.23405290205493232), (3, 0.23837747688755578), (6, 0.36897596996028331)]
[(6, 0.8624833738388521)]
[(2, 0.3452274705178075), (6, 0.51667356222910921)]
[(0, 0.39939212324249102), (2, 0.20776858881247282), (6, 0.26340576371844499)]
[(0, 0.41096177031014464), (4, 0.32122559106606263)]
[(4, 0.31414503514922459), (6, 0.38086144867710942)]
[(0, 0.43467507005220657), (6, 0.39575800666903421)]
[(6, 0.75170917469480181)]
[(2, 0.61166282352829404), (6, 0.24480155102792109)]
[(4, 0.58660910429879953), (6, 0.22784302631251641)]
[(4, 0.69774687201973173)]
[(4, 0.574944153432145), (6, 0.23303681688152231)]
[(3, 0.24889311830317676), (5, 0.3454347528597283)]
[(4, 0.24015255970569574), (6, 0.54322665889957678)]
[(3, 0.36037288288879354), (6, 0.28057312567609788)]
[(3, 0.48371967997768356), (6, 0.24262414528431092)]
[(1, 0.29214260620306154), (6, 0.35979198231634424)]
[(1, 0.6479852702191804)]
[(1, 0.56456451889725356)]
[(3, 0.62426437552575853), (4, 0.36678569676421646)]
[(1, 0.23403648353151091), (3, 0.2384218040471611), (6, 0.36895626161913164)]
[(6, 0.86246335084685399)]
[(2, 0.34521996911763941), (6, 0.51667016263586518)]
[(0, 0.39949385810065635), (2, 0.20779490604682829), (6, 0.26360479657981917)]
[(0, 0.41096104762283026), (4, 0.32122593606513872)]
[(4, 0.31414478935220408), (6, 0.38086224883331404)]
[(0, 0.43467223430835827), (6, 0.39576436088137384)]
[(6, 0.75171283948222889)]
[(2, 0.61167092572504833), (6, 0.24482659192316417)]
[(4, 0.5866088351873171), (6, 0.22784147705307442)]
[(4, 0.69774724408861688)]
[(4, 0.57494612295877845), (6, 0.23304095406025327)]
[(3, 0.24889275608057868), (5, 0.34543426203068117)]
[(4, 0.24014975562434338), (6, 0.54322705949474392)]
[(3, 0.3603730394182717), (6, 0.28057159482269961)]
[(3, 0.48372043400335574), (6, 0.24262408496326412)]
[(1, 0.29212988707537624), (6, 0.35979175800083174)]
[(1, 0.6479953842341889)]
[(1, 0.56456915372416239)]
[(3, 0.62426265641411982), (4, 0.36678766574670196)]
[(1, 0.23404608913145802), (3, 0.23839042674589866), (6, 0.3689805547069771)]
[(6, 0.86244912241391647)]
[(2, 0.34522524034502028), (6, 0.51667336091972926)]
[(0, 0.39941362147814913), (2, 0.2077741327075826), (6, 0.26344786606499149)]
[(0, 0.41096615915349777), (4, 0.3212240549651405)]
[(4, 0.31414346512479824), (6, 0.38086218445913717)]
[(0, 0.43467469380290902), (6, 0.39575886599014681)]
[(6, 0.75172483927125222)]
[(2, 0.61167244950292987), (6, 0.24480262089218244)]
[(4, 0.58660869024850426), (6, 0.22784081742262177)]
[(4, 0.69774801967743771)]
[(4, 0.57494647414118605), (6, 0.23304066167826709)]
[(3, 0.24889219835864271), (5, 0.34543314893573102)]
[(4, 0.24016189501588828), (6, 0.54322526566238416)]
[(3, 0.3603725035381109), (6, 0.28057158811111838)]
[(3, 0.48371931210475744), (6, 0.24262411668805384)]
[(1, 0.29214690844742908), (6, 0.35979845538398564)]
[(1, 0.64799343771881057)]
[(1, 0.56456540034365488)]
[(3, 0.62426287048069562), (4, 0.3667874276975312)]
[(1, 0.23402006945903051), (3, 0.23844381888646898), (6, 0.36895847786182029)]
[(6, 0.86247463579726835)]
[(2, 0.34522674416719107), (6, 0.51667359427057957)]
[(0, 0.39940550816941095), (2, 0.2077720433487564), (6, 0.26343198072352231)]
[(0, 0.41096362798856834), (4, 0.32122537989400979)]
[(4, 0.3141425939676914), (6, 0.38086221293662009)]
[(0, 0.43467297471807698), (6, 0.39576281879547726)]
[(6, 0.75172384203742493)]
[(2, 0.61166656906477024), (6, 0.24479750583341575)]
[(4, 0.58660891776261659), (6, 0.2278418965680083)]
[(4, 0.697749409340777)]
[(4, 0.57494444411219681), (6, 0.23303990862719764)]
[(3, 0.2488932810571291), (5, 0.34543494817113474)]
[(4, 0.2401422558021403), (6, 0.5432283658958611)]
[(3, 0.36037277653808447), (6, 0.28057379697008122)]
[(3, 0.48371996022146674), (6, 0.24262411645906082)]
[(1, 0.29213877774634062), (6, 0.35978420420540957)]
[(1, 0.64798818763659582)]
[(1, 0.56456079574028295)]
[(3, 0.62426482167703334), (4, 0.36678538102059682)]
[(1, 0.23402015468069629), (3, 0.23844600709863492), (6, 0.36895736873649987)]
[(6, 0.86248575657599458)]
[(2, 0.34521914332467418), (6, 0.51666788654219631)]
[(0, 0.39932567210624276), (2, 0.20775149979373991), (6, 0.26327547311304583)]
[(0, 0.41096278482321352), (4, 0.32122409452850204)]
[(4, 0.31414723260530558), (6, 0.38086126392878611)]
[(0, 0.43467522999218761), (6, 0.39575823485504302)]
[(6, 0.75170864896377854)]
[(2, 0.61166746728983468), (6, 0.24482256403004568)]
[(4, 0.58660848944551436), (6, 0.22784001962759937)]
[(4, 0.69774505062436487)]
[(4, 0.57494550636380626), (6, 0.23303596800713786)]
[(3, 0.24889345691847731), (5, 0.34543398780863149)]
[(4, 0.24015192268482899), (6, 0.54322673053626835)]
[(3, 0.36037245128161044), (6, 0.28057213276984222)]
[(3, 0.48372094214315103), (6, 0.24262406928999905)]
[(1, 0.29214146791916329), (6, 0.35979259127910346)]
[(1, 0.64799267142593064)]
[(1, 0.5645651622674428)]
[(3, 0.62425884205615279), (4, 0.36679163539411752)]
[(1, 0.2340243636266616), (3, 0.2384356414602623), (6, 0.36895930219579415)]
[(6, 0.86247561331451628)]
[(2, 0.34521866420715869), (6, 0.51666657835679031)]
[(0, 0.39937228285227105), (2, 0.20776347844158322), (6, 0.26336688666596425)]
[(0, 0.41096277281038218), (4, 0.32122485112976951)]
[(4, 0.31414182258381113), (6, 0.38086317331925074)]
[(0, 0.43467243493818414), (6, 0.39576437315005847)]
[(6, 0.7517174215096617)]
[(2, 0.61166646536508162), (6, 0.2448230515159476)]
[(4, 0.58660903166278211), (6, 0.22784254839377632)]
[(4, 0.69774240572518365)]
[(4, 0.57494831348579989), (6, 0.23304353826869303)]
[(3, 0.2488933815771685), (5, 0.34543390440327132)]
[(4, 0.2401618246652058), (6, 0.54322532613779839)]
[(3, 0.36037202247280808), (6, 0.28057416097073823)]
[(3, 0.48371949830016486), (6, 0.24262413349088899)]
[(1, 0.29215399789245566), (6, 0.35979597745439956)]
[(1, 0.64798298046293101)]
[(1, 0.56456606110528817)]
[(3, 0.62426640732322014), (4, 0.36678334264938706)]
[(1, 0.23402524697772709), (3, 0.23843569248198787), (6, 0.36896009623971465)]
[(6, 0.86245911864948976)]
[(2, 0.3452271851333652), (6, 0.51667352313325143)]
[(0, 0.39933751634954429), (2, 0.20775453769073504), (6, 0.26329871223454532)]
[(0, 0.4109603746678), (4, 0.32122458894983635)]
[(4, 0.31414545969699281), (6, 0.38086089555468755)]
[(0, 0.43467229537803803), (6, 0.39576452698975789)]
[(6, 0.75171881651121386)]
[(2, 0.61166364695387621), (6, 0.24481550423764672)]
[(4, 0.58660916952856368), (6, 0.22784351705984332)]
[(4, 0.6977486141294339)]
[(4, 0.57494572421727752), (6, 0.23304162706557877)]
[(3, 0.24889322306028078), (5, 0.34543448549358252)]
[(4, 0.24015743924494481), (6, 0.54322590413920291)]
[(3, 0.36037195000217193), (6, 0.28057153346938468)]
[(3, 0.48372037111439353), (6, 0.2426241151064355)]
[(1, 0.29214958182322392), (6, 0.35978646611480891)]
[(1, 0.64798594323225656)]
[(1, 0.56456720193669019)]
[(3, 0.62425972917168726), (4, 0.36679073881149638)]
[(1, 0.23405148455734154), (3, 0.23838771658755084), (6, 0.36897077234125053)]
[(6, 0.86245187840194482)]
[(2, 0.34522559316017126), (6, 0.51667344971788842)]
[(0, 0.39935211554960892), (2, 0.20775828794367104), (6, 0.26332734734748142)]
[(0, 0.4109585980780544), (4, 0.32122497845989861)]
[(4, 0.31414491166516939), (6, 0.38086247384019989)]
[(0, 0.43467520917969116), (6, 0.39575788557789798)]
[(6, 0.75171223719091651)]
[(2, 0.61166648613358998), (6, 0.24481721827538594)]
[(4, 0.58660877080318008), (6, 0.2278411734701295)]
[(4, 0.69774975087665569)]
[(4, 0.57494506109682442), (6, 0.23304042052683582)]
[(3, 0.24889128194701693), (5, 0.34543387501446637)]
[(4, 0.24013966389353933), (6, 0.5432288085356658)]
[(3, 0.36037276635023519), (6, 0.28057139046307839)]
[(3, 0.48372035313693224), (6, 0.24262409704331753)]
[(1, 0.29214729497786351), (6, 0.35979595597536146)]
[(1, 0.6479821207190698)]
[(1, 0.56456526591189493)]
[(3, 0.62426022129783842), (4, 0.36679025174480073)]
[(1, 0.23402311099337361), (3, 0.23843718083827423), (6, 0.36896110785891717)]
[(6, 0.8624685578641923)]
[(2, 0.34522545591303677), (6, 0.51667311305898578)]
[(0, 0.39936128556840833), (2, 0.20776064682461604), (6, 0.26334532828978952)]
[(0, 0.41096844821505302), (4, 0.32122061744096381)]
[(4, 0.31414437218153124), (6, 0.38086144301601499)]
[(0, 0.4346736270704486), (6, 0.39576147657211264)]
[(6, 0.7517235115793911)]
[(2, 0.61166426075814551), (6, 0.24480870232783417)]
[(4, 0.58660891894911571), (6, 0.22784190288038347)]
[(4, 0.69774370691980547)]
[(4, 0.57494416923060832), (6, 0.23303850933266179)]
[(3, 0.24889270276739664), (5, 0.34543510263216015)]
[(4, 0.24016498101247333), (6, 0.54322491907598436)]
[(3, 0.36037232314991979), (6, 0.28057457452019779)]
[(3, 0.48371953462708384), (6, 0.24262416000606804)]
[(1, 0.29214160595947392), (6, 0.35978965260455009)]
[(1, 0.64798740664668786)]
[(1, 0.56456558679669322)]
[(3, 0.62426851518186), (4, 0.366780958569358)]
[(1, 0.23405027657032401), (3, 0.23838097006251321), (6, 0.36898580244520529)]
[(6, 0.86246960185947841)]
[(2, 0.34521782128698003), (6, 0.51666752843136476)]
[(0, 0.3993788260833383), (2, 0.20776516389752611), (6, 0.26337971054308434)]
[(0, 0.41096087117434604), (4, 0.32122623524652738)]
[(4, 0.31414159697004745), (6, 0.38086351278426034)]
[(0, 0.4346722301739207), (6, 0.39576434253551779)]
[(6, 0.75170706406946508)]
[(2, 0.61166215006907121), (6, 0.24480370673447546)]
[(4, 0.58660903516403451), (6, 0.2278425701297109)]
[(4, 0.69774839703080693)]
[(4, 0.57494534055429924), (6, 0.23303702030344067)]
[(3, 0.24889311855477472), (5, 0.34543280281328109)]
[(4, 0.24016002608438494), (6, 0.54322557476407329)]
[(3, 0.36037390229279315), (6, 0.28057005977437499)]
[(3, 0.48372002274511877), (6, 0.24262410851424315)]
[(1, 0.29215064392724943), (6, 0.3597988532304543)]
[(1, 0.64798785517528479)]
[(1, 0.56456292038747447)]
[(3, 0.62426401257175479), (4, 0.36678628450913631)]
[(1, 0.23402590444371837), (3, 0.23843693936826854), (6, 0.36895846923948694)]
[(6, 0.8624652549294346)]
[(2, 0.34522104949109633), (6, 0.51666751863866522)]
[(0, 0.3994060852465493), (2, 0.20777219236575675), (6, 0.26343311083723897)]
[(0, 0.41095946724169291), (4, 0.32122332217789823)]
[(4, 0.314139832117389), (6, 0.38086345417357859)]
[(0, 0.43467550203570454), (6, 0.39575737718259496)]
[(6, 0.75171152377010064)]
[(2, 0.61166218131567207), (6, 0.24481683792607739)]
[(4, 0.58660920560557239), (6, 0.22784382419115951)]
[(4, 0.69774984494032533)]
[(4, 0.57494452839628529), (6, 0.23303854812480052)]
[(3, 0.24889257282124966), (5, 0.34543398659904767)]
[(4, 0.2401608374213593), (6, 0.54322546444188047)]
[(3, 0.36037233901225407), (6, 0.28057531231171218)]
[(3, 0.48372060469958622), (6, 0.24262408177797098)]
[(1, 0.29215974513245951), (6, 0.35979473826592107)]
[(1, 0.6479810267736299)]
[(1, 0.56456736831259391)]
[(3, 0.62426072779711905), (4, 0.36678970832535679)]
[(1, 0.23402639546944307), (3, 0.23844121713037381), (6, 0.36895120571986306)]
[(6, 0.86246701852693841)]
[(2, 0.34522373462694839), (6, 0.51667095978157396)]
[(0, 0.39937371532939386), (2, 0.20776384256100341), (6, 0.26336969300565105)]
[(0, 0.41096027651005984), (4, 0.32122493427488485)]
[(4, 0.31414420530130738), (6, 0.38086275976388656)]
[(0, 0.43467457479456423), (6, 0.39575957058362721)]
[(6, 0.75172095528083793)]
[(2, 0.611674074944906), (6, 0.24481322315897808)]
[(4, 0.58660825391736426), (6, 0.22783920376427619)]
[(4, 0.69774885055026681)]
[(4, 0.5749460997757383), (6, 0.2330362511799674)]
[(3, 0.24889276323576567), (5, 0.34543376713830432)]
[(4, 0.24013917271034635), (6, 0.54322877741396813)]
[(3, 0.36037267328698769), (6, 0.28057249863253853)]
[(3, 0.48371989397713411), (6, 0.24262411245716908)]
[(1, 0.29214224035351455), (6, 0.35978689378809814)]
[(1, 0.64798494536863671)]
[(1, 0.56456318258377203)]
[(3, 0.62426263560669648), (4, 0.36678764785179968)]
[(1, 0.23403921221131146), (3, 0.23840767725203477), (6, 0.36896966915778961)]
[(6, 0.86247762726389476)]
[(2, 0.34521923611889666), (6, 0.51666738508231158)]
[(0, 0.39941600943393207), (2, 0.20777475196214734), (6, 0.26345254200474155)]
[(0, 0.41096340497209366), (4, 0.32122471966246258)]
[(4, 0.31414161374779659), (6, 0.38086307873884451)]
[(0, 0.4346739495720523), (6, 0.39576079381455381)]
[(6, 0.75171802539651511)]
[(2, 0.61166681646796039), (6, 0.24481450535714891)]
[(4, 0.58660819401345021), (6, 0.22783901215197033)]
[(4, 0.69774213710516286)]
[(4, 0.57494459023495836), (6, 0.23303426709977718)]
[(3, 0.24889354023981941), (5, 0.34543404646083098)]
[(4, 0.24014908166862972), (6, 0.5432272620042351)]
[(3, 0.3603718376837462), (6, 0.28057566113867211)]
[(3, 0.48372045487665677), (6, 0.24262408633846036)]
[(1, 0.29214407418668942), (6, 0.35979121961975002)]
[(1, 0.64799540769623032)]
[(1, 0.56456413589554388)]
[(3, 0.62426239549766971), (4, 0.36678798677825031)]
[(1, 0.23404594423302141), (3, 0.23839615268356648), (6, 0.36896692294364042)]
[(6, 0.86245979684556617)]
[(2, 0.34521794850784365), (6, 0.51666836574283059)]
[(0, 0.39933894987423491), (2, 0.20775490251711595), (6, 0.26330152357157699)]
[(0, 0.41096094333903277), (4, 0.32122609448188461)]
[(4, 0.31414580910836948), (6, 0.38086164388776705)]
[(0, 0.43467266099040175), (6, 0.39576333731691599)]
[(6, 0.75171838175834405)]
[(2, 0.61166273577707264), (6, 0.2448149926117098)]
[(4, 0.58660923319068192), (6, 0.22784408293709396)]
[(4, 0.69774809310960606)]
[(4, 0.57494495177482541), (6, 0.23303517369728263)]
[(3, 0.24889304890183364), (5, 0.34543550169023118)]
[(4, 0.24015603076697248), (6, 0.54322616371768417)]
[(3, 0.3603728685665839), (6, 0.28057013072087317)]
[(3, 0.48371994907159788), (6, 0.24262413484164819)]
[(1, 0.29214151632952229), (6, 0.35978580296911861)]
[(1, 0.64799638826154904)]
[(1, 0.56456705947846897)]
[(3, 0.62425962708783145), (4, 0.36679085632573488)]
[(1, 0.23403452627737031), (3, 0.23842614592444067), (6, 0.36894767647204763)]
[(6, 0.86248658348444762)]
[(2, 0.34522449772709984), (6, 0.51667245708867005)]
[(0, 0.3993379640148948), (2, 0.20775465565874177), (6, 0.26329959128839497)]
[(0, 0.41095873890732626), (4, 0.3212235820351147)]
[(4, 0.31414350825255116), (6, 0.38086237786908428)]
[(0, 0.43467264518751153), (6, 0.39576345621848247)]
[(6, 0.75171512582321487)]
[(2, 0.61166259592030914), (6, 0.24481246287748498)]
[(4, 0.5866080297684011), (6, 0.22783851373530112)]
[(4, 0.69774244654237683)]
[(4, 0.57494633200243939), (6, 0.23304190653188714)]
[(3, 0.24889365629802768), (5, 0.34543555277482979)]
[(4, 0.24015344060230093), (6, 0.54322656269480929)]
[(3, 0.36037280647899861), (6, 0.28057157954763789)]
[(3, 0.48371864327588904), (6, 0.24262417995406282)]
[(1, 0.29213188857715905), (6, 0.35978120886540699)]
[(1, 0.64798745523698265)]
[(1, 0.56456341957831357)]
[(3, 0.6242691860635331), (4, 0.3667804728977514)]
[(1, 0.23403274155850584), (3, 0.23843109842261057), (6, 0.36895211586770804)]
[(6, 0.86246017462510949)]
[(2, 0.34521780948919745), (6, 0.5166668910187876)]
[(0, 0.39940352735261653), (2, 0.20777152875352506), (6, 0.26342810061922683)]
[(0, 0.41096316777191916), (4, 0.32122563526259418)]
[(4, 0.31414473644289675), (6, 0.38086293470991045)]
[(0, 0.43467366084540365), (6, 0.39576116383827792)]
[(6, 0.75170967573629721)]
[(2, 0.61166350900225219), (6, 0.24481668995399786)]
[(4, 0.58660895028734039), (6, 0.22784207289624939)]
[(4, 0.69774339268629815)]
[(4, 0.57494593944020755), (6, 0.23304127148671586)]
[(3, 0.24889320757975589), (5, 0.34543342008049205)]
[(4, 0.24015166172067051), (6, 0.54322683162599905)]
[(3, 0.36037299076949181), (6, 0.28057807559094583)]
[(3, 0.48371994747991554), (6, 0.24262411999847683)]
[(1, 0.29214251263811392), (6, 0.35978753835537464)]
[(1, 0.64798542000126413)]
[(1, 0.56456379903961795)]
[(3, 0.62426344156890401), (4, 0.3667868458275142)]
[(1, 0.23403838653931797), (3, 0.23841768303423258), (6, 0.36895482855433637)]
[(6, 0.86245168010240192)]
[(2, 0.34522027938869754), (6, 0.51666947553058196)]
[(0, 0.39940494866848225), (2, 0.2077718982660571), (6, 0.26343088484662885)]
[(0, 0.41097007053626111), (4, 0.32122131519985253)]
[(4, 0.31414190873779141), (6, 0.38086335135226634)]
[(0, 0.43467381924478415), (6, 0.39576100749076254)]
[(6, 0.75170924130400252)]
[(2, 0.61166921157919962), (6, 0.24481893392792406)]
[(4, 0.58660884289411319), (6, 0.22784151467633884)]
[(4, 0.69775024785607986)]
[(4, 0.57494567145064035), (6, 0.23304036145497847)]
[(3, 0.24889315951585048), (5, 0.34543236629145202)]
[(4, 0.24016029099510644), (6, 0.54322549535115305)]
[(3, 0.36037237056724358), (6, 0.28057247701560195)]
[(3, 0.483720183761016), (6, 0.24262409865227885)]
[(1, 0.29215714188282882), (6, 0.3597918469624346)]
[(1, 0.64798158886607005)]
[(1, 0.56456470432096362)]
[(3, 0.62426782402038727), (4, 0.36678169985369563)]
[(1, 0.23403298431003819), (3, 0.23842551475229812), (6, 0.3689591795031632)]
[(6, 0.86246602328004074)]
[(2, 0.34522359551040321), (6, 0.51667107122210543)]
[(0, 0.39942823236973618), (2, 0.20777790381341163), (6, 0.2634764662721914)]
[(0, 0.41096070774230353), (4, 0.32122351689765771)]
[(4, 0.31414122244102932), (6, 0.38086310267433149)]
[(0, 0.43467366723571221), (6, 0.395761446764821)]
[(6, 0.75170850187838623)]
[(2, 0.61167447752027937), (6, 0.24482936992311821)]
[(4, 0.5866091632561462), (6, 0.22784346662100702)]
[(4, 0.69774529404347707)]
[(4, 0.57494544415965798), (6, 0.23303988840928105)]
[(3, 0.24889308881310232), (5, 0.34543338230492887)]
[(4, 0.24016125783330569), (6, 0.54322535935006511)]
[(3, 0.3603722322452978), (6, 0.28057329203595355)]
[(3, 0.48371866081611925), (6, 0.24262419269510305)]
[(1, 0.29214507021737951), (6, 0.3597908408090752)]
[(1, 0.64798856411738515)]
[(1, 0.56456497751999768)]
[(3, 0.62426410896698448), (4, 0.36678618763405002)]
[(1, 0.23402115099886978), (3, 0.23844266959063126), (6, 0.36895674389950717)]
[(6, 0.86248283795465519)]
[(2, 0.3452235471379313), (6, 0.51667113321871372)]
[(0, 0.39934590310148604), (2, 0.20775669094775304), (6, 0.26331516331624566)]
[(0, 0.41095709589225127), (4, 0.32122348448402338)]
[(4, 0.31414103620990258), (6, 0.38086334944665057)]
[(0, 0.43467371903614282), (6, 0.3957612752946354)]
[(6, 0.75171764580447997)]
[(2, 0.61166510548217823), (6, 0.24480303999033884)]
[(4, 0.58660877883091578), (6, 0.22784121033358049)]
[(4, 0.69775015356587189)]
[(4, 0.57494432329328193), (6, 0.23303901149999634)]
[(3, 0.24889369863174998), (5, 0.34543464130644325)]
[(4, 0.24015967659008713), (6, 0.54322559928885383)]
[(3, 0.36037216030613733), (6, 0.28057339004334381)]
[(3, 0.48371985457928074), (6, 0.2426241490323181)]
[(1, 0.29214232926027744), (6, 0.35978146498543245)]
[(1, 0.64799044746722256)]
[(1, 0.56456259782348728)]
[(3, 0.62426699777118577), (4, 0.36678303308683252)]
[(1, 0.23403209184952001), (3, 0.23842927845475781), (6, 0.36894442943670824)]
[(6, 0.86245071304888021)]
[(2, 0.34522240051699637), (6, 0.51667023612679153)]
[(0, 0.39939275327194962), (2, 0.20776874860970612), (6, 0.26340699721144906)]
[(0, 0.41096082356688601), (4, 0.32122603896218299)]
[(4, 0.31414425887997188), (6, 0.38086263779127738)]
[(0, 0.43467253976037828), (6, 0.39576388276923985)]
[(6, 0.75172235177539204)]
[(2, 0.61168113244416245), (6, 0.24482019713047629)]
[(4, 0.5866089367268198), (6, 0.22784199853276293)]
[(4, 0.69775029209673878)]
[(4, 0.57494349883143037), (6, 0.23303439810607646)]
[(3, 0.24889309626112244), (5, 0.34543504044114309)]
[(4, 0.24016309060192867), (6, 0.5432251715906552)]
[(3, 0.36037214371387188), (6, 0.28057246994907026)]
[(3, 0.48372085226925826), (6, 0.24262406813823251)]
[(1, 0.29215395983880416), (6, 0.35979501437706468)]
[(1, 0.64798560666430571)]
[(1, 0.56456304974045757)]
[(3, 0.62426717317894576), (4, 0.36678272587009669)]
[(1, 0.23404101097103719), (3, 0.23840693755360959), (6, 0.36896504696105165)]
[(6, 0.86245658495346522)]
[(2, 0.34522157741053594), (6, 0.51667127531914259)]
[(0, 0.39949509513888543), (2, 0.20779522817894047), (6, 0.26360721374616664)]
[(0, 0.41096155124856243), (4, 0.32122621236384613)]
[(4, 0.31414346682324301), (6, 0.38086132091886388)]
[(0, 0.43467331671376941), (6, 0.39576239268504732)]
[(6, 0.75171245471989445)]
[(2, 0.61166502567243775), (6, 0.2448048148022329)]
[(4, 0.5866088671705677), (6, 0.22784163514739331)]
[(4, 0.69774498777993521)]
[(4, 0.5749449758681956), (6, 0.23303977742611248)]
[(3, 0.2488931463504527), (5, 0.34543424699242953)]
[(4, 0.24016116335487084), (6, 0.5432253670208822)]
[(3, 0.36037278144200707), (6, 0.28057001891258704)]
[(3, 0.4837205576259091), (6, 0.24262409836894974)]
[(1, 0.29214691004759319), (6, 0.35978021013502548)]
[(1, 0.64798488429544665)]
[(1, 0.56456553784989438)]
[(3, 0.62425952666151241), (4, 0.36679095583043597)]
[(1, 0.2340422976358848), (3, 0.2384061870468869), (6, 0.36896586370829404)]
[(6, 0.8624553968120543)]
[(2, 0.34522015475496293), (6, 0.51666850280044552)]
[(0, 0.39937183485188094), (2, 0.20776335774013324), (6, 0.2633660071015978)]
[(0, 0.41096147435578573), (4, 0.32122314909363703)]
[(4, 0.31414093712705576), (6, 0.38086323849793841)]
[(0, 0.43467554529159591), (6, 0.39575751536726267)]
[(6, 0.75172159391867255)]
[(2, 0.61165970940386305), (6, 0.2447882049713043)]
[(4, 0.58660913572635376), (6, 0.22784325396813049)]
[(4, 0.69774163751870921)]
[(4, 0.57494507198440936), (6, 0.23303697526980641)]
[(3, 0.24889308943476016), (5, 0.3454345030033138)]
[(4, 0.24015616645135843), (6, 0.54322611916366914)]
[(3, 0.36037213819019093), (6, 0.2805769945216029)]
[(3, 0.48372002225815153), (6, 0.24262412532705877)]
[(1, 0.2921529196600382), (6, 0.35979563808297987)]
[(1, 0.64798429120470147)]
[(1, 0.56456762619562317)]
[(3, 0.62426190151536531), (4, 0.36678849372377487)]
[(1, 0.23404017551331466), (3, 0.2384050721754106), (6, 0.3689718897655096)]
[(6, 0.86245153496673199)]
[(2, 0.34522415442248089), (6, 0.51667105812280989)]
[(0, 0.39937773581555647), (2, 0.2077648800900983), (6, 0.26337757311515325)]
[(0, 0.41096613893323486), (4, 0.32122443822455699)]
[(4, 0.31413947403147113), (6, 0.38086586213804052)]
[(0, 0.43467370794058219), (6, 0.39576136468032813)]
[(6, 0.75172332660133157)]
[(2, 0.61166090257523842), (6, 0.24479636498695984)]
[(4, 0.58660861441408518), (6, 0.22784050263728384)]
[(4, 0.69774654598377783)]
[(4, 0.57494573263556659), (6, 0.23303974259724863)]
[(3, 0.24889265712590758), (5, 0.34543661837523565)]
[(4, 0.24015481896067645), (6, 0.54322628863007139)]
[(3, 0.36037290373872727), (6, 0.28057124234459718)]
[(3, 0.48372009730575255), (6, 0.242624119781255)]
[(1, 0.29214797452652541), (6, 0.35979114264467149)]
[(1, 0.6479849043530469)]
[(1, 0.56456323350628912)]
[(3, 0.62426215516849481), (4, 0.36678824664435244)]
[(1, 0.23402158725436772), (3, 0.23844263466911098), (6, 0.36895625057741638)]
[(6, 0.86246448319822733)]
[(2, 0.34521834906234117), (6, 0.51666587235439454)]
[(0, 0.39936851870187623), (2, 0.20776250692999257), (6, 0.26335950780271755)]
[(0, 0.41096499089479421), (4, 0.32122445618421558)]
[(4, 0.31414408070918937), (6, 0.38086078071465429)]
[(0, 0.43467465234985642), (6, 0.39575886431054941)]
[(6, 0.75172429658965889)]
[(2, 0.61166339830292338), (6, 0.2448052712223526)]
[(4, 0.58660921159475665), (6, 0.22784387837969239)]
[(4, 0.69774852300149348)]
[(4, 0.5749483060010987), (6, 0.23304355441698604)]
[(3, 0.24889377450809874), (5, 0.34543233125334299)]
[(4, 0.24016195076024902), (6, 0.54322524910696424)]
[(3, 0.36037175849457193), (6, 0.28057349301263168)]
[(3, 0.48372014192911228), (6, 0.24262414270602642)]
[(1, 0.29214055574360154), (6, 0.35978195750986397)]
[(1, 0.64799631177025441)]
[(1, 0.56456445129128374)]
[(3, 0.62426489930566187), (4, 0.36678537616636986)]
[(1, 0.2340317454198399), (3, 0.2384322912624533), (6, 0.36895039286426834)]
[(6, 0.86248519277893665)]
[(2, 0.3452178005083974), (6, 0.51666701925536129)]
[(0, 0.39943368545991342), (2, 0.20777931723352439), (6, 0.26348713903755333)]
[(0, 0.41095903973266606), (4, 0.32122510275159682)]
[(4, 0.31414437532902462), (6, 0.38086187717255698)]
[(0, 0.43467235848547264), (6, 0.3957642265184611)]
[(6, 0.75172014001291054)]
[(2, 0.61166574688757835), (6, 0.24480846595107961)]
[(4, 0.58660909424178853), (6, 0.22784295641977312)]
[(4, 0.69774641948322991)]
[(4, 0.5749450048856487), (6, 0.23303902835924317)]
[(3, 0.2488933961232673), (5, 0.34543613461167771)]
[(4, 0.24015547934825021), (6, 0.5432262049598795)]
[(3, 0.36037291950532685), (6, 0.28057299769973365)]
[(3, 0.48372021593632608), (6, 0.24262410365173837)]
[(1, 0.29215043933522095), (6, 0.35979793321579101)]
[(1, 0.64799068982558361)]
[(1, 0.56456360817009332)]
[(3, 0.62426807120263728), (4, 0.36678184894316346)]
[(1, 0.23404389242075876), (3, 0.23839516105056388), (6, 0.36896556655688184)]
[(6, 0.86246095286277258)]
[(2, 0.34522344375469516), (6, 0.51667173615074991)]
[(0, 0.39936163233338057), (2, 0.20776073554529048), (6, 0.26334600801520525)]
[(0, 0.4109621393060866), (4, 0.32122615400150611)]
[(4, 0.31414010958330169), (6, 0.38086314810379229)]
[(0, 0.43467321280114141), (6, 0.39576224547197014)]
[(6, 0.75171448948265529)]
[(2, 0.61170645312358463), (6, 0.24487466734962915)]
[(4, 0.58660847697944218), (6, 0.22783997358359018)]
[(4, 0.6977463205573371)]
[(4, 0.57494509168351793), (6, 0.23304004298260592)]
[(3, 0.24889290889680185), (5, 0.34543397739684029)]
[(4, 0.24016014336040287), (6, 0.54322556905436659)]
[(3, 0.36037210412384396), (6, 0.28057465460158548)]
[(3, 0.48371930791075946), (6, 0.24262416281590571)]
[(1, 0.29214344486750554), (6, 0.35979115104195203)]
[(1, 0.64799239380328288)]
[(1, 0.56456187577709216)]
[(3, 0.62426083830375101), (4, 0.3667895553689054)]
[(1, 0.23405354144542798), (3, 0.23838316098869561), (6, 0.36897458140769535)]
[(6, 0.86248272607960585)]
[(2, 0.34522402459041351), (6, 0.51667117000424934)]
[(0, 0.39943719999532851), (2, 0.207780231291186), (6, 0.26349401763970043)]
[(0, 0.41096562177939505), (4, 0.32122482593664686)]
[(4, 0.31414074274295345), (6, 0.38086275674947767)]
[(0, 0.43467503162942195), (6, 0.39575848159053412)]
[(6, 0.75170984526878581)]
[(2, 0.61166278029290477), (6, 0.24481664031868014)]
[(4, 0.58660918823079522), (6, 0.22784367241416423)]
[(4, 0.6977469381867174)]
[(4, 0.57494539392147315), (6, 0.23304092250467695)]
[(3, 0.24889252167470172), (5, 0.34543624746574808)]
[(4, 0.24015978566961671), (6, 0.54322563168555538)]
[(3, 0.36037270498629742), (6, 0.28057337747642019)]
[(3, 0.48371861746106304), (6, 0.24262415469491103)]
[(1, 0.29215113706983176), (6, 0.35979567269192536)]
[(1, 0.64798450305625055)]
[(1, 0.56456359019781255)]
[(3, 0.62426838940286489), (4, 0.36678155131832069)]
[(1, 0.23403488320798085), (3, 0.23842580823263498), (6, 0.36895068591610541)]
[(6, 0.86247235741021488)]
[(2, 0.34522247506753378), (6, 0.51666755128437292)]
[(0, 0.39940655730228358), (2, 0.20777231155320186), (6, 0.26343403452711328)]
[(0, 0.41095785104383736), (4, 0.32122426415872202)]
[(4, 0.31414145751588063), (6, 0.38086378135022514)]
[(0, 0.43467345044719125), (6, 0.3957620251525415)]
[(6, 0.75170878667208751)]
[(2, 0.6116639897920354), (6, 0.24481441602963849)]
[(4, 0.58660829484493571), (6, 0.22783933805074399)]
[(4, 0.69774724897178764)]
[(4, 0.57494602436993136), (6, 0.23304091302926697)]
[(3, 0.24889293241200411), (5, 0.34543220194480018)]
[(4, 0.24015811000435305), (6, 0.54322586447532639)]
[(3, 0.36037247563001051), (6, 0.2805730024026748)]
[(3, 0.48371928866874525), (6, 0.24262416898101746)]
[(1, 0.29214878801655231), (6, 0.35979489295268358)]
[(1, 0.64798478525012726)]
[(1, 0.56456692652672436)]
[(3, 0.62425937650297969), (4, 0.36679106992702604)]
[(1, 0.23404505037064469), (3, 0.23839215339764408), (6, 0.36898064788180673)]
[(6, 0.86247065197671169)]
[(2, 0.34522613071228669), (6, 0.51667315963357108)]
[(0, 0.39936550230143897), (2, 0.20776172859894559), (6, 0.2633535942269965)]
[(0, 0.41096059060013129), (4, 0.32122512059016761)]
[(4, 0.31414387204036637), (6, 0.38086204412717889)]
[(0, 0.43467498150990846), (6, 0.39575864470993927)]
[(6, 0.75171116187977494)]
[(2, 0.61166177151103718), (6, 0.24480675389965237)]
[(4, 0.58660900361674162), (6, 0.22784237835798449)]
[(4, 0.69774983518693434)]
[(4, 0.57494595497513412), (6, 0.23304134125644735)]
[(3, 0.24889275812153136), (5, 0.3454341814597402)]
[(4, 0.24014029448823335), (6, 0.54322866736459652)]
[(3, 0.36037223267403018), (6, 0.28057194684330927)]
[(3, 0.4837197717069685), (6, 0.24262416359766212)]
[(1, 0.29215141146547274), (6, 0.3598015914785162)]
[(1, 0.64799624601035333)]
[(1, 0.56456706700932513)]
[(3, 0.62426379957607392), (4, 0.36678651420364006)]
[(1, 0.234054597736262), (3, 0.23837778675086399), (6, 0.36897840364640744)]
[(6, 0.86247191096607734)]
[(2, 0.34521738360181697), (6, 0.5166664062896249)]
[(0, 0.39928475783844897), (2, 0.20774100795223965), (6, 0.26319513580101744)]
[(0, 0.41096483147379481), (4, 0.32122196325337349)]
[(4, 0.31414261306211622), (6, 0.38086238945442441)]
[(0, 0.43467457768782486), (6, 0.39575933164372729)]
[(6, 0.75172057052840913)]
[(2, 0.6116614258730193), (6, 0.24479617788429495)]
[(4, 0.58660906712040695), (6, 0.22784277424425156)]
[(4, 0.6977428683050686)]
[(4, 0.57494597537209169), (6, 0.23304047263666061)]
[(3, 0.24889277050995831), (5, 0.34543466988328819)]
[(4, 0.24015970865671818), (6, 0.54322558845936186)]
[(3, 0.36037345123492642), (6, 0.28056954181507987)]
[(3, 0.483719424218232), (6, 0.24262413225265064)]
[(1, 0.2921493135825507), (6, 0.35979586676726483)]
[(1, 0.64799347470246005)]
[(1, 0.56456380511072235)]
[(3, 0.62426724658413713), (4, 0.366782867458677)]
[(1, 0.23402262981677557), (3, 0.23844214268284608), (6, 0.36895684550432933)]
[(6, 0.86245104756124791)]
[(2, 0.34521788652328694), (6, 0.51666996416568378)]
[(0, 0.39935478432906646), (2, 0.20775897479549921), (6, 0.26333258098262768)]
[(0, 0.41096416214648213), (4, 0.32122500159136841)]
[(4, 0.31414488220180037), (6, 0.38086127966104161)]
[(0, 0.43467333802255054), (6, 0.39576230581632565)]
[(6, 0.75172488744281873)]
[(2, 0.6116848307838556), (6, 0.24485333332825254)]
[(4, 0.58660910257827181), (6, 0.22784301425999354)]
[(4, 0.69774941775193078)]
[(4, 0.57494657752819467), (6, 0.23303870856285075)]
[(3, 0.24889226050708482), (5, 0.34543416132068377)]
[(4, 0.2401545598419777), (6, 0.54322639546831841)]
[(3, 0.36037269347727097), (6, 0.28057897763105494)]
[(3, 0.48371921528523526), (6, 0.2426241677424564)]
[(1, 0.29213598020492787), (6, 0.35979068426229538)]
[(1, 0.64798992010981471)]
[(1, 0.56456757013998715)]
[(3, 0.62426250809076211), (4, 0.36678761016761802)]
[(1, 0.23402897456045393), (3, 0.23842371286391717), (6, 0.36896062755460074)]
[(6, 0.86247902945891397)]
[(2, 0.34522153203536643), (6, 0.51667016310928027)]
[(0, 0.39933246848419213), (2, 0.20775324022386629), (6, 0.26328880823810863)]
[(0, 0.4109616795699868), (4, 0.32122636369193031)]
[(4, 0.31414321782184806), (6, 0.3808623988556547)]
[(0, 0.43467504830054388), (6, 0.39575840288523217)]
[(6, 0.75170819410159306)]
[(2, 0.61166409670976862), (6, 0.24480490464080701)]
[(4, 0.5866089847351571), (6, 0.22784226769247648)]
[(4, 0.69774353047732607)]
[(4, 0.57494495682890912), (6, 0.23304023643210098)]
[(3, 0.2488933903046191), (5, 0.34543410465234692)]
[(4, 0.24014013765825692), (6, 0.5432286775383528)]
[(3, 0.36037232772005978), (6, 0.28057085281259458)]
[(3, 0.48371908780203721), (6, 0.24262416324559466)]
[(1, 0.29214114101748967), (6, 0.35978680537376367)]
[(1, 0.64799583724703902)]
[(1, 0.5645658464909723)]
[(3, 0.62426638534665024), (4, 0.36678329110111507)]
[(1, 0.23404362534637274), (3, 0.23840686215990278), (6, 0.3689569309298722)]
[(6, 0.86246668299684348)]
[(2, 0.34521808028747741), (6, 0.51666594684466782)]
[(0, 0.39931676160238089), (2, 0.20774920691119472), (6, 0.26325798284889357)]
[(0, 0.41096145303229586), (4, 0.32122439168317302)]
[(4, 0.31414528185595536), (6, 0.38086095484658505)]
[(0, 0.43467442962601954), (6, 0.3957598010969321)]
[(6, 0.7517110866116109)]
[(2, 0.61165965479140971), (6, 0.24479712897863001)]
[(4, 0.58660917644963384), (6, 0.22784357365601215)]
[(4, 0.69774272414380645)]
[(4, 0.57494520612621225), (6, 0.23304003876357154)]
[(3, 0.24889308370674099), (5, 0.3454347547409552)]
[(4, 0.24015584100707496), (6, 0.54322619094894964)]
[(3, 0.36037259946159894), (6, 0.2805726940417293)]
[(3, 0.48372073697369156), (6, 0.24262408252855991)]
[(1, 0.29214460041807205), (6, 0.35979160111556702)]
[(1, 0.64798819922180606)]
[(1, 0.56456234465387434)]
[(3, 0.62426305456896547), (4, 0.36678731200397419)]
[(1, 0.23405326264670948), (3, 0.23837510369268511), (6, 0.36898992792567409)]
[(6, 0.86245307930548376)]
[(2, 0.34521707483834801), (6, 0.5166669078532331)]
[(0, 0.39929601208625154), (2, 0.20774389944940858), (6, 0.26321724517946771)]
[(0, 0.41096395682859482), (4, 0.32122400075746349)]
[(4, 0.3141436333879149), (6, 0.38086195007686241)]
[(0, 0.43467543389328622), (6, 0.39575749910042468)]
[(6, 0.75170919304802752)]
[(2, 0.6116671035008252), (6, 0.24482245736981795)]
[(4, 0.58660918043337584), (6, 0.22784360669991408)]
[(4, 0.69774688296998955)]
[(4, 0.57494552385634967), (6, 0.23304023983173147)]
[(3, 0.24889370029765487), (5, 0.34543511505930891)]
[(4, 0.2401539209773273), (6, 0.54322649272290147)]
[(3, 0.36037343208716455), (6, 0.28057198977684522)]
[(3, 0.48371962649412004), (6, 0.2426241402760603)]
[(1, 0.29214770474509022), (6, 0.35979065105615754)]
[(1, 0.64798901760688521)]
[(1, 0.56456576949751003)]
[(3, 0.62426145631631769), (4, 0.36678897212280925)]
[(1, 0.23402616207434324), (3, 0.23844017286435706), (6, 0.36894952208417853)]
[(6, 0.86245202289867184)]
[(2, 0.34522312859679899), (6, 0.51667096237425281)]
[(0, 0.39938256844975467), (2, 0.20776612802234276), (6, 0.26338704404271929)]
[(0, 0.41096274401055555), (4, 0.3212232445904441)]
[(4, 0.31414235032303328), (6, 0.38086339558436155)]
[(0, 0.43467370148910961), (6, 0.39576135431435255)]
[(6, 0.75171144362855591)]
[(2, 0.61166515984676528), (6, 0.24480662692627339)]
[(4, 0.58660823937708828), (6, 0.22783915672882818)]
[(4, 0.6977422511457203)]
[(4, 0.574945547189043), (6, 0.23303628026130682)]
[(3, 0.24889441574553434), (5, 0.34543479762744522)]
[(4, 0.2401649130662932), (6, 0.54322490325206607)]
[(3, 0.36037213886988267), (6, 0.28057354312230259)]
[(3, 0.4837205000734015), (6, 0.2426240768215682)]
[(1, 0.29215919419037312), (6, 0.35979646052051545)]
[(1, 0.6479959329575421)]
[(1, 0.56456705647274574)]
[(3, 0.62426564896256986), (4, 0.36678435420214722)]
[(1, 0.23405248490398109), (3, 0.2383778110285831), (6, 0.36898694219252354)]
[(6, 0.86245040485792424)]
[(2, 0.34521932388720006), (6, 0.51666664932210093)]
[(0, 0.39937344008986214), (2, 0.20776377418940178), (6, 0.26336915423415885)]
[(0, 0.41096285363281992), (4, 0.32122539287033164)]
[(4, 0.31414418998846511), (6, 0.38086282890645673)]
[(0, 0.43467408788827383), (6, 0.39576016448159179)]
[(6, 0.75171279916803213)]
[(2, 0.61166362827185272), (6, 0.24480807494963491)]
[(4, 0.5866087907823907), (6, 0.22784126571707403)]
[(4, 0.69774427155291219)]
[(4, 0.57494512598136316), (6, 0.23303945647984689)]
[(3, 0.24889282674245905), (5, 0.34543492838653811)]
[(4, 0.24015301247188975), (6, 0.54322655935470243)]
[(3, 0.36037294559997052), (6, 0.28056998350331958)]
[(3, 0.48372056299611266), (6, 0.24262407983048717)]
[(1, 0.29214605327159776), (6, 0.35979533478002429)]
[(1, 0.64798541001078391)]
[(1, 0.56456631852278683)]
[(3, 0.62426404491350795), (4, 0.36678622502744701)]
[(1, 0.2340484619264516), (3, 0.23838249023146107), (6, 0.36898983042242017)]
[(6, 0.86245786849097761)]
[(2, 0.34522376037804386), (6, 0.51667053486836434)]
[(0, 0.39935121045234884), (2, 0.20775805517683865), (6, 0.26332557235394755)]
[(0, 0.41096406355601423), (4, 0.32122478559675866)]
[(4, 0.31414370655359908), (6, 0.38086135504379709)]
[(0, 0.43467256301996704), (6, 0.3957633821819353)]
[(6, 0.75172180951825285)]
[(2, 0.61166071108342124), (6, 0.24478892766285271)]
[(4, 0.58660921945190447), (6, 0.22784395106665395)]
[(4, 0.69774342255739963)]
[(4, 0.57494541548122791), (6, 0.23304034105628799)]
[(3, 0.24889314447244595), (5, 0.34543445946046047)]
[(4, 0.24014180730740922), (6, 0.5432283998641616)]
[(3, 0.36037314427775619), (6, 0.28057784805750796)]
[(3, 0.48371969955120842), (6, 0.24262414768436857)]
[(1, 0.29213791720676474), (6, 0.35977823946914589)]
[(1, 0.64799073587186173)]
[(1, 0.56456481888629184)]
[(3, 0.62426050611334649), (4, 0.36678990504829745)]
[(1, 0.23403866813721999), (3, 0.23841152218120334), (6, 0.36896067979650793)]
[(6, 0.86247600010207459)]
[(2, 0.34521925621444993), (6, 0.51666641418439163)]
[(0, 0.39932248716890234), (2, 0.20775067731758998), (6, 0.26326922117737489)]
[(0, 0.41096240292206004), (4, 0.32122557157747356)]
[(4, 0.31414302469445665), (6, 0.3808622344516443)]
[(0, 0.43467515661274697), (6, 0.39575817523301526)]
[(6, 0.75172116440359826)]
[(2, 0.61166580885651778), (6, 0.24481459264524566)]
[(4, 0.58660865060166145), (6, 0.22784065058928482)]
[(4, 0.69774670914594783)]
[(4, 0.57494461448145062), (6, 0.23303362472010686)]
[(3, 0.24889337131692951), (5, 0.34543330482186252)]
[(4, 0.24015603130426957), (6, 0.54322611789137398)]
[(3, 0.36037180552643822), (6, 0.28057232243410823)]
[(3, 0.48371992440564698), (6, 0.24262413055462748)]
[(1, 0.29213583520058872), (6, 0.35978539096329515)]
[(1, 0.64798481411379827)]
[(1, 0.56456403730708071)]
[(3, 0.62426825668070629), (4, 0.36678149916430552)]
[(1, 0.23404669962540078), (3, 0.23839735515328581), (6, 0.36896701569470408)]
[(6, 0.86245115734557076)]
[(2, 0.34522268577105081), (6, 0.51667071373863949)]
[(0, 0.3994107454291832), (2, 0.20777339825053026), (6, 0.26344223706207831)]
[(0, 0.41095990600074928), (4, 0.32122532914450963)]
[(4, 0.31414191867153368), (6, 0.38086244165524824)]
[(0, 0.43467291821790688), (6, 0.39576310613879512)]
[(6, 0.75171591581274944)]
[(2, 0.61168428009010622), (6, 0.24484828625820199)]
[(4, 0.58660894994774393), (6, 0.22784207101862558)]
[(4, 0.69774376761908963)]
[(4, 0.57494505420126307), (6, 0.23304010985163726)]
[(3, 0.24889278817738614), (5, 0.3454318714971194)]
[(4, 0.24014830903185386), (6, 0.54322733950628621)]
[(3, 0.3603727183267828), (6, 0.28057188603880068)]
[(3, 0.48371968351310829), (6, 0.24262414789591599)]
[(1, 0.29215095913295019), (6, 0.3597965004879834)]
[(1, 0.64799236823818662)]
[(1, 0.56456645944766526)]
[(3, 0.62426674134150184), (4, 0.36678293425714442)]
[(1, 0.23402565018916319), (3, 0.23843955984190296), (6, 0.36894839407263336)]
[(6, 0.86244918619909694)]
[(2, 0.34522653240547485), (6, 0.51667398587022084)]
[(0, 0.39934496808793596), (2, 0.20775645122617337), (6, 0.26331332952586861)]
[(0, 0.41096224542159171), (4, 0.32122305939874418)]
[(4, 0.31413324961673567), (6, 0.38087395525038997)]
[(0, 0.43467551343902272), (6, 0.39575746205567824)]
[(6, 0.7517190443927787)]
[(2, 0.61166208767764663), (6, 0.24481349936159255)]
[(4, 0.58660899337121442), (6, 0.22784231794757542)]
[(4, 0.69774424027579252)]
[(4, 0.57494637221808242), (6, 0.2330406594973892)]
[(3, 0.24889296612346709), (5, 0.34543470746980942)]
[(4, 0.24015055404749566), (6, 0.54322693882396156)]
[(3, 0.36037252225403604), (6, 0.28057262218526469)]
[(3, 0.48372087374234274), (6, 0.24262406137166201)]
[(1, 0.29215069049579534), (6, 0.35979403300912338)]
[(1, 0.64798357422221775)]
[(1, 0.56456582166111069)]
[(3, 0.6242675873449941), (4, 0.36678235918888175)]
[(1, 0.23403342906881378), (3, 0.23842647728552141), (6, 0.36895355708760663)]
[(6, 0.86247928754828995)]
[(2, 0.34522283952418775), (6, 0.51666950923325772)]
[(0, 0.39938930378722032), (2, 0.20776785979752882), (6, 0.26340023961001258)]
[(0, 0.41096264286477185), (4, 0.32122554141447679)]
[(4, 0.31414244810024894), (6, 0.38086164711586756)]
[(0, 0.43467534704911825), (6, 0.39575772301933465)]
[(6, 0.75170768978718616)]
[(2, 0.61165998959834589), (6, 0.24479711588026945)]
[(4, 0.58660896917890748), (6, 0.22784217863675188)]
[(4, 0.69774605921396426)]
[(4, 0.57494556316742274), (6, 0.23304030033515272)]
[(3, 0.24889230854302852), (5, 0.34543374964434209)]
[(4, 0.2401455782168975), (6, 0.54322777584864079)]
[(3, 0.36037197417946731), (6, 0.28057477029797173)]
[(3, 0.48371850661398108), (6, 0.24262419981065075)]
[(1, 0.29214905812266673), (6, 0.35979341399859061)]
[(1, 0.64798296512385634)]
[(1, 0.564565611111287)]
[(3, 0.62426598676539302), (4, 0.36678410680184148)]
[(1, 0.23404837706505854), (3, 0.23838640790454835), (6, 0.36898303352057876)]
[(6, 0.86244943024284437)]
[(2, 0.34521978430827849), (6, 0.51666796514445501)]
[(0, 0.39933145809374093), (2, 0.20775298107962364), (6, 0.26328682581441526)]
[(0, 0.41096257405135217), (4, 0.32122499696921775)]
[(4, 0.31414566620740675), (6, 0.38086274287110417)]
[(0, 0.43467471891042697), (6, 0.39575923253645112)]
[(6, 0.75171303662539624)]
[(2, 0.61166006322209743), (6, 0.24479132285874414)]
[(4, 0.58660908874658324), (6, 0.22784291878483212)]
[(4, 0.69774975035881948)]
[(4, 0.57494481952410748), (6, 0.23303965758828335)]
[(3, 0.24889389195194883), (5, 0.34543125088933851)]
[(4, 0.24014909946281976), (6, 0.5432272347939977)]
[(3, 0.3603717654456105), (6, 0.28057563212883124)]
[(3, 0.48371852328234893), (6, 0.24262417533657676)]
[(1, 0.29215077819649388), (6, 0.35979420862586614)]
[(1, 0.64799421651942413)]
[(1, 0.56456224639257768)]
[(3, 0.62426658831686732), (4, 0.36678311765878224)]
[(1, 0.23402258259658429), (3, 0.23843906572813972), (6, 0.36895997532149094)]
[(6, 0.86246655333018352)]
[(2, 0.34522281540591238), (6, 0.51666868914487263)]
[(0, 0.39933766920610292), (2, 0.20775458020191809), (6, 0.2632990130034652)]
[(0, 0.41096560887365646), (4, 0.32122430266962015)]
[(4, 0.3141447768485775), (6, 0.38086294360407996)]
[(0, 0.43467297602722377), (6, 0.39576260828412879)]
[(6, 0.75172279437395928)]
[(2, 0.6116734204513018), (6, 0.24480268903569985)]
[(4, 0.58660889883614986), (6, 0.22784179703763213)]
[(4, 0.69774893883532318)]
[(4, 0.57494430825038767), (6, 0.23303899139164538)]
[(3, 0.24889290467029934), (5, 0.34543452518058576)]
[(4, 0.24015654769882941), (6, 0.54322607835913872)]
[(3, 0.36037275689766984), (6, 0.28057153457621914)]
[(3, 0.48371986137871381), (6, 0.24262412045322135)]
[(1, 0.29214265310293852), (6, 0.35978901542409469)]
[(1, 0.64798383820603589)]
[(1, 0.56456467403106958)]
[(3, 0.62425912604531286), (4, 0.36679133652911189)]
[(1, 0.23403954946664152), (3, 0.23840911364332343), (6, 0.36896213991002202)]
[(6, 0.86244990504393704)]
[(2, 0.34522547240617424), (6, 0.51667346047822404)]
[(0, 0.39931412778783232), (2, 0.2077485351730706), (6, 0.26325281376422333)]
[(0, 0.41096200252809156), (4, 0.32122309554903727)]
[(4, 0.31414389022003048), (6, 0.38086146661937109)]
[(0, 0.43467487096082336), (6, 0.39575861591712608)]
[(6, 0.75170734558322472)]
[(2, 0.61166202939683134), (6, 0.24481236742280124)]
[(4, 0.58660922250065051), (6, 0.2278439797862285)]
[(4, 0.69774347562419381)]
[(4, 0.57494687422343749), (6, 0.23303862465259281)]
[(3, 0.24889229925195508), (5, 0.34543588133503667)]
[(4, 0.24015530074381544), (6, 0.54322628141511942)]
[(3, 0.36037239799846432), (6, 0.28057100072288138)]
[(3, 0.48372010936700444), (6, 0.2426241240725682)]
[(1, 0.29214564819149286), (6, 0.35979606975433431)]
[(1, 0.64799378768259086)]
[(1, 0.56456549444029336)]
[(3, 0.62426443776889318), (4, 0.36678586670282776)]
[(1, 0.23403798720283436), (3, 0.23842610243233803), (6, 0.36895302463063701)]
[(6, 0.86247887891811892)]
[(2, 0.3452273882861478), (6, 0.51667314711444512)]
[(0, 0.39934649691266122), (2, 0.2077568372325363), (6, 0.26331632626449258)]
[(0, 0.41095823869027026), (4, 0.32122695507864218)]
[(4, 0.31414479703702314), (6, 0.38086071239542574)]
[(0, 0.43467489814268306), (6, 0.39575874584039655)]
[(6, 0.75171337040727504)]
[(2, 0.61166387428040903), (6, 0.24480988844496013)]
[(4, 0.58660892585089874), (6, 0.22784193977439529)]
[(4, 0.69774180265145058)]
[(4, 0.57494607288592559), (6, 0.23303961102913795)]
[(3, 0.24889306367111314), (5, 0.34543468339868316)]
[(4, 0.24015847131158438), (6, 0.5432258191774838)]
[(3, 0.36037285420990267), (6, 0.28057010625260131)]
[(3, 0.48372063638278029), (6, 0.24262407523710028)]
[(1, 0.29214277397127747), (6, 0.3597820884382843)]
[(1, 0.64799374552003708)]
[(1, 0.56456305808095053)]
[(3, 0.62426530221620413), (4, 0.36678439406801921)]
[(1, 0.23403263463501917), (3, 0.23842564236261207), (6, 0.36894899674519882)]
[(6, 0.86247825680927259)]
[(2, 0.34522084827114929), (6, 0.51666839242665241)]
[(0, 0.3993081414602907), (2, 0.20774700749754621), (6, 0.26324106336738612)]
[(0, 0.41096481728003004), (4, 0.32122206939471154)]
[(4, 0.31414288113221739), (6, 0.38086239075708811)]
[(0, 0.43467489015224364), (6, 0.39575883338943219)]
[(6, 0.75171222801000137)]
[(2, 0.61166289493916559), (6, 0.2448065287478059)]
[(4, 0.58660865184022282), (6, 0.22784065572425349)]
[(4, 0.69774778126667325)]
[(4, 0.5749445450760351), (6, 0.23303459449593489)]
[(3, 0.24889299539714088), (5, 0.34543315177905504)]
[(4, 0.24015961488413934), (6, 0.543225651014276)]
[(3, 0.36037267410554408), (6, 0.28057257900976812)]
[(3, 0.48372060375772846), (6, 0.24262408710661257)]
[(1, 0.29214633857296879), (6, 0.35979097776148783)]
[(1, 0.6479873686407045)]
[(1, 0.56456317119368316)]
[(3, 0.62426645235034284), (4, 0.36678345716937022)]
[(1, 0.23402246948282812), (3, 0.23844963451328557), (6, 0.36894530872458586)]
[(6, 0.8624878890284019)]
[(2, 0.34522103248096342), (6, 0.51667020825171672)]
[(0, 0.3993858593539153), (2, 0.20776696838709477), (6, 0.26339349016669911)]
[(0, 0.41096126420207907), (4, 0.32122663335659996)]
[(4, 0.31414144967261648), (6, 0.38086248310524162)]
[(0, 0.43467247426119954), (6, 0.39576404428431622)]
[(6, 0.75170797858648142)]
[(2, 0.61166648781126709), (6, 0.24481993036297786)]
[(4, 0.58660879164965052), (6, 0.22784126975977409)]
[(4, 0.69774442840407447)]
[(4, 0.57494572031939628), (6, 0.23304126859040711)]
[(3, 0.24889222438755354), (5, 0.34543327618528696)]
[(4, 0.24016498326554228), (6, 0.54322484345888489)]
[(3, 0.3603728395863684), (6, 0.28057249802195089)]
[(3, 0.4837207861883499), (6, 0.24262407141179093)]
[(1, 0.29214780983539668), (6, 0.35979082161065146)]
[(1, 0.64798277609288302)]
[(1, 0.56457007602707476)]
[(3, 0.6242652631364437), (4, 0.36678489547986937)]
[(1, 0.23403832482118817), (3, 0.23841141890537074), (6, 0.36896189536279733)]
[(6, 0.86245104321128296)]
[(2, 0.34522747214411847), (6, 0.51667255055610783)]
[(0, 0.399348759496715), (2, 0.20775742659038823), (6, 0.26332076600745752)]
[(0, 0.41095440023113633), (4, 0.32122596170696099)]
[(4, 0.31414309064003032), (6, 0.38086299904567011)]
[(0, 0.43467499250013908), (6, 0.39575833674970518)]
[(6, 0.75172038567681765)]
[(2, 0.61166728818806126), (6, 0.24479140749386893)]
[(4, 0.58660883642464978), (6, 0.22784148307391511)]
[(4, 0.69774761816297226)]
[(4, 0.57494648967906226), (6, 0.23304089691595933)]
[(3, 0.24889289986155419), (5, 0.34543386128258197)]
[(4, 0.2401415359323085), (6, 0.54322846538079439)]
[(3, 0.36037225927784022), (6, 0.28057335006340323)]
[(3, 0.48372031903593532), (6, 0.24262410414717703)]
[(1, 0.29214225380999337), (6, 0.35979649591132801)]
[(1, 0.64798782337293181)]
[(1, 0.56456284888354247)]
[(3, 0.62426525141754563), (4, 0.36678497797184895)]
[(1, 0.23403820018632057), (3, 0.23841600470243565), (6, 0.36895202445850855)]
[(6, 0.86248461994294845)]
[(2, 0.34522612248350765), (6, 0.51667367708494238)]
[(0, 0.39939243698696386), (2, 0.20776867352513373), (6, 0.26340637938808287)]
[(0, 0.4109597815117671), (4, 0.32122224629064905)]
[(4, 0.31414540258073587), (6, 0.38086190423582672)]
[(0, 0.43467272150471492), (6, 0.39576356557734366)]
[(6, 0.75170740042099138)]
[(2, 0.61166097079260717), (6, 0.2447915719501873)]
[(4, 0.58660914264641539), (6, 0.22784330616422696)]
[(4, 0.6977458597521603)]
[(4, 0.57494597580509155), (6, 0.2330372468758849)]
[(3, 0.24889400300503092), (5, 0.34543256270010242)]
[(4, 0.24014204356127763), (6, 0.54322837267711155)]
[(3, 0.3603723546847436), (6, 0.28057127534251397)]
[(3, 0.48372037767841042), (6, 0.24262409453247652)]
[(1, 0.29214851344644605), (6, 0.35979420074827129)]
[(1, 0.64798294905131837)]
[(1, 0.56456700902668944)]
[(3, 0.62426583769894772), (4, 0.36678427306768091)]
[(1, 0.23405051628988777), (3, 0.23838774649670538), (6, 0.36896928823185626)]
[(6, 0.86245132467518093)]
[(2, 0.34522596080453444), (6, 0.5166725545365084)]
[(0, 0.39939416233875746), (2, 0.20776911162741171), (6, 0.26340975739178379)]
[(0, 0.41096243917959097), (4, 0.32122543327968806)]
[(4, 0.31414425373487759), (6, 0.38086054983786682)]
[(0, 0.43467296510207776), (6, 0.39576268149688409)]
[(6, 0.75171552905542349)]
[(2, 0.61167287943561166), (6, 0.2448132284688134)]
[(4, 0.58660908174222059), (6, 0.22784287136035439)]
[(4, 0.6977447510241781)]
[(4, 0.57494565401043285), (6, 0.23304115936443864)]
[(3, 0.2488929772949624), (5, 0.34543460138264748)]
[(4, 0.24014318100194179), (6, 0.54322820112674375)]
[(3, 0.3603729903085614), (6, 0.28057788019129598)]
[(3, 0.48372042973398921), (6, 0.24262407942712472)]
[(1, 0.29214554987465102), (6, 0.35977451703527735)]
[(1, 0.64798241937564638)]
[(1, 0.56456306575391402)]
[(3, 0.62425988506682584), (4, 0.3667905905984829)]
[(1, 0.23402506788625116), (3, 0.23843568857143171), (6, 0.36896003268218885)]
[(6, 0.8624737509478172)]
[(2, 0.3452192834599217), (6, 0.51666922056902587)]
[(0, 0.39935658749189035), (2, 0.20775943734083629), (6, 0.26333611644469129)]
[(0, 0.41096146732014982), (4, 0.32122581992470639)]
[(4, 0.31414111005043721), (6, 0.38086472680696593)]
[(0, 0.43467436620350458), (6, 0.39575990601126532)]
[(6, 0.75171463533379357)]
[(2, 0.61166518786665958), (6, 0.24481912021321478)]
[(4, 0.58660921723282933), (6, 0.22784393034724282)]
[(4, 0.69774602915410511)]
[(4, 0.57494503561672372), (6, 0.23303524629389627)]
[(3, 0.24889317936199937), (5, 0.34543335125904834)]
[(4, 0.2401656988537732), (6, 0.54322479891234943)]
[(3, 0.36037331848377036), (6, 0.28056983615247733)]
[(3, 0.48372032105646806), (6, 0.24262408923533671)]
[(1, 0.29214113067648401), (6, 0.35978951701664613)]
[(1, 0.64798511917856583)]
[(1, 0.56456256868224508)]
[(3, 0.6242634677722918), (4, 0.36678686985144832)]
[(1, 0.23404824044500006), (3, 0.23838537036333016), (6, 0.36898538619463483)]
[(6, 0.86248103399266984)]
[(2, 0.34521749894729964), (6, 0.51666804672088085)]
[(0, 0.39933827665678867), (2, 0.20775473059065119), (6, 0.2633002031516864)]
[(0, 0.41095580632734302), (4, 0.32122517372230353)]
[(4, 0.31414812318057272), (6, 0.38086088033208337)]
[(0, 0.43467284353738661), (6, 0.39576340197543686)]
[(6, 0.75171886529623333)]
[(2, 0.61166148634517314), (6, 0.24481240674850568)]
[(4, 0.58660885306625643), (6, 0.22784156478740397)]
[(4, 0.69775011448585489)]
[(4, 0.57494371903310171), (6, 0.23303553670435745)]
[(3, 0.24889336950255528), (5, 0.34543374448732933)]
[(4, 0.24015462943367225), (6, 0.54322636310881101)]
[(3, 0.36037293033488788), (6, 0.28057089662877083)]
[(3, 0.48372075105449092), (6, 0.2426240853526031)]
[(1, 0.2921337596420821), (6, 0.35978933846875299)]
[(1, 0.64798526868928497)]
[(1, 0.56456490044191809)]
[(3, 0.62426263103178237), (4, 0.36678770806359168)]
[(1, 0.23404941318018635), (3, 0.2383837077026662), (6, 0.36898463926080372)]
[(6, 0.86245167099984299)]
[(2, 0.34522700772206205), (6, 0.51667178356787036)]
[(0, 0.39942550286109552), (2, 0.20777720271531455), (6, 0.26347112521069044)]
[(0, 0.41096237428261878), (4, 0.32122559688356661)]
[(4, 0.3141430839853111), (6, 0.38086246320347339)]
[(0, 0.43467386092084553), (6, 0.39576115044772553)]
[(6, 0.75171777873847101)]
[(2, 0.61166328518315483), (6, 0.24480756955722546)]
[(4, 0.58660877600148564), (6, 0.22784119731025132)]
[(4, 0.69774574026470815)]
[(4, 0.57494409730161966), (6, 0.23303846610782397)]
[(3, 0.24889342459989358), (5, 0.34543299804350358)]
[(4, 0.24014312762234949), (6, 0.54322819087198815)]
[(3, 0.36037284339100517), (6, 0.28057418479798441)]
[(3, 0.48371901168266013), (6, 0.24262417955748217)]
[(1, 0.29214867115568016), (6, 0.35979397182749978)]
[(1, 0.647987299605567)]
[(1, 0.56456759008355173)]
[(3, 0.62426672754170476), (4, 0.36678323251021672)]
[(1, 0.23402435327975218), (3, 0.23844587558699845), (6, 0.3689420336787172)]
[(6, 0.86244989888789525)]
[(2, 0.34522532302183162), (6, 0.51667351381527649)]
[(0, 0.3994532160958908), (2, 0.20778437143957723), (6, 0.26352534848649961)]
[(0, 0.41095791144781829), (4, 0.32122451829810778)]
[(4, 0.31414412627478022), (6, 0.38086286740594871)]
[(0, 0.43467394510698892), (6, 0.39576077850458008)]
[(6, 0.75170877507046174)]
[(2, 0.61166427293113002), (6, 0.24481371399934668)]
[(4, 0.58660898179433685), (6, 0.22784225071425923)]
[(4, 0.69774801424169608)]
[(4, 0.57494548338156692), (6, 0.23303950540631951)]
[(3, 0.24889196314256531), (5, 0.34543376989760205)]
[(4, 0.24016477447458856), (6, 0.54322493176653353)]
[(3, 0.36037197756532441), (6, 0.28057258966894955)]
[(3, 0.48371976330175642), (6, 0.24262415042735599)]
[(1, 0.29215849817925305), (6, 0.35979098049177394)]
[(1, 0.64798788185067979)]
[(1, 0.56456541283709638)]
[(3, 0.62426743852102728), (4, 0.36678237606426611)]
[(1, 0.23404468845401413), (3, 0.23839265071147775), (6, 0.36898072889642408)]
[(6, 0.86245002528224279)]
[(2, 0.34522432614238596), (6, 0.51667186480331984)]
[(0, 0.3994872776778296), (2, 0.20779319949200736), (6, 0.26359193896397237)]
[(0, 0.41096349110505942), (4, 0.32122485922027649)]
[(4, 0.31414319220125453), (6, 0.38086121411429408)]
[(0, 0.43467269766037719), (6, 0.39576367900969489)]
[(6, 0.75170866215472243)]
[(2, 0.61166306857318853), (6, 0.24481253132172057)]
[(4, 0.5866090868050271), (6, 0.22784290557859183)]
[(4, 0.69774197996331744)]
[(4, 0.57494521657970477), (6, 0.23304006717323078)]
[(3, 0.24889244553419365), (5, 0.34543618004114929)]
[(4, 0.24015644344040021), (6, 0.5432260817362824)]
[(3, 0.36037185794824494), (6, 0.28057557954957224)]
[(3, 0.48371864681450721), (6, 0.2426241974565424)]
[(1, 0.29214465903410713), (6, 0.35979519247797237)]
[(1, 0.64798364035178335)]
[(1, 0.56456819646010004)]
[(3, 0.6242633480664268), (4, 0.36678697699084761)]
[(1, 0.23403588018267341), (3, 0.2384197482188383), (6, 0.36895756262234986)]
[(6, 0.86245868745862952)]
[(2, 0.34521823022691911), (6, 0.51666640721961277)]
[(0, 0.39934728701393413), (2, 0.2077570470300372), (6, 0.26331787776476917)]
[(0, 0.41096273718490123), (4, 0.32122493532117463)]
[(4, 0.31414370267946823), (6, 0.38086292832894914)]
[(0, 0.43467327897768077), (6, 0.39576223514236814)]
[(6, 0.75170945406806577)]
[(2, 0.61166482258838617), (6, 0.24481610514838656)]
[(4, 0.5866092305558247), (6, 0.22784405714477554)]
[(4, 0.69774287235657295)]
[(4, 0.57494506492805997), (6, 0.23303965051871131)]
[(3, 0.24889272110947411), (5, 0.34543529320230892)]
[(4, 0.24014049873583157), (6, 0.54322863359885698)]
[(3, 0.36037287932012668), (6, 0.28057864402407645)]
[(3, 0.48371961732113422), (6, 0.24262414711712563)]
[(1, 0.2921471475423944), (6, 0.35979485602151906)]
[(1, 0.64798833928918376)]
[(1, 0.56456630844416222)]
[(3, 0.62426796816713392), (4, 0.36678179570667241)]
[(1, 0.2340572579136011), (3, 0.23836597893945013), (6, 0.3689944174232464)]
[(6, 0.86248128227687582)]
[(2, 0.345226943618962), (6, 0.51667285978432353)]
[(0, 0.39934659482259616), (2, 0.20775686331411822), (6, 0.26331651855234944)]
[(0, 0.41095928338966775), (4, 0.32122637957450467)]
[(4, 0.31413709178975541), (6, 0.38087170416066757)]
[(0, 0.43467474914609766), (6, 0.39575910910992224)]
[(6, 0.7517099664650585)]
[(2, 0.61167515199345801), (6, 0.24482668771191848)]
[(4, 0.58660904290815119), (6, 0.22784261862975802)]
[(4, 0.6977455839239487)]
[(4, 0.57494572464357929), (6, 0.23304026394975008)]
[(3, 0.24889236879682419), (5, 0.34543686670713253)]
[(4, 0.24015381745019221), (6, 0.5432264698699476)]
[(3, 0.36037278906575465), (6, 0.28057398047980359)]
[(3, 0.48371964458906863), (6, 0.24262415255289282)]
[(1, 0.29214550285386487), (6, 0.35979888502604246)]
[(1, 0.647993069031919)]
[(1, 0.5645657790928682)]
[(1, 0.5714285637206431)]
