[(2, 0.57142854912866392)]
[(3, 0.66153981132737827), (4, 0.31373571865071609)]
[(3, 0.34766835796067858), (4, 0.20519271135435518), (6, 0.3072232616590293)]
[(6, 0.74725561564733911)]
[(2, 0.61198715048724561), (6, 0.30213594080793726)]
[(2, 0.42570733852648229), (6, 0.25525417611265883)]
[(0, 0.66726843304687489), (6, 0.25097013463528661)]
[(0, 0.46854007670083736), (4, 0.28301145348660861)]
[(4, 0.37688233817746453), (6, 0.42975647397649464)]
[(0, 0.35539558989304726), (6, 0.53899966080838524)]
[(0, 0.21128097717697225), (6, 0.60366092939647387)]
[(2, 0.30340909953292244), (4, 0.32969757319707654)]
[(4, 0.501208266318656), (6, 0.24207590856427066)]
[(4, 0.60214981937691514)]
[(4, 0.34551241990084075), (6, 0.32983022592150973)]
[(3, 0.23514070911346513), (5, 0.37253131763712349)]
[(6, 0.66353878486111073)]
[(2, 0.26015370060081011), (3, 0.27894303308345875), (6, 0.2943496130945113)]
[(3, 0.62104613634019901)]
[(3, 0.64446039885819961)]
[(6, 0.60759646300720704)]
[(3, 0.66154792099814486), (4, 0.31373040317220474)]
[(3, 0.3476639882266932), (4, 0.20519252645103159), (6, 0.30722434413777505)]
[(6, 0.74725608991575143)]
[(2, 0.6119899036183043), (6, 0.30213924066827574)]
[(2, 0.42569555648499341), (6, 0.25525006371159342)]
[(0, 0.66726915531899689), (6, 0.25097213250667805)]
[(0, 0.46853887329023408), (4, 0.28301036454684592)]
[(4, 0.37687084779992114), (6, 0.42975324318067659)]
[(0, 0.35539569174205798), (6, 0.53899984777452348)]
[(0, 0.21127387868929071), (6, 0.60362813618919187)]
[(2, 0.30340858879327237), (4, 0.3296974445061851)]
[(4, 0.50120937532650112), (6, 0.24207475604519849)]
[(4, 0.60213902522185891)]
[(4, 0.34551458965635223), (6, 0.32983688832121327)]
[(3, 0.23514259498283446), (5, 0.37252960082067166)]
[(6, 0.66354527798119733)]
[(2, 0.26015456476478138), (3, 0.27894366676081911), (6, 0.29434595553870485)]
[(3, 0.62103886778792872)]
[(3, 0.64445903215961309)]
[(6, 0.60759660204397803)]
[(3, 0.66155056995069372), (4, 0.31372882899063603)]
[(3, 0.34765486310901411), (4, 0.20519269564938378), (6, 0.30722779787891963)]
[(6, 0.74724957203221498)]
[(2, 0.61198027619902318), (6, 0.30213235967165469)]
[(2, 0.42566472591806342), (6, 0.25523914103353185)]
[(0, 0.66726774544235712), (6, 0.25096816685185575)]
[(0, 0.46853790260360062), (4, 0.28300938850840046)]
[(4, 0.37687681793483396), (6, 0.42975493826751759)]
[(0, 0.35539599077662659), (6, 0.5390003941305731)]
[(0, 0.21128682435290003), (6, 0.60368389474191531)]
[(2, 0.30340417020101662), (4, 0.3296904108755529)]
[(4, 0.50120811917217245), (6, 0.2420762196401377)]
[(4, 0.60214246077959299)]
[(4, 0.34551190824097644), (6, 0.3298327668236849)]
[(3, 0.23514124153896493), (5, 0.37252987075801902)]
[(6, 0.66354473964756722)]
[(2, 0.26015427276411551), (3, 0.27894384381388482), (6, 0.29434587967978026)]
[(3, 0.62103567284029937)]
[(3, 0.64445933403992084)]
[(6, 0.60759869830277413)]
[(3, 0.66154480493772605), (4, 0.31373266362975272)]
[(3, 0.34766631072551085), (4, 0.20519219247977913), (6, 0.30722370395560039)]
[(6, 0.74724937547754589)]
[(2, 0.6119716427869637), (6, 0.30212634219855561)]
[(2, 0.42566351077678716), (6, 0.25523876721347394)]
[(0, 0.66726019588608498), (6, 0.25094099731388714)]
[(0, 0.46853815457429543), (4, 0.28300960625729765)]
[(4, 0.37687987161296554), (6, 0.42975596848036202)]
[(0, 0.35539801806541355), (6, 0.53900430372325836)]
[(0, 0.21128473825243324), (6, 0.60367599562306362)]
[(2, 0.30340553999585085), (4, 0.32969277971020611)]
[(4, 0.5012083131432219), (6, 0.24207588055369991)]
[(4, 0.60214702203076298)]
[(4, 0.34552513314647171), (6, 0.3298542646490924)]
[(3, 0.23514170503989373), (5, 0.37253013163700371)]
[(6, 0.66353163579440755)]
[(2, 0.2601538863677339), (3, 0.27894293153447985), (6, 0.29434955794729267)]
[(3, 0.62103959517239604)]
[(3, 0.64445893135493015)]
[(6, 0.60759642058499863)]
[(3, 0.66154987009853994), (4, 0.31372911981476881)]
[(3, 0.34766297291708093), (4, 0.20519357028394314), (6, 0.30722530221458427)]
[(6, 0.7472541574114665)]
[(2, 0.61198580389758295), (6, 0.30213579537047791)]
[(2, 0.42566589480731853), (6, 0.25523958218784853)]
[(0, 0.66726881187321496), (6, 0.25097119077098612)]
[(0, 0.46854125726628476), (4, 0.28301256984630579)]
[(4, 0.37688751404821308), (6, 0.42975772339235491)]
[(0, 0.35539562468374836), (6, 0.53899972364222304)]
[(0, 0.21127215380513889), (6, 0.6036187443535721)]
[(2, 0.30340376555757842), (4, 0.32968992856825002)]
[(4, 0.5012084220830938), (6, 0.24207588239098615)]
[(4, 0.60213703182067579)]
[(4, 0.34550865891857846), (6, 0.32982647854976382)]
[(3, 0.23514148294981341), (5, 0.37253016059538629)]
[(6, 0.66354594338601525)]
[(2, 0.26015383092883898), (3, 0.27894260690950978), (6, 0.29434966310702448)]
[(3, 0.62104938379445207)]
[(3, 0.64445930579456079)]
[(6, 0.60759885758832011)]
[(3, 0.66155001067006092), (4, 0.31372942065761272)]
[(3, 0.3476662386149818), (4, 0.20519216628205453), (6, 0.30722363126791052)]
[(6, 0.74725544909594976)]
[(2, 0.61198116478863995), (6, 0.30213362755163259)]
[(2, 0.42567291876725072), (6, 0.25524210063570918)]
[(0, 0.66726759767075006), (6, 0.25096773720560239)]
[(0, 0.46853995390440401), (4, 0.28301132815865271)]
[(4, 0.37687575229229808), (6, 0.42975475320353024)]
[(0, 0.35539557252410525), (6, 0.53899961889912429)]
[(0, 0.21127327641979698), (6, 0.60362497064432741)]
[(2, 0.30341031674909108), (4, 0.32969910316010131)]
[(4, 0.50120885662057046), (6, 0.2420757240345949)]
[(4, 0.60214627613042138)]
[(4, 0.34550854905316941), (6, 0.32982771741434436)]
[(3, 0.2351431361652194), (5, 0.37252862244879265)]
[(6, 0.66354259698343909)]
[(2, 0.26015383868498421), (3, 0.27894314717159929), (6, 0.29434846741801513)]
[(3, 0.62105115850675907)]
[(3, 0.64445816645393394)]
[(6, 0.60759523994342268)]
[(3, 0.66154299572823316), (4, 0.31373417608114895)]
[(3, 0.34765903199176051), (4, 0.20519317941946907), (6, 0.30722644429278917)]
[(6, 0.74725006932498694)]
[(2, 0.61198773226350611), (6, 0.30213824230138747)]
[(2, 0.42570829287659906), (6, 0.25525462052397457)]
[(0, 0.66726665632202731), (6, 0.25096491428259288)]
[(0, 0.46853868921069375), (4, 0.28301009981039327)]
[(4, 0.37687080584038385), (6, 0.42975308802514672)]
[(0, 0.35539687401536818), (6, 0.53900204326461321)]
[(0, 0.21128562579328078), (6, 0.60367939604990584)]
[(2, 0.30340982217618201), (4, 0.32969856607201153)]
[(4, 0.50120771185424362), (6, 0.24207655715150395)]
[(4, 0.60214824864142968)]
[(4, 0.34551099179517608), (6, 0.32984065751093811)]
[(3, 0.23514172287684612), (5, 0.37253085190152946)]
[(6, 0.66353593542201095)]
[(2, 0.26015418296454729), (3, 0.27894247699744007), (6, 0.29434942435562)]
[(3, 0.62103321751595963)]
[(3, 0.64445888460153666)]
[(6, 0.60759540021159864)]
[(3, 0.66154495087796483), (4, 0.31373289905983603)]
[(3, 0.34766390171776818), (4, 0.20519223614609461), (6, 0.30722533124160623)]
[(6, 0.74725583308409627)]
[(2, 0.61196928674049156), (6, 0.30212456245448804)]
[(2, 0.42568099533932463), (6, 0.25524493845937984)]
[(0, 0.66726798531492404), (6, 0.25096886082079811)]
[(0, 0.46853739079524059), (4, 0.28300894556654455)]
[(4, 0.37688801803124505), (6, 0.42975726114624935)]
[(0, 0.35539802041251323), (6, 0.5390043091659168)]
[(0, 0.21128227541833922), (6, 0.60366626925997713)]
[(2, 0.30340258352441185), (4, 0.32968824988444678)]
[(4, 0.50120862783308739), (6, 0.24207527398674245)]
[(4, 0.60214294688093206)]
[(4, 0.34551281994721422), (6, 0.32984367823557292)]
[(3, 0.23514158679962971), (5, 0.37252956292526734)]
[(6, 0.66354188548576698)]
[(2, 0.26015500193680846), (3, 0.27894379643162426), (6, 0.29434451939155054)]
[(3, 0.62103606648555665)]
[(3, 0.64445909078764996)]
[(6, 0.60759816640340114)]
[(3, 0.66154520379879789), (4, 0.31373253549324059)]
[(3, 0.34765962689565849), (4, 0.2051902851210346), (6, 0.30722644594242271)]
[(6, 0.74725316521445861)]
[(2, 0.61198151219756203), (6, 0.30213350973364955)]
[(2, 0.42568333674316455), (6, 0.25524561540686086)]
[(0, 0.66726585372146796), (6, 0.25096239926050412)]
[(0, 0.46854188399777968), (4, 0.28301318273878018)]
[(4, 0.37687724643486031), (6, 0.42975542613808987)]
[(0, 0.35539625518009765), (6, 0.5390008745667938)]
[(0, 0.21127171402829747), (6, 0.60361618817990548)]
[(2, 0.30340893977993449), (4, 0.32969701940974544)]
[(4, 0.50120820369213126), (6, 0.24207578941245414)]
[(4, 0.60214668529601256)]
[(4, 0.34550850064661859), (6, 0.32982718061234084)]
[(3, 0.23514272743461281), (5, 0.37252855206064239)]
[(6, 0.66353832369242971)]
[(2, 0.26015438747522834), (3, 0.27894419477073656), (6, 0.29434510016435989)]
[(3, 0.6210379017656783)]
[(3, 0.64445893693813749)]
[(6, 0.60759299130448796)]
[(3, 0.66154539000313883), (4, 0.31373164880142179)]
[(3, 0.34765714487647759), (4, 0.20519388832979996), (6, 0.30722711538151182)]
[(6, 0.74725033165187316)]
[(2, 0.6119936635373453), (6, 0.30214176048366786)]
[(2, 0.4256825655064182), (6, 0.25524547401446529)]
[(0, 0.66726706531779534), (6, 0.25096615716857634)]
[(0, 0.46853734791300883), (4, 0.28300885198449766)]
[(4, 0.37688637910307243), (6, 0.42975671212627592)]
[(0, 0.35539642267013821), (6, 0.53900120068427049)]
[(0, 0.21128377193611256), (6, 0.60367223765418421)]
[(2, 0.30340322106376838), (4, 0.32968882998594728)]
[(4, 0.50120875880993421), (6, 0.24207566697469163)]
[(4, 0.60216096316166368)]
[(4, 0.34550720984491845), (6, 0.32983390996943723)]
[(3, 0.23514152295068397), (5, 0.37253091431157548)]
[(6, 0.66354484729606411)]
[(2, 0.26015450664964052), (3, 0.27894533399892152), (6, 0.29434194038286027)]
[(3, 0.62104244079579074)]
[(3, 0.64446026094965203)]
[(6, 0.60759200350773968)]
[(3, 0.66154384025910429), (4, 0.31373305814378544)]
[(3, 0.34767001361545852), (4, 0.2051925606635642), (6, 0.30722185939994601)]
[(6, 0.74725565394955429)]
[(2, 0.61199655623628402), (6, 0.3021433043050179)]
[(2, 0.42567682519125699), (6, 0.25524341221550173)]
[(0, 0.66726671064535392), (6, 0.25096508268594531)]
[(0, 0.46854008984024997), (4, 0.28301142711001309)]
[(4, 0.37687114717779496), (6, 0.42975346703289991)]
[(0, 0.35539786593051342), (6, 0.53900400426107753)]
[(0, 0.211280324739472), (6, 0.60365819113967378)]
[(2, 0.30340661887684311), (4, 0.32969305268628246)]
[(4, 0.50120833909871609), (6, 0.24207583018556258)]
[(4, 0.60214149281614537)]
[(4, 0.34551907797908238), (6, 0.32984064965534288)]
[(3, 0.2351420812134703), (5, 0.37253060594706472)]
[(6, 0.66353126916394722)]
[(2, 0.26015383944633935), (3, 0.27894136656985646), (6, 0.29435339357200946)]
[(3, 0.62103832500612921)]
[(3, 0.64445954921526305)]
[(6, 0.60759538568355043)]
[(3, 0.66155027079043338), (4, 0.31372905994615274)]
[(3, 0.3476627599972148), (4, 0.20519259707764254), (6, 0.30722509326775266)]
[(6, 0.74724780183231176)]
[(2, 0.6119882990387806), (6, 0.30213793543484108)]
[(2, 0.42566137392951747), (6, 0.25523794040612896)]
[(0, 0.66726312811883215), (6, 0.2509529838316289)]
[(0, 0.46854015057047321), (4, 0.28301151364614918)]
[(4, 0.37687120409275754), (6, 0.42975348681783859)]
[(0, 0.35539628323820227), (6, 0.53900092925132503)]
[(0, 0.21128632492073887), (6, 0.60368203297514456)]
[(2, 0.30341042316583899), (4, 0.32969923283784969)]
[(4, 0.50120816465629758), (6, 0.24207607171898968)]
[(4, 0.602140836824408)]
[(4, 0.3455125824756986), (6, 0.32984150118831079)]
[(3, 0.23514216179771921), (5, 0.37252913752005518)]
[(6, 0.66354172400964795)]
[(2, 0.26015406040408479), (3, 0.27894394371272607), (6, 0.29434583736324821)]
[(3, 0.62103841782022873)]
[(3, 0.6444588310189191)]
[(6, 0.60759554062757504)]
[(3, 0.66154823649785521), (4, 0.31373071170820033)]
[(3, 0.34765828215882416), (4, 0.20519296829338424), (6, 0.3072271340384109)]
[(6, 0.7472558878885458)]
[(2, 0.61197888251015076), (6, 0.30213147488199954)]
[(2, 0.42566851757622376), (6, 0.25524048318432624)]
[(0, 0.66726592544899144), (6, 0.25096262831304417)]
[(0, 0.46853932697661915), (4, 0.28301063521961645)]
[(4, 0.37688388812382545), (6, 0.42975700943584544)]
[(0, 0.35539604714879874), (6, 0.53900049099826131)]
[(0, 0.21128226798949606), (6, 0.6036662379476504)]
[(2, 0.30340982326313481), (4, 0.32969865258057596)]
[(4, 0.5012085965023525), (6, 0.24207582951789144)]
[(4, 0.60214565333719827)]
[(4, 0.34551568632136331), (6, 0.3298461153815912)]
[(3, 0.23514131440943892), (5, 0.37253032907663308)]
[(6, 0.66354342565578606)]
[(2, 0.26015356328619227), (3, 0.27894268940393746), (6, 0.29435004893029798)]
[(3, 0.62103469479566109)]
[(3, 0.64445977961686562)]
[(6, 0.6075927807395799)]
[(3, 0.66155035739378287), (4, 0.31372901756740151)]
[(3, 0.34765777991502833), (4, 0.20519313423143379), (6, 0.30722733391613294)]
[(6, 0.74724871356350298)]
[(2, 0.61199014095640603), (6, 0.3021397881668923)]
[(2, 0.42568695129447465), (6, 0.25524703357603051)]
[(0, 0.6672670703493887), (6, 0.25096617176271357)]
[(0, 0.46853692675255454), (4, 0.28300847663920847)]
[(4, 0.37688431076697676), (6, 0.42975616607517991)]
[(0, 0.35539589190369864), (6, 0.53900020578164298)]
[(0, 0.21127595734155102), (6, 0.60363854301331565)]
[(2, 0.30340448126039865), (4, 0.32969083780111136)]
[(4, 0.501208421998658), (6, 0.24207593523939072)]
[(4, 0.60214317344793777)]
[(4, 0.34551821780089187), (6, 0.32984423290832809)]
[(3, 0.23514199055399054), (5, 0.37252853480434189)]
[(6, 0.66354175712069707)]
[(2, 0.26015364884994313), (3, 0.27894352116962445), (6, 0.29434816898532307)]
[(3, 0.62103985419108099)]
[(3, 0.64445905767794165)]
[(6, 0.60759780442732614)]
[(3, 0.66154696898944321), (4, 0.31373157983927985)]
[(3, 0.34766937056365183), (4, 0.20519184220968539), (6, 0.30722180820157335)]
[(6, 0.74725398430235912)]
[(2, 0.61197328681649865), (6, 0.30212740054785975)]
[(2, 0.42568042478817103), (6, 0.25524472962448785)]
[(0, 0.66726728718690809), (6, 0.25096681989924779)]
[(0, 0.46853590264197542), (4, 0.28300752345009111)]
[(4, 0.3768775279173352), (6, 0.42975762161525943)]
[(0, 0.35539805797655422), (6, 0.53900438548104856)]
[(0, 0.21127347859034964), (6, 0.60362602306468049)]
[(2, 0.30340476240354547), (4, 0.32969084453194397)]
[(4, 0.50120889325019324), (6, 0.24207489953145386)]
[(4, 0.60214492599401037)]
[(4, 0.34551292856317978), (6, 0.32984227521929621)]
[(3, 0.23514190641926522), (5, 0.3725296828565639)]
[(6, 0.66354387025401673)]
[(2, 0.26015422242671737), (3, 0.27894339072984037), (6, 0.29434698141845073)]
[(3, 0.62104436054653822)]
[(3, 0.64445940964119008)]
[(6, 0.60759530645150961)]
[(3, 0.66154571614279334), (4, 0.31373275931741529)]
[(3, 0.34766748242514767), (4, 0.20519200399614995), (6, 0.30722313390912614)]
[(6, 0.74725218932185566)]
[(2, 0.61198290903191743), (6, 0.30213425430448521)]
[(2, 0.42569081844289003), (6, 0.25524842263337594)]
[(0, 0.66726425469474371), (6, 0.25095705342454128)]
[(0, 0.46853791218147955), (4, 0.28300936500452978)]
[(4, 0.37688704036399712), (6, 0.42975763692848024)]
[(0, 0.3553958122020045), (6, 0.53900006660483979)]
[(0, 0.2112718601582054), (6, 0.60361704660632243)]
[(2, 0.30340900820887579), (4, 0.32969788150441709)]
[(4, 0.50120767103143504), (6, 0.2420762019191684)]
[(4, 0.60215225916812953)]
[(4, 0.34551838058367307), (6, 0.32984259270713695)]
[(3, 0.2351425346069542), (5, 0.37252890303637459)]
[(6, 0.66354665203413399)]
[(2, 0.26015326440818465), (3, 0.27894197757389905), (6, 0.29435181544629524)]
[(3, 0.62103189392704283)]
[(3, 0.64445954065874)]
[(6, 0.60759648664433175)]
[(3, 0.6615413243039896), (4, 0.31373526507912008)]
[(3, 0.34766528792845247), (4, 0.20519250538916745), (6, 0.30722441427769542)]
[(6, 0.74725054398327817)]
[(2, 0.61198141113946269), (6, 0.3021329899920257)]
[(2, 0.42566530115486367), (6, 0.25523938808694657)]
[(0, 0.66726480163098068), (6, 0.25095893386159901)]
[(0, 0.46853781570814512), (4, 0.28300930385993123)]
[(4, 0.37687569103248131), (6, 0.42975468834050162)]
[(0, 0.35539615655347379), (6, 0.53900069353034696)]
[(0, 0.21127321706668253), (6, 0.60362465205202198)]
[(2, 0.30340718955147805), (4, 0.32969419941322287)]
[(4, 0.50120818503324438), (6, 0.24207634565801942)]
[(4, 0.60214949110936256)]
[(4, 0.34550899413992581), (6, 0.32983818340645876)]
[(3, 0.2351419174668051), (5, 0.3725287415275314)]
[(6, 0.66353059290668148)]
[(2, 0.26015366039855287), (3, 0.27894262154678978), (6, 0.29435009640752519)]
[(3, 0.62103944671856559)]
[(3, 0.64445930799715911)]
[(6, 0.60759588271017839)]
[(3, 0.66154732791999427), (4, 0.31373142677582733)]
[(3, 0.34766367552760807), (4, 0.20519309573085773), (6, 0.30722482439263232)]
[(6, 0.74725452684362459)]
[(2, 0.6119820203405818), (6, 0.30213403050050874)]
[(2, 0.4257090645530936), (6, 0.25525485976320139)]
[(0, 0.66726496469502061), (6, 0.25095948830637654)]
[(0, 0.46854072052153595), (4, 0.28301203681815751)]
[(4, 0.37687804167093164), (6, 0.42975540173112559)]
[(0, 0.35539678702805227), (6, 0.53900188213164846)]
[(0, 0.21127153075508084), (6, 0.60361509946903225)]
[(2, 0.3034074380996693), (4, 0.32969435099064787)]
[(4, 0.50120905374926361), (6, 0.24207467094712767)]
[(4, 0.60214114589168277)]
[(4, 0.34551325451641202), (6, 0.32983481421207561)]
[(3, 0.23514230987174836), (5, 0.37252811860658869)]
[(6, 0.66352680470926861)]
[(2, 0.26015432310112124), (3, 0.27894261311914859), (6, 0.29434875657858983)]
[(3, 0.62103664252026336)]
[(3, 0.6444590336967515)]
[(6, 0.60759206581913117)]
[(3, 0.6615471819870844), (4, 0.31373066425547347)]
[(3, 0.3476666469938744), (4, 0.20519291583576649), (6, 0.3072232418611715)]
[(6, 0.74725550434221366)]
[(2, 0.61199618479090656), (6, 0.30214373481643436)]
[(2, 0.42567624768614803), (6, 0.25524309847888677)]
[(0, 0.66726868054920219), (6, 0.25097082580333063)]
[(0, 0.46853767780709998), (4, 0.28300917476767384)]
[(4, 0.37687683872296779), (6, 0.42975486628068477)]
[(0, 0.35539602870197223), (6, 0.53900045589635315)]
[(0, 0.21127883224265986), (6, 0.60365174912168362)]
[(2, 0.30340727232472658), (4, 0.32969560816984855)]
[(4, 0.50120805211432407), (6, 0.24207597909025103)]
[(4, 0.60214503753588622)]
[(4, 0.34550748937434661), (6, 0.3298266170621027)]
[(3, 0.2351421637519748), (5, 0.37252820223679867)]
[(6, 0.66353975332116233)]
[(2, 0.26015448331475288), (3, 0.27894436875100387), (6, 0.29434349303516738)]
[(3, 0.62104601218272915)]
[(3, 0.64445884915066509)]
[(6, 0.60759674815371345)]
[(3, 0.661551419562045), (4, 0.31372765292785243)]
[(3, 0.34766649642747599), (4, 0.20519198638973438), (6, 0.30722345855499034)]
[(6, 0.74725226066129835)]
[(2, 0.61196928734388079), (6, 0.30212481776806416)]
[(2, 0.42566908320447716), (6, 0.25524072412768178)]
[(0, 0.66726846823614827), (6, 0.25097023305825894)]
[(0, 0.46854017974060774), (4, 0.28301157835247492)]
[(4, 0.37688141929388957), (6, 0.42975628984485353)]
[(0, 0.35539805143654335), (6, 0.539004377194369)]
[(0, 0.21127184571398056), (6, 0.60361695994460207)]
[(2, 0.3034105508729128), (4, 0.32969961809960585)]
[(4, 0.50120914327222499), (6, 0.24207500967669365)]
[(4, 0.60214611453517264)]
[(4, 0.34551688928752067), (6, 0.32983904163889388)]
[(3, 0.23514296931459275), (5, 0.37252799599897696)]
[(6, 0.66354527397209906)]
[(2, 0.26015405238316108), (3, 0.27894308927179523), (6, 0.2943483268798483)]
[(3, 0.62103438213483608)]
[(3, 0.644458176879245)]
[(6, 0.60759669534294058)]
[(3, 0.66154878672177997), (4, 0.31373020332688945)]
[(3, 0.34766634183794914), (4, 0.20519254024135686), (6, 0.30722351697458555)]
[(6, 0.74724792352781422)]
[(2, 0.61199216796742839), (6, 0.3021413191929993)]
[(2, 0.4256806281448115), (6, 0.25524480404094924)]
[(0, 0.66726921854631605), (6, 0.25097230472609011)]
[(0, 0.46853568528336431), (4, 0.28300733737769429)]
[(4, 0.37688453247513765), (6, 0.42975698544397273)]
[(0, 0.35539573315762729), (6, 0.5389999279592993)]
[(0, 0.21127178298504445), (6, 0.60361659298612202)]
[(2, 0.30340916991870082), (4, 0.3296974149877836)]
[(4, 0.5012083666544408), (6, 0.24207567654866491)]
[(4, 0.60214836772669966)]
[(4, 0.34552174296146593), (6, 0.32984601853195544)]
[(3, 0.2351424158038618), (5, 0.37252787837482104)]
[(6, 0.66354356238748557)]
[(2, 0.2601535478741574), (3, 0.27894304919967672), (6, 0.29434909856948804)]
[(3, 0.62104371925510071)]
[(3, 0.64445986179570725)]
[(6, 0.60759410357998744)]
[(3, 0.66154962705887699), (4, 0.31372967029529125)]
[(3, 0.3476677312286508), (4, 0.20519211154388256), (6, 0.30722332811785397)]
[(6, 0.74725530844411736)]
[(2, 0.61196862121596907), (6, 0.30212408818542885)]
[(2, 0.42567747125790284), (6, 0.25524371000261814)]
[(0, 0.66726896041478534), (6, 0.25097159915090106)]
[(0, 0.46853547789865535), (4, 0.28300709939525898)]
[(4, 0.37687074050276764), (6, 0.42975339836277687)]
[(0, 0.35539603576826434), (6, 0.53900046074399399)]
[(0, 0.21128077678629043), (6, 0.60366009754787653)]
[(2, 0.30340542046271018), (4, 0.32969219342770523)]
[(4, 0.50120820355231799), (6, 0.24207625023581444)]
[(4, 0.60214521358074702)]
[(4, 0.34550883964678042), (6, 0.32983570548735353)]
[(3, 0.23514203645683673), (5, 0.37252980759500981)]
[(6, 0.66353432600206652)]
[(2, 0.26015439519547973), (3, 0.27894106540851926), (6, 0.29435213907917035)]
[(3, 0.62104006093463904)]
[(3, 0.64446085225095606)]
[(6, 0.60759761661781364)]
[(3, 0.66154597286619177), (4, 0.3137321348558571)]
[(3, 0.34765923745519534), (4, 0.20519315635165508), (6, 0.30722604726844849)]
[(6, 0.74724940654800798)]
[(2, 0.61197889237897363), (6, 0.30213175152693605)]
[(2, 0.4257044847163346), (6, 0.25525323860068272)]
[(0, 0.66726768093603461), (6, 0.25096798024458267)]
[(0, 0.46853711126998193), (4, 0.28300863765061335)]
[(4, 0.37687558273579214), (6, 0.4297546309943665)]
[(0, 0.35539665761749129), (6, 0.53900162800433271)]
[(0, 0.21128642550646512), (6, 0.60368240735367218)]
[(2, 0.30340966060283686), (4, 0.32969932806054791)]
[(4, 0.50120832258372472), (6, 0.24207621384429562)]
[(4, 0.60214479255242093)]
[(4, 0.34551039328771627), (6, 0.3298296223571755)]
[(3, 0.23514134938374734), (5, 0.37253022928247798)]
[(6, 0.66353501602659404)]
[(2, 0.26015412029444007), (3, 0.2789431643895347), (6, 0.29434814702771356)]
[(3, 0.62104642051317105)]
[(3, 0.64446037656807664)]
[(6, 0.60759476186794692)]
[(3, 0.66155049171710267), (4, 0.31372895679533436)]
[(3, 0.34766681860746212), (4, 0.20519341396512897), (6, 0.30722306419608536)]
[(6, 0.7472471193786987)]
[(2, 0.61196779017311287), (6, 0.3021235266014321)]
[(2, 0.42569474104131239), (6, 0.25524981593697837)]
[(0, 0.66726680113084491), (6, 0.25096535754098687)]
[(0, 0.46853790811995882), (4, 0.28300937591412406)]
[(4, 0.37687748050575531), (6, 0.42975562964082131)]
[(0, 0.35539556559908109), (6, 0.53899961232667926)]
[(0, 0.21127154441983828), (6, 0.60361518177560747)]
[(2, 0.30341048776638035), (4, 0.32969962081986676)]
[(4, 0.50120901373953142), (6, 0.2420751553756256)]
[(4, 0.60214572380675435)]
[(4, 0.345509857662955), (6, 0.32983769322123013)]
[(3, 0.2351409841773075), (5, 0.37253030432883144)]
[(6, 0.66353325800914853)]
[(2, 0.26015401596449428), (3, 0.27894315498234884), (6, 0.29434781223978806)]
[(3, 0.62104392243493167)]
[(3, 0.64445925766098167)]
[(6, 0.60759554853037745)]
[(3, 0.66155064463714108), (4, 0.31372881212743253)]
[(3, 0.34766536753924127), (4, 0.20519264846971638), (6, 0.30722416592733626)]
[(6, 0.74724937391962232)]
[(2, 0.6119733983374982), (6, 0.30212796520057489)]
[(2, 0.42567465803477589), (6, 0.25524271974177398)]
[(0, 0.66726105509449007), (6, 0.25094473177232568)]
[(0, 0.46853914758246373), (4, 0.28301050362884644)]
[(4, 0.37687165907216919), (6, 0.42975419810593207)]
[(0, 0.35539604661928409), (6, 0.53900050014675727)]
[(0, 0.21127236649901934), (6, 0.60361995497586041)]
[(2, 0.30340221310581023), (4, 0.32968734574503122)]
[(4, 0.5012083638674294), (6, 0.24207579404294902)]
[(4, 0.60214558018287789)]
[(4, 0.34551697175775431), (6, 0.32983940373398313)]
[(3, 0.2351422271771012), (5, 0.37252873796799918)]
[(6, 0.66352948333431938)]
[(2, 0.2601545517143849), (3, 0.27894426819268159), (6, 0.29434403404006482)]
[(3, 0.62104152021389991)]
[(3, 0.64445940213204145)]
[(6, 0.60759736843287637)]
[(3, 0.66155072960778549), (4, 0.31372869270733283)]
[(3, 0.34766461466192222), (4, 0.20519235031643338), (6, 0.30722449146345443)]
[(6, 0.74724877206682028)]
[(2, 0.6119838768014475), (6, 0.30213525149463211)]
[(2, 0.42565952013259206), (6, 0.25523731697804181)]
[(0, 0.66726217469308413), (6, 0.2509493187342961)]
[(0, 0.46853687727957483), (4, 0.28300846748902592)]
[(4, 0.37687156859756271), (6, 0.42975671464364074)]
[(0, 0.35539609476522144), (6, 0.53900057239094767)]
[(0, 0.21127803865476244), (6, 0.60364821389151679)]
[(2, 0.30340616919253316), (4, 0.32969371066597769)]
[(4, 0.5012093939421729), (6, 0.24207441149504716)]
[(4, 0.60214157087827214)]
[(4, 0.34551678167457528), (6, 0.32984325794039143)]
[(3, 0.23514271036983239), (5, 0.37252954437952296)]
[(6, 0.66354755785889119)]
[(2, 0.26015433287511575), (3, 0.27894184220291218), (6, 0.29435154618016679)]
[(3, 0.62104081365529085)]
[(3, 0.64445798588306591)]
[(6, 0.60759405318193194)]
[(3, 0.66154769224851351), (4, 0.31373116660933542)]
[(3, 0.34766147728536068), (4, 0.20519295863787756), (6, 0.30722511148842463)]
[(6, 0.74724820381576329)]
[(2, 0.61199816882057523), (6, 0.30214479192149873)]
[(2, 0.42566395582122007), (6, 0.255238889015801)]
[(0, 0.66726367707775491), (6, 0.25095499721245917)]
[(0, 0.46854555972900236), (4, 0.28301675077489896)]
[(4, 0.37687229984300491), (6, 0.42975574952663448)]
[(0, 0.35539570580806124), (6, 0.53899987645515268)]
[(0, 0.21127695235930713), (6, 0.60364324454806684)]
[(2, 0.30340879478484872), (4, 0.32969687876740189)]
[(4, 0.50120829307658266), (6, 0.24207606336454543)]
[(4, 0.60215186869391346)]
[(4, 0.34551214066260577), (6, 0.32984329760304021)]
[(3, 0.23514202077420152), (5, 0.37253115633130579)]
[(6, 0.66352565866925284)]
[(2, 0.26015411208619449), (3, 0.27894367414491938), (6, 0.29434710109516027)]
[(3, 0.62104392779880313)]
[(3, 0.6444605974554718)]
[(6, 0.607593915946254)]
[(3, 0.66154904953059246), (4, 0.31373010419118286)]
[(3, 0.34765677533678202), (4, 0.20519279910095253), (6, 0.30722655641403185)]
[(6, 0.74725048027806662)]
[(2, 0.61198776564434776), (6, 0.30213716416461683)]
[(2, 0.42570806155440089), (6, 0.25525452999159914)]
[(0, 0.66726653991527463), (6, 0.25096455758073999)]
[(0, 0.46853911603827447), (4, 0.28301041571884777)]
[(4, 0.37688791416100031), (6, 0.42975771061229534)]
[(0, 0.35539804765875244), (6, 0.53900436675327801)]
[(0, 0.21128282458677225), (6, 0.60366847791697464)]
[(2, 0.30340495370789577), (4, 0.32969166518858595)]
[(4, 0.50120892094611447), (6, 0.24207529593159835)]
[(4, 0.60216266370464333)]
[(4, 0.34551247720188516), (6, 0.32983406050252645)]
[(3, 0.23514245196111108), (5, 0.37252972061130185)]
[(6, 0.66354672256017821)]
[(2, 0.26015412329208332), (3, 0.2789419842253118), (6, 0.29435173605546461)]
[(3, 0.62104078254642925)]
[(3, 0.64445898413352243)]
[(6, 0.60759618681287852)]
[(3, 0.66154572953189339), (4, 0.31373231695968296)]
[(3, 0.34766772791544931), (4, 0.20519220037068409), (6, 0.30722293381910043)]
[(6, 0.74725239506457453)]
[(2, 0.61198021484837972), (6, 0.30213264592318045)]
[(2, 0.42570853126617625), (6, 0.25525471278690509)]
[(0, 0.66726390055851903), (6, 0.25095580489034153)]
[(0, 0.46853864816739177), (4, 0.28301002066503189)]
[(4, 0.37688072628991104), (6, 0.42975615544611767)]
[(0, 0.35539687690300725), (6, 0.53900205685032898)]
[(0, 0.21128362101176121), (6, 0.60367164329732448)]
[(2, 0.30340353240406742), (4, 0.32968918639693162)]
[(4, 0.50120807348641649), (6, 0.2420760831302731)]
[(4, 0.6021419092608068)]
[(4, 0.34551076284579352), (6, 0.32983263787405698)]
[(3, 0.23514196190196832), (5, 0.37253004701372289)]
[(6, 0.66354298229774733)]
[(2, 0.26015377681824631), (3, 0.27894388002597603), (6, 0.29434597080575314)]
[(3, 0.6210391603880826)]
[(3, 0.64445935690129785)]
[(6, 0.60759901924935922)]
[(3, 0.66155073773605355), (4, 0.31372830566906218)]
[(3, 0.34766599286559025), (4, 0.20519398291917784), (6, 0.30722404577909357)]
[(6, 0.74725539376636219)]
[(2, 0.61197463707407762), (6, 0.30212869257481628)]
[(2, 0.42570907099796268), (6, 0.25525487032160188)]
[(0, 0.66726025703267422), (6, 0.25094126777737413)]
[(0, 0.46853731599558757), (4, 0.28300882176136966)]
[(4, 0.37687703978415826), (6, 0.42975477965280856)]
[(0, 0.35539562490929627), (6, 0.53899972497588911)]
[(0, 0.21127278669244609), (6, 0.60362230411543749)]
[(2, 0.30340665531689442), (4, 0.32969457561627102)]
[(4, 0.50120808015065454), (6, 0.24207605610361627)]
[(4, 0.60213957619294767)]
[(4, 0.34551190297880241), (6, 0.32984289834314195)]
[(3, 0.23514298307575579), (5, 0.37252648878818312)]
[(6, 0.6635352729291768)]
[(2, 0.26015365123396461), (3, 0.27894319445609356), (6, 0.29434853387485604)]
[(3, 0.6210326528069221)]
[(3, 0.64446049696479235)]
[(6, 0.60759379472464825)]
[(3, 0.66154565611915694), (4, 0.31373274162637921)]
[(3, 0.34766013728599832), (4, 0.20519252807354393), (6, 0.30722613235790913)]
[(6, 0.74725555760041773)]
[(2, 0.61199515955476413), (6, 0.30214282864484743)]
[(2, 0.4257013800022128), (6, 0.25525216725190447)]
[(0, 0.66726901589815146), (6, 0.25097175098373398)]
[(0, 0.46853795660331032), (4, 0.28300940747576359)]
[(4, 0.37687787691563518), (6, 0.42975543584773646)]
[(0, 0.35539583195668734), (6, 0.53900009396511672)]
[(0, 0.21127973046872212), (6, 0.60365564772536795)]
[(2, 0.30340640135564251), (4, 0.32969397370806564)]
[(4, 0.50120810595412946), (6, 0.24207592281547269)]
[(4, 0.60214042184077576)]
[(4, 0.34551495908564983), (6, 0.32983744785813246)]
[(3, 0.23514142673323091), (5, 0.3725310451156178)]
[(6, 0.66354030101552586)]
[(2, 0.26015439759344255), (3, 0.27894340662027911), (6, 0.29434744351424563)]
[(3, 0.62104091185141386)]
[(3, 0.64445964094585073)]
[(6, 0.60759262298018213)]
[(3, 0.66154104450957041), (4, 0.31373417111718771)]
[(3, 0.34766476612351477), (4, 0.20519257332283669), (6, 0.30722391279585581)]
[(6, 0.74725356204949167)]
[(2, 0.61199830831873381), (6, 0.30214436601477462)]
[(2, 0.42566004642242633), (6, 0.25523751515380738)]
[(0, 0.66726787145512534), (6, 0.25096853286348608)]
[(0, 0.46853708355457502), (4, 0.28300867184850131)]
[(4, 0.37687705825246548), (6, 0.42975490461035548)]
[(0, 0.35539687892461586), (6, 0.53900205563086723)]
[(0, 0.21127687609049459), (6, 0.60364289366909307)]
[(2, 0.30340610615175512), (4, 0.32969402287580624)]
[(4, 0.50120847680790148), (6, 0.24207571806956943)]
[(4, 0.60214866248435384)]
[(4, 0.34551194892804377), (6, 0.32983966317522206)]
[(3, 0.23514173224170407), (5, 0.37252982758115649)]
[(6, 0.66353678320227227)]
[(2, 0.26015428732791762), (3, 0.27894410835426398), (6, 0.29434527053844589)]
[(3, 0.62103743892006846)]
[(3, 0.64445934734348964)]
[(6, 0.60759279813308875)]
[(3, 0.6615437999492898), (4, 0.31373414749907391)]
[(3, 0.34765942733030408), (4, 0.20519312023694802), (6, 0.30722648477668979)]
[(6, 0.74724858730829191)]
[(2, 0.61198048537001115), (6, 0.30213274051720446)]
[(2, 0.42569442252858525), (6, 0.25524968647175034)]
[(0, 0.66726790240564515), (6, 0.25096862169497186)]
[(0, 0.46853853801646422), (4, 0.28300995998556866)]
[(4, 0.37687810883187539), (6, 0.42975516545750114)]
[(0, 0.35539629773700432), (6, 0.53900095091813238)]
[(0, 0.21128142234434455), (6, 0.60366277937658019)]
[(2, 0.30340329543561978), (4, 0.32968893970295127)]
[(4, 0.50120848190351419), (6, 0.24207558757388098)]
[(4, 0.60214250514890422)]
[(4, 0.34551468951179598), (6, 0.32983709727620153)]
[(3, 0.23514205353977363), (5, 0.37252916743415077)]
[(6, 0.66354084648528888)]
[(2, 0.2601540691168055), (3, 0.27894160457616529), (6, 0.29435165290912818)]
[(3, 0.62105881975438526)]
[(3, 0.64446001191379887)]
[(6, 0.60759488114553362)]
[(3, 0.66154799208416204), (4, 0.31373078064605647)]
[(3, 0.34766103812069149), (4, 0.20519275658434316), (6, 0.3072259759429356)]
[(6, 0.74724832087234028)]
[(2, 0.61197622277564212), (6, 0.30212964729803243)]
[(2, 0.42568547518199412), (6, 0.25524640377887564)]
[(0, 0.66726337228368926), (6, 0.25095388613434477)]
[(0, 0.46853931794704917), (4, 0.28301067264264701)]
[(4, 0.3768814780800212), (6, 0.42975636310751042)]
[(0, 0.35539607682666385), (6, 0.5390005502118278)]
[(0, 0.21128295854298104), (6, 0.60366901424244446)]
[(2, 0.30340234725200227), (4, 0.32968755773203701)]
[(4, 0.50120951310822193), (6, 0.24207425778403399)]
[(4, 0.60214302996842917)]
[(4, 0.34551464510446023), (6, 0.32983731295683988)]
[(3, 0.23514143502880419), (5, 0.37253017757369639)]
[(6, 0.66354169918286554)]
[(2, 0.26015336262532962), (3, 0.27894194804886308), (6, 0.29435256533152804)]
[(3, 0.62104239499476843)]
[(3, 0.64445878711204863)]
[(6, 0.60759645645042248)]
[(3, 0.66154382872402551), (4, 0.3137332156780665)]
[(3, 0.34767086573063988), (4, 0.20519227213328059), (6, 0.30722130502389416)]
[(6, 0.74724873627025556)]
[(2, 0.61197195272678762), (6, 0.30212691160157185)]
[(2, 0.42566718917920199), (6, 0.25524000179542677)]
[(0, 0.66726172652094928), (6, 0.25094751748722605)]
[(0, 0.46853863818664138), (4, 0.28301003111445694)]
[(4, 0.37688768621914231), (6, 0.42975714381924779)]
[(0, 0.35539597487541935), (6, 0.5390003589256942)]
[(0, 0.21128085366594673), (6, 0.60366041858569663)]
[(2, 0.30340314272187174), (4, 0.32968874724149616)]
[(4, 0.5012090906016391), (6, 0.24207548691328434)]
[(4, 0.60214448813147203)]
[(4, 0.34551205855589917), (6, 0.32984245545096302)]
[(3, 0.23514195785461348), (5, 0.37252933055074988)]
[(6, 0.66352558527574812)]
[(2, 0.2601540239853839), (3, 0.27894230438842677), (6, 0.29435033187771859)]
[(3, 0.62103943025821418)]
[(3, 0.64445917995044577)]
[(6, 0.60759535578147128)]
[(3, 0.66154175141827543), (4, 0.31373467115313486)]
[(3, 0.34766912241549858), (4, 0.20519347072690078), (6, 0.30722307217408423)]
[(6, 0.74725423326400608)]
[(2, 0.61198665596341295), (6, 0.30213739124680883)]
[(2, 0.42570825171459342), (6, 0.25525455612932391)]
[(0, 0.6672605828212036), (6, 0.25094270543452435)]
[(0, 0.46853899580324521), (4, 0.28301039927196581)]
[(4, 0.37687686333408987), (6, 0.42975504904780293)]
[(0, 0.35539565675683121), (6, 0.53899978467945786)]
[(0, 0.21128040861027855), (6, 0.6036585431811069)]
[(2, 0.30340275265537975), (4, 0.32968783636084342)]
[(4, 0.50120866378559414), (6, 0.2420754017606461)]
[(4, 0.60213929801696409)]
[(4, 0.34551046616277792), (6, 0.32982975792296099)]
[(3, 0.23514236006237374), (5, 0.37252914714531138)]
[(6, 0.66354336227707811)]
[(2, 0.26015374073126285), (3, 0.27894278326973043), (6, 0.29434966678513774)]
[(3, 0.6210400732744038)]
[(3, 0.64445886370142969)]
[(6, 0.60759583775781456)]
[(3, 0.66154930278336932), (4, 0.31373008074318515)]
[(3, 0.34766265437522548), (4, 0.20519295125955989), (6, 0.30722480399523328)]
[(6, 0.74725606841494263)]
[(2, 0.61198316728696367), (6, 0.30213423480426954)]
[(2, 0.42569158536158885), (6, 0.25524866204211188)]
[(0, 0.66726361930341516), (6, 0.25095479076606164)]
[(0, 0.46853969898160608), (4, 0.28301102326721278)]
[(4, 0.37688308422888228), (6, 0.42975674383296364)]
[(0, 0.35539786491906944), (6, 0.53900399742400729)]
[(0, 0.21127674904135921), (6, 0.6036422960722686)]
[(2, 0.30340651872464686), (4, 0.32969308154318783)]
[(4, 0.50120924820132662), (6, 0.24207489844568675)]
[(4, 0.60214570351067065)]
[(4, 0.34550876545257347), (6, 0.32982733849097862)]
[(3, 0.23514248236617413), (5, 0.37252824509345489)]
[(6, 0.66354518001628982)]
[(2, 0.26015429818338159), (3, 0.27894288395141864), (6, 0.29434899689755145)]
[(3, 0.62103873509208529)]
[(3, 0.64445875864007929)]
[(6, 0.60759504038144629)]
[(3, 0.66154713071063964), (4, 0.31373152191358294)]
[(3, 0.34765552279823697), (4, 0.20519255965278027), (6, 0.30722845621853123)]
[(6, 0.74725397384049952)]
[(2, 0.61198726286139327), (6, 0.30213765843640006)]
[(2, 0.42569061590443996), (6, 0.25524801026044203)]
[(0, 0.66726822641659911), (6, 0.25096954940423821)]
[(0, 0.46853949347708207), (4, 0.28301085768610396)]
[(4, 0.3768731603230106), (6, 0.42975394545721346)]
[(0, 0.35539543933774304), (6, 0.53899939760173843)]
[(0, 0.21127249401936474), (6, 0.60362067396107499)]
[(2, 0.30340552810062843), (4, 0.32969259303479137)]
[(4, 0.50120830289204554), (6, 0.24207595183151157)]
[(4, 0.60214557681925795)]
[(4, 0.34550776677135631), (6, 0.32982807299322731)]
[(3, 0.23514332497587112), (5, 0.37252647257730992)]
[(6, 0.66354875813535863)]
[(2, 0.26015405540342623), (3, 0.27894252017019627), (6, 0.29435031347519253)]
[(3, 0.62103595866855155)]
[(3, 0.64445895122114405)]
[(6, 0.60759385451196202)]
[(3, 0.66155005205136996), (4, 0.31372914933739871)]
[(3, 0.34766862656169328), (4, 0.20519242715480704), (6, 0.30722269892194215)]
[(6, 0.74725506483501214)]
[(2, 0.61199531616613911), (6, 0.30214269370868357)]
[(2, 0.42567425336862663), (6, 0.25524253228596039)]
[(0, 0.66726718158435738), (6, 0.2509665055561443)]
[(0, 0.46853677338024519), (4, 0.28300835889837822)]
[(4, 0.37687982586771179), (6, 0.42975585223785839)]
[(0, 0.35539603052919388), (6, 0.53900045991852086)]
[(0, 0.211272661977254), (6, 0.60362161100849387)]
[(2, 0.30340773952554745), (4, 0.32969527021610523)]
[(4, 0.50120853660786968), (6, 0.24207558687696126)]
[(4, 0.60214657102739255)]
[(4, 0.34551003603292041), (6, 0.32983141311333414)]
[(3, 0.23514246391264071), (5, 0.37252975085785311)]
[(6, 0.66353712479003923)]
[(2, 0.26015349797815751), (3, 0.27894498565490589), (6, 0.29434387347259638)]
[(3, 0.62105448749496495)]
[(3, 0.6444599104102533)]
[(6, 0.60759603716321364)]
[(3, 0.66154829306053708), (4, 0.31373081823542082)]
[(3, 0.34767142155733888), (4, 0.20519303419120799), (6, 0.30722157896673286)]
[(6, 0.74725584084016261)]
[(2, 0.61198348246371248), (6, 0.30213410214351821)]
[(2, 0.42566564603856671), (6, 0.25523949309074173)]
[(0, 0.66726076579503735), (6, 0.2509434939604861)]
[(0, 0.46853881734707098), (4, 0.28301027098152104)]
[(4, 0.3768793176667749), (6, 0.42975553985593951)]
[(0, 0.35539669125486123), (6, 0.53900170235208944)]
[(0, 0.21128451719003238), (6, 0.60367514384453602)]
[(2, 0.30340252043253196), (4, 0.32968725534519239)]
[(4, 0.5012095141543863), (6, 0.24207414281580855)]
[(4, 0.60214607471332338)]
[(4, 0.34551344996420275), (6, 0.32983665323494316)]
[(3, 0.23514215568174163), (5, 0.37253014641252691)]
[(6, 0.66353012592889371)]
[(2, 0.26015357587517318), (3, 0.27894297382866118), (6, 0.29434852785610716)]
[(3, 0.62104128217939947)]
[(3, 0.64445841863802045)]
[(6, 0.6075968131457351)]
[(3, 0.66154003896458835), (4, 0.31373561209097878)]
[(3, 0.34766824972203847), (4, 0.20519327776431318), (6, 0.3072230369824126)]
[(6, 0.7472502993535789)]
[(2, 0.61197240181212831), (6, 0.30212677330715321)]
[(2, 0.42565990509989488), (6, 0.25523742370254654)]
[(0, 0.66726283886902293), (6, 0.25095189188488537)]
[(0, 0.46853886156082392), (4, 0.28301019389250526)]
[(4, 0.37688062826448021), (6, 0.42975593352788305)]
[(0, 0.35539596248248567), (6, 0.53900033754592358)]
[(0, 0.21127870499539669), (6, 0.60365118405170304)]
[(2, 0.30340592461586596), (4, 0.32969208190315069)]
[(4, 0.50120789148319866), (6, 0.24207601072334578)]
[(4, 0.60214446479632056)]
[(4, 0.34550974714969551), (6, 0.32982931660813924)]
[(3, 0.23514150553559743), (5, 0.37253101737997973)]
[(6, 0.66353339027852543)]
[(2, 0.26015405633179406), (3, 0.27894145075007826), (6, 0.29435226251303814)]
[(3, 0.62103614316190603)]
[(3, 0.64445885936198655)]
[(6, 0.60759618371362811)]
[(3, 0.66154664815143105), (4, 0.31373201194293954)]
[(3, 0.34766578767047707), (4, 0.20519296892414382), (6, 0.30722390659895965)]
[(6, 0.74725578361767797)]
[(2, 0.61198910698249764), (6, 0.30213829107733253)]
[(2, 0.42570528598330998), (6, 0.25525350713181982)]
[(0, 0.66726191008644964), (6, 0.25094826298975403)]
[(0, 0.46853711053201741), (4, 0.28300867085089737)]
[(4, 0.37687388182767562), (6, 0.4297545397278803)]
[(0, 0.35539574655305239), (6, 0.5389999399372245)]
[(0, 0.21127167596383034), (6, 0.60361596313614441)]
[(2, 0.30340994832152118), (4, 0.32969873844098174)]
[(4, 0.50120849221256469), (6, 0.24207537828400333)]
[(4, 0.60214981967890535)]
[(4, 0.34550627047417443), (6, 0.32982464390094102)]
[(3, 0.23514163795011525), (5, 0.37253013446264982)]
[(6, 0.66353695796374823)]
[(2, 0.26015400612562412), (3, 0.27894173239592807), (6, 0.29435224901512202)]
[(3, 0.62104927356602335)]
[(3, 0.64445814321058736)]
[(6, 0.60759114691992899)]
[(3, 0.66154610898545163), (4, 0.31373158047865951)]
[(3, 0.34766315983150048), (4, 0.20519262207218747), (6, 0.307224905686104)]
[(6, 0.7472503640448781)]
[(2, 0.61199129925533091), (6, 0.30213989409600067)]
[(2, 0.42568188665610662), (6, 0.25524523200809612)]
[(0, 0.66726683493292671), (6, 0.2509654614985829)]
[(0, 0.46853685641028325), (4, 0.28300839262012045)]
[(4, 0.376880665104667), (6, 0.42975538824114029)]
[(0, 0.35539571171104301), (6, 0.53899987987616338)]
[(0, 0.21127153251473718), (6, 0.60361511210986685)]
[(2, 0.30340296679430512), (4, 0.32968805122234041)]
[(4, 0.50120838959698244), (6, 0.24207565189861407)]
[(4, 0.602142614589944)]
[(4, 0.34551284116119735), (6, 0.32983188765694049)]
[(3, 0.23514150971019879), (5, 0.37253074057843805)]
[(6, 0.66353937121376183)]
[(2, 0.26015451134808476), (3, 0.2789447222848459), (6, 0.29434309532311698)]
[(3, 0.62103867941992164)]
[(3, 0.6444584488255618)]
[(6, 0.60759381396385903)]
[(3, 0.66154503176058566), (4, 0.31373215322764841)]
[(3, 0.3476692477497525), (4, 0.20519281586633095), (6, 0.30722246762628214)]
[(6, 0.74725607587493004)]
[(2, 0.61197446878927064), (6, 0.30212835119447007)]
[(2, 0.42570172571750187), (6, 0.25525223908498218)]
[(0, 0.66726801881396625), (6, 0.25096895607888009)]
[(0, 0.46854142482581562), (4, 0.2830126158142538)]
[(4, 0.37688822703490599), (6, 0.42975812657379553)]
[(0, 0.3553974646845936), (6, 0.53900320282943781)]
[(0, 0.21128356252150768), (6, 0.60367141110815137)]
[(2, 0.30340313315309952), (4, 0.32968899533228591)]
[(4, 0.50120835314879175), (6, 0.24207591750629087)]
[(4, 0.60214967729600066)]
[(4, 0.34551631780661723), (6, 0.32983824603007272)]
[(3, 0.23514132705902288), (5, 0.37253178855808905)]
[(6, 0.66354317575699939)]
[(2, 0.26015393708686063), (3, 0.27894238144443362), (6, 0.29435002418897582)]
[(3, 0.62103982913038713)]
[(3, 0.64445986054624671)]
[(6, 0.60759614331571432)]
[(3, 0.66154511204501154), (4, 0.31373224725560983)]
[(3, 0.34766760631094018), (4, 0.2051924518398387), (6, 0.30722313965780657)]
[(6, 0.74725179897073568)]
[(2, 0.61197706061406321), (6, 0.30213012330861128)]
[(2, 0.42568642423501252), (6, 0.25524685589640517)]
[(0, 0.66726199968754829), (6, 0.25094862465600581)]
[(0, 0.46853889374378976), (4, 0.28301028557640856)]
[(4, 0.37688790252372795), (6, 0.4297572190751433)]
[(0, 0.35539581002447396), (6, 0.53900006165197334)]
[(0, 0.21127742992643231), (6, 0.60364545360074595)]
[(2, 0.30340842880058083), (4, 0.32969770343203508)]
[(4, 0.50120936010172967), (6, 0.24207488855496861)]
[(4, 0.60214101536477282)]
[(4, 0.34551526568292712), (6, 0.32983683116156326)]
[(3, 0.23514171203528803), (5, 0.37253064845853362)]
[(6, 0.66354366058840619)]
[(2, 0.26015474346907241), (3, 0.27894226916249754), (6, 0.2943494656277032)]
[(3, 0.62103742932542016)]
[(3, 0.64445965414681239)]
[(6, 0.60759624589187911)]
[(3, 0.66154686895508796), (4, 0.31373134874081088)]
[(3, 0.3476576337724725), (4, 0.20519265752474089), (6, 0.30722705265557337)]
[(6, 0.74724853754488785)]
[(2, 0.61197509496204527), (6, 0.30212891642076251)]
[(2, 0.42566162372280936), (6, 0.2552379759755225)]
[(0, 0.66726203516371696), (6, 0.25094876532365196)]
[(0, 0.46854071983935752), (4, 0.28301200695511419)]
[(4, 0.37688388424277119), (6, 0.42975608968305806)]
[(0, 0.35539594700623894), (6, 0.53900030919630848)]
[(0, 0.21128568181463328), (6, 0.60367960662392917)]
[(2, 0.30340478583053665), (4, 0.329691235467791)]
[(4, 0.50120835657329865), (6, 0.24207532063215714)]
[(4, 0.60214436302381902)]
[(4, 0.34552159288415707), (6, 0.32984698469455287)]
[(3, 0.23514224057665092), (5, 0.37253073048623458)]
[(6, 0.66354915215567367)]
[(2, 0.26015294511296477), (3, 0.27894407421453826), (6, 0.2943475850147757)]
[(3, 0.62103739477146935)]
[(3, 0.64445896405216219)]
[(6, 0.60759781589821071)]
[(3, 0.66155084440704337), (4, 0.31372863688026176)]
[(3, 0.34766006440018449), (4, 0.20519229858917556), (6, 0.30722620065178557)]
[(6, 0.74724788330487635)]
[(2, 0.61197172865076521), (6, 0.3021258655233155)]
[(2, 0.42570671730442394), (6, 0.25525397721143489)]
[(0, 0.66726092720177288), (6, 0.25094418102110072)]
[(0, 0.46853883342756192), (4, 0.28301028656552196)]
[(4, 0.37688008867623474), (6, 0.42975577547005511)]
[(0, 0.35539613562169248), (6, 0.53900065844979328)]
[(0, 0.21128015468885777), (6, 0.60365746702807843)]
[(2, 0.30340839255640289), (4, 0.32969742713489103)]
[(4, 0.50120951568979644), (6, 0.24207480187739699)]
[(4, 0.60213752154444411)]
[(4, 0.34551452714686093), (6, 0.32984406276070621)]
[(3, 0.23514096363550507), (5, 0.3725308547034259)]
[(6, 0.66354564357374413)]
[(2, 0.26015354968345916), (3, 0.27894401642982158), (6, 0.29434633664043164)]
[(3, 0.62103713921620385)]
[(3, 0.64445851749447036)]
[(6, 0.60759953180621107)]
[(3, 0.66154592688399116), (4, 0.31373272059508184)]
[(3, 0.34766520948040169), (4, 0.20519304010296777), (6, 0.30722423925173403)]
[(6, 0.7472494065660481)]
[(2, 0.611982525790571), (6, 0.30213400893339826)]
[(2, 0.42566703726050598), (6, 0.25523990482806996)]
[(0, 0.66726828792566917), (6, 0.25096972341670987)]
[(0, 0.46853875925932975), (4, 0.28301010980235197)]
[(4, 0.37688788116859273), (6, 0.4297570656689213)]
[(0, 0.355397763350842), (6, 0.5390037941408834)]
[(0, 0.21128198981900836), (6, 0.60366510185158673)]
[(2, 0.30340691981343509), (4, 0.32969467426730958)]
[(4, 0.50120856541624637), (6, 0.24207592825989907)]
[(4, 0.60215242700288296)]
[(4, 0.34551299891143417), (6, 0.32983420120965617)]
[(3, 0.23514110296711191), (5, 0.37253130795560774)]
[(6, 0.66354051850030937)]
[(2, 0.2601545193465834), (3, 0.27894294393600449), (6, 0.29434781474957361)]
[(3, 0.62103969784498048)]
[(3, 0.64445865342281694)]
[(6, 0.60759580609830743)]
[(3, 0.66154614444288318), (4, 0.31373201130002631)]
[(3, 0.34766420489818423), (4, 0.20519133169729201), (6, 0.30722408305353754)]
[(6, 0.74725428282526196)]
[(2, 0.61197398426442273), (6, 0.30212735359669246)]
[(2, 0.42566699570109245), (6, 0.25523995808278199)]
[(0, 0.66726583050233534), (6, 0.25096232777639282)]
[(0, 0.46853948739510642), (4, 0.28301077458617607)]
[(4, 0.37687377755663048), (6, 0.42975442063043262)]
[(0, 0.35539786611587576), (6, 0.5390039977632276)]
[(0, 0.21128139870471149), (6, 0.60366268035830928)]
[(2, 0.30340315239273746), (4, 0.32968855680996328)]
[(4, 0.50120927696681639), (6, 0.24207495404524476)]
[(4, 0.60215577914488871)]
[(4, 0.34551326767457924), (6, 0.32983233821911706)]
[(3, 0.23514150279146603), (5, 0.37252826240608899)]
[(6, 0.66353387206180625)]
[(2, 0.26015432749246309), (3, 0.27894284171197109), (6, 0.29434864967056895)]
[(3, 0.62104611285456368)]
[(3, 0.64445856804311208)]
[(6, 0.60759426434692898)]
[(3, 0.66154705986344897), (4, 0.31373196681896237)]
[(3, 0.34766743646657639), (4, 0.20519338614439922), (6, 0.30722300442480677)]
[(6, 0.74725350163156901)]
[(2, 0.61199382847240213), (6, 0.30214201937730711)]
[(2, 0.42569819063270176), (6, 0.25525087062816215)]
[(0, 0.6672687049498407), (6, 0.2509708922023694)]
[(0, 0.46853766087514309), (4, 0.28300915902363455)]
[(4, 0.37688874140184575), (6, 0.42975734714253805)]
[(0, 0.35539795870555396), (6, 0.53900418668267924)]
[(0, 0.21127202356391897), (6, 0.60361799493739576)]
[(2, 0.30340907027368941), (4, 0.32969728363358364)]
[(4, 0.50120912371691195), (6, 0.24207475973851642)]
[(4, 0.60214829946002446)]
[(4, 0.34551547587924553), (6, 0.32983776889908889)]
[(3, 0.23514169487156988), (5, 0.37252983371778042)]
[(6, 0.66354656634043285)]
[(2, 0.26015393858994246), (3, 0.2789429971278457), (6, 0.29434814763837236)]
[(3, 0.62103780676349873)]
[(3, 0.64445939825299314)]
[(6, 0.60759599589896962)]
[(3, 0.6615480292420991), (4, 0.3137304005430927)]
[(3, 0.34767002570325889), (4, 0.2051921971454824), (6, 0.30722221139594164)]
[(6, 0.74725601038586498)]
[(2, 0.61197138157465536), (6, 0.30212639342137648)]
[(2, 0.42566882354538194), (6, 0.25524063193307739)]
[(0, 0.66726789198316583), (6, 0.25096859235883318)]
[(0, 0.46853790320717398), (4, 0.28300934482514528)]
[(4, 0.37687142721716499), (6, 0.42975604848690246)]
[(0, 0.35539546080230383), (6, 0.53899943504543679)]
[(0, 0.21127199576227249), (6, 0.60361783505738242)]
[(2, 0.30340929263232358), (4, 0.32969767407909517)]
[(4, 0.50120870079613844), (6, 0.24207541433431445)]
[(4, 0.60214389307734728)]
[(4, 0.34551577311738396), (6, 0.32983692474965293)]
[(3, 0.23514214153155449), (5, 0.37252898947510826)]
[(6, 0.66354937793650726)]
[(2, 0.26015383688482663), (3, 0.27894363937710992), (6, 0.29434717677819605)]
[(3, 0.62104227570361559)]
[(3, 0.64445787233072704)]
[(6, 0.60759459984474296)]
[(3, 0.66154251151380983), (4, 0.31373407887484661)]
[(3, 0.34766588461211761), (4, 0.20519295345187477), (6, 0.3072239032365473)]
[(6, 0.74725091963399504)]
[(2, 0.61196861267083413), (6, 0.30212288611869387)]
[(2, 0.42570901868239969), (6, 0.25525482545640704)]
[(0, 0.66726613610245855), (6, 0.25096329896717695)]
[(0, 0.4685375654258398), (4, 0.28300905586809061)]
[(4, 0.37688862839088599), (6, 0.42975727740007225)]
[(0, 0.3553960096310142), (6, 0.53900041854649805)]
[(0, 0.21128406624868343), (6, 0.60367339199771275)]
[(2, 0.3034098670061175), (4, 0.32969853671909544)]
[(4, 0.50120865243862733), (6, 0.24207549912814078)]
[(4, 0.60215291983998165)]
[(4, 0.34551457807253522), (6, 0.32983274447036076)]
[(3, 0.23514314438235753), (5, 0.3725269294377056)]
[(6, 0.66354112750177108)]
[(2, 0.26015411148297385), (3, 0.27894413263006662), (6, 0.29434529707723084)]
[(3, 0.62103891430175084)]
[(3, 0.64446316250015367)]
[(6, 0.60759822161723875)]
[(3, 0.66154956734555748), (4, 0.31372980384083915)]
[(3, 0.34766510624027425), (4, 0.20519331314588291), (6, 0.30722389296083924)]
[(6, 0.74724874202160907)]
[(2, 0.61197785502410074), (6, 0.30213073648647043)]
[(2, 0.42569573529101956), (6, 0.2552501452224395)]
[(0, 0.66726905451875118), (6, 0.25097185708414455)]
[(0, 0.46854034166953035), (4, 0.28301176998554572)]
[(4, 0.37687837322950085), (6, 0.4297553184650586)]
[(0, 0.35539806057584816), (6, 0.53900438361099512)]
[(0, 0.21128276866236148), (6, 0.60366825427337456)]
[(2, 0.30340386531598856), (4, 0.329690151804305)]
[(4, 0.50120948387460174), (6, 0.24207472927213172)]
[(4, 0.60214976490804917)]
[(4, 0.34550452143157678), (6, 0.32982339709890257)]
[(3, 0.23514225024256702), (5, 0.37252928984173089)]
[(6, 0.66354804746190077)]
[(2, 0.2601547030213231), (3, 0.27894320485648355), (6, 0.29434707571491925)]
[(3, 0.62103762600861201)]
[(3, 0.64445837957944974)]
[(6, 0.60759470642900637)]
[(3, 0.66154541360910901), (4, 0.31373235176186681)]
[(3, 0.34766189129856379), (4, 0.20519314285737031), (6, 0.30722552483477999)]
[(6, 0.74724811794081558)]
[(2, 0.61197079718630321), (6, 0.30212550240272373)]
[(2, 0.42570102170831597), (6, 0.25525204139367991)]
[(0, 0.66726799847222062), (6, 0.25096889802581196)]
[(0, 0.46853957634955984), (4, 0.2830108752149128)]
[(4, 0.37687115895952328), (6, 0.42975582017654529)]
[(0, 0.35539540841615191), (6, 0.53899934615991918)]
[(0, 0.21128512574207733), (6, 0.60367749274343596)]
[(2, 0.30340410419400343), (4, 0.32968978044172847)]
[(4, 0.50120912428538822), (6, 0.24207514653872161)]
[(4, 0.60214114958931986)]
[(4, 0.34550821250902486), (6, 0.32983639275096838)]
[(3, 0.23514092136272083), (5, 0.37253133276210676)]
[(6, 0.66352536223425496)]
[(2, 0.26015436724115665), (3, 0.2789436405413262), (6, 0.29434636118382246)]
[(3, 0.62104211331005055)]
[(3, 0.6444585767349339)]
[(6, 0.60759620023063932)]
[(3, 0.6615445626225912), (4, 0.31373196803299874)]
[(3, 0.34767076192968116), (4, 0.20519266611347353), (6, 0.30722145045572291)]
[(6, 0.74725617987187443)]
[(2, 0.61199669372595433), (6, 0.30214448568355173)]
[(2, 0.42569641680217329), (6, 0.25525038259316657)]
[(0, 0.66726164000418686), (6, 0.25094716792112287)]
[(0, 0.46853554965303756), (4, 0.28300722967831426)]
[(4, 0.37687095422964528), (6, 0.42975352531063077)]
[(0, 0.35539667029344296), (6, 0.53900165622026019)]
[(0, 0.21128354927492746), (6, 0.60367136280327416)]
[(2, 0.30340460842923012), (4, 0.32969135433606928)]
[(4, 0.50120858030019855), (6, 0.24207576242074003)]
[(4, 0.60214443550948926)]
[(4, 0.34551065211089599), (6, 0.32982812455335625)]
[(3, 0.23514217702840381), (5, 0.37252989294669753)]
[(6, 0.6635325787141414)]
[(2, 0.2601533075070086), (3, 0.27894410282264626), (6, 0.29434645734114123)]
[(3, 0.62103532221746893)]
[(3, 0.644457874098738)]
[(6, 0.60759888074600399)]
[(3, 0.66154589386413798), (4, 0.31373238605054682)]
[(3, 0.34765737909932792), (4, 0.20519267854188847), (6, 0.30722759381150816)]
[(6, 0.74725321181876669)]
[(2, 0.61196842752330638), (6, 0.30212437907313239)]
[(2, 0.42566082898035901), (6, 0.25523773704850489)]
[(0, 0.66726770124147428), (6, 0.25096804007267476)]
[(0, 0.46854446864504651), (4, 0.28301558475720939)]
[(4, 0.37688717696514162), (6, 0.42975703161013928)]
[(0, 0.3553960392670007), (6, 0.53900047578598909)]
[(0, 0.21128030479806215), (6, 0.60365810122584884)]
[(2, 0.30340263165190107), (4, 0.32968755676263606)]
[(4, 0.50120858349657826), (6, 0.24207543268780563)]
[(4, 0.60213700033127782)]
[(4, 0.34551109522544005), (6, 0.32983079643581065)]
[(3, 0.23514271256677224), (5, 0.37252880453732035)]
[(6, 0.663537759168358)]
[(2, 0.26015391332547849), (3, 0.27894235479111928), (6, 0.29435027800527236)]
[(3, 0.6210499831554791)]
[(3, 0.64445968456498404)]
[(6, 0.60759733948250905)]
[(3, 0.66155064153292042), (4, 0.31372872149388564)]
[(3, 0.34765770111399613), (4, 0.20519276179134957), (6, 0.3072272610203618)]
[(6, 0.7472518154787372)]
[(2, 0.61197034378977999), (6, 0.30212464206358136)]
[(2, 0.42570484450789309), (6, 0.25525340198332003)]
[(0, 0.66726256543425044), (6, 0.25095084697461878)]
[(0, 0.46853896278875723), (4, 0.28301039475193374)]
[(4, 0.3768811838149389), (6, 0.4297552752954773)]
[(0, 0.35539805170065292), (6, 0.5390043723520056)]
[(0, 0.21128686130793503), (6, 0.603684035836763)]
[(2, 0.30340958191714379), (4, 0.32969938708916197)]
[(4, 0.50120779459613929), (6, 0.24207638672330592)]
[(4, 0.60214066696762281)]
[(4, 0.34551497137957132), (6, 0.32983606962448353)]
[(3, 0.23514242221963841), (5, 0.37252803947833202)]
[(6, 0.66352851472236851)]
[(2, 0.26015404101481709), (3, 0.27894388930669234), (6, 0.29434703758513026)]
[(3, 0.62103978758250677)]
[(3, 0.64445879269478246)]
[(6, 0.60759682258193459)]
[(3, 0.66154833566887949), (4, 0.31373023894866819)]
[(3, 0.34766945070778776), (4, 0.20519274124128795), (6, 0.30722221598419952)]
[(6, 0.7472493672459839)]
[(2, 0.61197232594124296), (6, 0.30212694303510423)]
[(2, 0.4256780093212581), (6, 0.2552438996868856)]
[(0, 0.66726542853278958), (6, 0.25096102465497694)]
[(0, 0.46853855333723293), (4, 0.28301000706984164)]
[(4, 0.37688103251860811), (6, 0.42975527857246021)]
[(0, 0.35539632360788187), (6, 0.53900100065269285)]
[(0, 0.21128336326819611), (6, 0.60367062514454617)]
[(2, 0.30340275189181881), (4, 0.32968819248542264)]
[(4, 0.50120854593873954), (6, 0.24207555817800286)]
[(4, 0.60214943384406572)]
[(4, 0.34551528649339891), (6, 0.32983536671676117)]
[(3, 0.23514248152740447), (5, 0.37252947868704489)]
[(6, 0.66354397064826309)]
[(2, 0.26015408142993401), (3, 0.27894295446359224), (6, 0.2943479072447433)]
[(3, 0.62105331164033661)]
[(3, 0.64445932406504702)]
[(6, 0.60759493217256788)]
[(3, 0.66155067250619526), (4, 0.31372878578769769)]
[(3, 0.3476610247316439), (4, 0.20519309357386967), (6, 0.30722604830970407)]
[(6, 0.74724788974240852)]
[(2, 0.6119848643177298), (6, 0.30213541027114549)]
[(2, 0.4256767610006707), (6, 0.2552434610625452)]
[(0, 0.66726184438142611), (6, 0.25094799713452798)]
[(0, 0.4685378852283148), (4, 0.28300929006977177)]
[(4, 0.37688235835910372), (6, 0.42975659068939265)]
[(0, 0.3553958928846076), (6, 0.53900020900211021)]
[(0, 0.21127680495479861), (6, 0.60364256177713826)]
[(2, 0.30340415841973639), (4, 0.32969047328823392)]
[(4, 0.50120897224188843), (6, 0.24207532041844812)]
[(4, 0.60214754135421378)]
[(4, 0.34551373456809409), (6, 0.32984442156865174)]
[(3, 0.23514345231688161), (5, 0.37252818916146763)]
[(6, 0.66354954633281149)]
[(2, 0.26015372795307784), (3, 0.27894293064271697), (6, 0.2943495911118304)]
[(3, 0.62104356133534833)]
[(3, 0.64445849751167794)]
[(6, 0.60759594459553623)]
[(3, 0.6615447497034973), (4, 0.31373313223792254)]
[(3, 0.34766595437685316), (4, 0.20519259320201516), (6, 0.3072238100746813)]
[(6, 0.74725594071091783)]
[(2, 0.61198334284666311), (6, 0.3021345024826429)]
[(2, 0.42570713774363783), (6, 0.25525416361153586)]
[(0, 0.66726410976290496), (6, 0.25095654512613536)]
[(0, 0.46853746558484571), (4, 0.28300900419541458)]
[(4, 0.37688793478713722), (6, 0.42975782003316976)]
[(0, 0.35539609073033834), (6, 0.53900057435774473)]
[(0, 0.21128266876594728), (6, 0.60366785504284792)]
[(2, 0.30340554126948538), (4, 0.3296927174185077)]
[(4, 0.50120844289211353), (6, 0.24207573188725351)]
[(4, 0.60214468916420805)]
[(4, 0.34551034863853541), (6, 0.32982834721570109)]
[(3, 0.23514270835744544), (5, 0.37252745654948832)]
[(6, 0.66352865716714726)]
[(2, 0.26015421898125107), (3, 0.27894433215600711), (6, 0.29434488513904478)]
[(3, 0.62103708505228683)]
[(3, 0.64446062758859246)]
[(6, 0.60759417087778411)]
[(3, 0.66154581599528983), (4, 0.31373173092642714)]
[(3, 0.34767062904154883), (4, 0.20519308067520858), (6, 0.30722215894283111)]
[(6, 0.74725602131313296)]
[(2, 0.61197811213085851), (6, 0.30213022543197809)]
[(2, 0.4256713347373563), (6, 0.25524150125543144)]
[(0, 0.66726091543633126), (6, 0.25094414219204919)]
[(0, 0.46854319846103581), (4, 0.2830143708506131)]
[(4, 0.37688422204513211), (6, 0.4297570411535615)]
[(0, 0.35539666469881204), (6, 0.53900164283773122)]
[(0, 0.21128649458540377), (6, 0.60368267135078246)]
[(2, 0.30340314661293649), (4, 0.32968894786285302)]
[(4, 0.50120830445071241), (6, 0.24207592225322658)]
[(4, 0.60214758023934079)]
[(4, 0.34552588947084839), (6, 0.32985627773207232)]
[(3, 0.23514219116508089), (5, 0.37252928282786574)]
[(6, 0.66353543623466826)]
[(2, 0.26015460806815266), (3, 0.27894294020163213), (6, 0.29434791199406962)]
[(3, 0.62104116747300964)]
[(3, 0.64445851065310555)]
[(6, 0.60759701667718502)]
[(3, 0.66154819796690978), (4, 0.31373029678919184)]
[(3, 0.34767088772082749), (4, 0.20519312428710743), (6, 0.30722190068056576)]
[(6, 0.747255740338163)]
[(2, 0.61196751040364628), (6, 0.30212332737749648)]
[(2, 0.42570581295347221), (6, 0.25525373034299015)]
[(0, 0.66726646460452088), (6, 0.25096432397005097)]
[(0, 0.46853887789570881), (4, 0.28301033319373264)]
[(4, 0.37687546254527193), (6, 0.42975435296541104)]
[(0, 0.35539584830677223), (6, 0.53900012251048401)]
[(0, 0.21127187590516405), (6, 0.60361713750131818)]
[(2, 0.30340888127335619), (4, 0.32969684459756665)]
[(4, 0.50120838706549986), (6, 0.24207590808322602)]
[(4, 0.60216172996619899)]
[(4, 0.34552830016232772), (6, 0.32985740703186894)]
[(3, 0.23514109784673556), (5, 0.3725322331532267)]
[(6, 0.66354014206659651)]
[(2, 0.26015396897220061), (3, 0.27894216511294423), (6, 0.29435058975001616)]
[(3, 0.62103695511563117)]
[(3, 0.64445819687734773)]
[(6, 0.6075957322669463)]
[(3, 0.66154678038976666), (4, 0.31373178830659365)]
[(3, 0.34766460110568043), (4, 0.20519332277254831), (6, 0.30722421102514141)]
[(6, 0.74725415888141788)]
[(2, 0.61197056054305288), (6, 0.30212553864316516)]
[(2, 0.4256687152262536), (6, 0.25524058192586885)]
[(0, 0.66726808293376316), (6, 0.25096914069034182)]
[(0, 0.46853664158977049), (4, 0.28300823696962568)]
[(4, 0.37688511615748088), (6, 0.42975637791391974)]
[(0, 0.35539798944162926), (6, 0.53900424278108172)]
[(0, 0.21127890248177605), (6, 0.60365205450562243)]
[(2, 0.30340536051995631), (4, 0.32969257088339599)]
[(4, 0.50120792737080821), (6, 0.24207634619886706)]
[(4, 0.60214421538026752)]
[(4, 0.34550911422884029), (6, 0.32983100671873333)]
[(3, 0.23514174248015676), (5, 0.37252878963230812)]
[(6, 0.66354183539538658)]
[(2, 0.26015439462515932), (3, 0.27894373191855226), (6, 0.29434626076861115)]
[(3, 0.62103542284993496)]
[(3, 0.64446013087085507)]
[(6, 0.60759402394893602)]
[(3, 0.66154871862372044), (4, 0.31372959617253882)]
[(3, 0.34767124139186067), (4, 0.20519305353673789), (6, 0.30722178602089567)]
[(6, 0.74725469487698126)]
[(2, 0.61197745753484756), (6, 0.30213086728595973)]
[(2, 0.42567458910810319), (6, 0.25524267076258261)]
[(0, 0.66726401980376804), (6, 0.25095622572330184)]
[(0, 0.46853858590217889), (4, 0.28300997188046029)]
[(4, 0.37688662287200336), (6, 0.42975694347368348)]
[(0, 0.35539667550228005), (6, 0.53900166341519473)]
[(0, 0.21128563923921484), (6, 0.60367944651609307)]
[(2, 0.30340371599204324), (4, 0.32968936757045492)]
[(4, 0.50120906559333034), (6, 0.24207503644767506)]
[(4, 0.602143196798125)]
[(4, 0.34550721430687381), (6, 0.32982665785552934)]
[(3, 0.2351422719560072), (5, 0.37252958636369071)]
[(6, 0.66353884763250948)]
[(2, 0.26015430914593235), (3, 0.27894182291577213), (6, 0.29435093860948225)]
[(3, 0.62104381178700629)]
[(3, 0.64445959857521984)]
[(6, 0.60759730580346205)]
[(3, 0.66154705726546237), (4, 0.31373100539854348)]
[(3, 0.34766879927434241), (4, 0.2051925948365701), (6, 0.30722300400324382)]
[(6, 0.74725362935565642)]
[(2, 0.61199730316170697), (6, 0.30214435934149814)]
[(2, 0.42565847187764388), (6, 0.25523697170926024)]
[(0, 0.66726100360882024), (6, 0.25094450597603518)]
[(0, 0.46853898103537794), (4, 0.28301034745080861)]
[(4, 0.37688524418789071), (6, 0.42975648004000999)]
[(0, 0.35539576673386308), (6, 0.53899997923057896)]
[(0, 0.21128488266761128), (6, 0.60367655240969842)]
[(2, 0.30341004694032919), (4, 0.32969897992336206)]
[(4, 0.50120841408525696), (6, 0.24207571951928153)]
[(4, 0.60214680254619513)]
[(4, 0.34551200826579248), (6, 0.32984001936013446)]
[(3, 0.23514074892440484), (5, 0.37253089332696332)]
[(6, 0.6635431639486743)]
[(2, 0.26015406894365362), (3, 0.27894290503122476), (6, 0.29434844533917315)]
[(3, 0.62103821543097104)]
[(3, 0.64446044336817743)]
[(6, 0.60759420153602151)]
[(3, 0.66154597494343603), (4, 0.31373219830894922)]
[(3, 0.34766469626207275), (4, 0.2051932527693992), (6, 0.30722432310623349)]
[(6, 0.74725469854081528)]
[(2, 0.61199114997219484), (6, 0.30214021263063146)]
[(2, 0.42566710865013863), (6, 0.25523997475957705)]
[(0, 0.66726243120335127), (6, 0.25095032743187001)]
[(0, 0.46853957099174831), (4, 0.2830108812585358)]
[(4, 0.376870542289997), (6, 0.42975359284374187)]
[(0, 0.35539563776552641), (6, 0.53899974442183796)]
[(0, 0.21127723476519325), (6, 0.60364455376328874)]
[(2, 0.3034101810784432), (4, 0.32969891727754236)]
[(4, 0.50120931260887891), (6, 0.24207536895305956)]
[(4, 0.60214777096084582)]
[(4, 0.34551191647798957), (6, 0.32983180210855956)]
[(3, 0.23514220720967521), (5, 0.37252881106453112)]
[(6, 0.66353877805175787)]
[(2, 0.26015397386983535), (3, 0.27894260944019811), (6, 0.29434995483669057)]
[(3, 0.62104842164592533)]
[(3, 0.64446009288544859)]
[(6, 0.60759735249209335)]
[(3, 0.66154592033052828), (4, 0.31373237244148078)]
[(3, 0.34767159634789796), (4, 0.20519283462307963), (6, 0.30722152257962165)]
[(6, 0.747249912826219)]
[(2, 0.61199365737930367), (6, 0.30214193007816514)]
[(2, 0.42570183792206023), (6, 0.25525230501381385)]
[(0, 0.66726683634020834), (6, 0.25096546523626206)]
[(0, 0.46853749115865867), (4, 0.28300903485902451)]
[(4, 0.37687952500720123), (6, 0.42975588360892086)]
[(0, 0.35539574566298898), (6, 0.53899994097816439)]
[(0, 0.21127306159613438), (6, 0.60362380952740957)]
[(2, 0.3034102577987447), (4, 0.3296992272356728)]
[(4, 0.50120915704943969), (6, 0.24207490785683219)]
[(4, 0.60214772842869391)]
[(4, 0.34551210601974441), (6, 0.3298408967769979)]
[(3, 0.23514279919496833), (5, 0.37252806983655617)]
[(6, 0.66353339884810159)]
[(2, 0.26015394148957888), (3, 0.27894201173170124), (6, 0.29435143759062821)]
[(3, 0.6210461372113113)]
[(3, 0.64445954580382436)]
[(6, 0.60759412541020663)]
[(3, 0.66154728740838875), (4, 0.31373111366793294)]
[(3, 0.34765729917956562), (4, 0.2051918433820176), (6, 0.30722664506211045)]
[(6, 0.74725592103164462)]
[(2, 0.61197198306255118), (6, 0.30212663833871511)]
[(2, 0.42570541556996372), (6, 0.25525358655673874)]
[(0, 0.66726675147732784), (6, 0.25096520672829964)]
[(0, 0.46853635107310776), (4, 0.28300798506665609)]
[(4, 0.37688057718372059), (6, 0.42975588600845366)]
[(0, 0.35539539811474391), (6, 0.53899932475546519)]
[(0, 0.21127366446806226), (6, 0.6036270397773652)]
[(2, 0.30340568119928529), (4, 0.32969311355861292)]
[(4, 0.50120857878535352), (6, 0.24207590067763415)]
[(4, 0.60214528643424681)]
[(4, 0.34550786885343876), (6, 0.32982781024926672)]
[(3, 0.23514145559120128), (5, 0.37253161834177478)]
[(6, 0.66353294006795827)]
[(2, 0.26015420152494029), (3, 0.2789430400670212), (6, 0.2943477349437284)]
[(3, 0.62103719935684476)]
[(3, 0.64445849929636312)]
[(6, 0.60759864216165593)]
[(3, 0.66154787569275941), (4, 0.31373115597390533)]
[(3, 0.34766224396886841), (4, 0.20519361224877308), (6, 0.30722523967206977)]
[(6, 0.74724880252213921)]
[(2, 0.6119833025573127), (6, 0.30213424338324313)]
[(2, 0.42567533869073276), (6, 0.25524295297619881)]
[(0, 0.66726570000461194), (6, 0.25096190754906839)]
[(0, 0.46853687369296004), (4, 0.28300845667967661)]
[(4, 0.37687599576874509), (6, 0.42975453117512846)]
[(0, 0.35539661610775103), (6, 0.5390015556447505)]
[(0, 0.21128439672050667), (6, 0.60367467447673218)]
[(2, 0.30340755526453433), (4, 0.32969470871772799)]
[(4, 0.50120907269464254), (6, 0.24207542514801486)]
[(4, 0.60214687682324175)]
[(4, 0.34551203064103508), (6, 0.32984271935276438)]
[(3, 0.23514300534957841), (5, 0.372529135139745)]
[(6, 0.66353644434507897)]
[(2, 0.26015328160056828), (3, 0.27894109603619699), (6, 0.29435503920814077)]
[(3, 0.62103694146961785)]
[(3, 0.644458458212256)]
[(6, 0.60759791135451358)]
[(3, 0.66154979984927331), (4, 0.31372746487474745)]
[(3, 0.34766688366204318), (4, 0.20519278881402134), (6, 0.30722326404228978)]
[(6, 0.74725020122118713)]
[(2, 0.61198436906489861), (6, 0.30213533591798436)]
[(2, 0.42570807852051695), (6, 0.25525454357948907)]
[(0, 0.66726574545221373), (6, 0.25096205266924887)]
[(0, 0.46853954885737975), (4, 0.28301090962535413)]
[(4, 0.37688828719379552), (6, 0.4297574605858458)]
[(0, 0.35539802121090402), (6, 0.53900431218977485)]
[(0, 0.21128055762405479), (6, 0.60365917640891498)]
[(2, 0.30340977522660961), (4, 0.32969814418005383)]
[(4, 0.50120898991529694), (6, 0.2420753400465557)]
[(4, 0.60215015754427947)]
[(4, 0.34550837957160074), (6, 0.32983809773195011)]
[(3, 0.23514109058448912), (5, 0.37253095419706028)]
[(6, 0.66354131365520574)]
[(2, 0.26015376901410753), (3, 0.27894274488022863), (6, 0.29434976508611915)]
[(3, 0.62104469836120335)]
[(3, 0.64445873994572445)]
[(6, 0.60759887910243437)]
[(3, 0.66154537386048096), (4, 0.31373175761033423)]
[(3, 0.34766415157641306), (4, 0.20519300183220798), (6, 0.30722456722818309)]
[(6, 0.74725315833028805)]
[(2, 0.61197527334943225), (6, 0.30212898597731291)]
[(2, 0.42565953531632761), (6, 0.25523731177941655)]
[(0, 0.66726881794712867), (6, 0.25097120725799438)]
[(0, 0.46853750414203577), (4, 0.28300902822940499)]
[(4, 0.37687988652968063), (6, 0.42975597066201254)]
[(0, 0.35539599108390202), (6, 0.53900038674658945)]
[(0, 0.21128461366013321), (6, 0.60367552245042877)]
[(2, 0.30340619324110968), (4, 0.32969352262645563)]
[(4, 0.50120823677012838), (6, 0.2420758024129806)]
[(4, 0.60214366683501774)]
[(4, 0.34551174051415412), (6, 0.32983108441104464)]
[(3, 0.23514253565229876), (5, 0.37252776118859815)]
[(6, 0.66354664840464339)]
[(2, 0.2601550383193566), (3, 0.27894474292541144), (6, 0.29434177573676873)]
[(3, 0.62103746582921493)]
[(3, 0.6444597337698148)]
[(6, 0.6075954937803949)]
[(3, 0.66154632462444585), (4, 0.31373202602235817)]
[(3, 0.34765816975371622), (4, 0.20519201330104034), (6, 0.3072280288871066)]
[(6, 0.74724884909396305)]
[(2, 0.61197256869169814), (6, 0.30212668793347902)]
[(2, 0.42569491994016218), (6, 0.25524988951746708)]
[(0, 0.66726421630528099), (6, 0.25095691995955788)]
[(0, 0.46853640121032036), (4, 0.28300803767570543)]
[(4, 0.37687612630938105), (6, 0.42975482362155421)]
[(0, 0.35539609895447061), (6, 0.53900058628748759)]
[(0, 0.21127864413838052), (6, 0.6036509172600053)]
[(2, 0.30340915831086779), (4, 0.32969749455540459)]
[(4, 0.50120808626372726), (6, 0.24207589262340976)]
[(4, 0.60214733615028238)]
[(4, 0.34551141203438102), (6, 0.32982891178308221)]
[(3, 0.23514187779177587), (5, 0.37252954664611421)]
[(6, 0.66353696419033603)]
[(2, 0.26015394898496985), (3, 0.27894245817814461), (6, 0.29434991744649391)]
[(3, 0.62103881181264231)]
[(3, 0.64445755787353975)]
[(6, 0.60759542772923769)]
[(3, 0.66154735263713071), (4, 0.31373157337947394)]
[(3, 0.34766605023477221), (4, 0.20519307313357399), (6, 0.30722374536215624)]
[(6, 0.74725573785188049)]
[(2, 0.6119710020212632), (6, 0.30212582577332392)]
[(2, 0.42570092911213375), (6, 0.25525197891965107)]
[(0, 0.66726213156566416), (6, 0.25094915227089637)]
[(0, 0.46853759759935604), (4, 0.28300910047644878)]
[(4, 0.37687820550035672), (6, 0.42975535937712928)]
[(0, 0.35539583029346083), (6, 0.53900009046564057)]
[(0, 0.21127770356448203), (6, 0.60364669699371676)]
[(2, 0.30341003256675725), (4, 0.32969868202499808)]
[(4, 0.50120847590108253), (6, 0.24207568183819747)]
[(4, 0.6021453840650044)]
[(4, 0.34551363204508945), (6, 0.32984523987794379)]
[(3, 0.23514184478473052), (5, 0.37252940625304048)]
[(6, 0.66354043164897081)]
[(2, 0.26015445270751431), (3, 0.27894300155740587), (6, 0.29434810276303408)]
[(3, 0.6210432711346614)]
[(3, 0.64445931655673805)]
[(6, 0.60759484889502213)]
[(3, 0.66154699362418279), (4, 0.3137311314472947)]
[(3, 0.34765993078003515), (4, 0.20519348135788401), (6, 0.30722690986855816)]
[(6, 0.74725579166921918)]
[(2, 0.61198533934867005), (6, 0.30213582684934837)]
[(2, 0.42569073210644104), (6, 0.25524833399374591)]
[(0, 0.66726169574037986), (6, 0.25094738879159656)]
[(0, 0.46853711592030234), (4, 0.28300865522321306)]
[(4, 0.37687617970124138), (6, 0.42975459235810393)]
[(0, 0.35539541860578361), (6, 0.53899935715715819)]
[(0, 0.21127234908809234), (6, 0.60361985597653345)]
[(2, 0.30340861836956839), (4, 0.32969642895547979)]
[(4, 0.50120825733721464), (6, 0.24207614195222107)]
[(4, 0.60214761286665264)]
[(4, 0.3455116287366532), (6, 0.3298291433629742)]
[(3, 0.23514223079562294), (5, 0.37252889799413036)]
[(6, 0.66353517323108746)]
[(2, 0.26015360107421615), (3, 0.27894233070440322), (6, 0.29435143181415402)]
[(3, 0.62104509900694105)]
[(3, 0.64445923821897488)]
[(6, 0.60759628918579756)]
[(3, 0.66154079742024707), (4, 0.31373585840364238)]
[(3, 0.34767116198946596), (4, 0.20519230673890032), (6, 0.30722154543341118)]
[(6, 0.74725512612508538)]
[(2, 0.61197919637954079), (6, 0.30213168253358613)]
[(2, 0.42567908272058463), (6, 0.25524425482994018)]
[(0, 0.66726702810180827), (6, 0.25096604480671836)]
[(0, 0.46854026613909816), (4, 0.28301165332533978)]
[(4, 0.3768840420912335), (6, 0.42975681976595292)]
[(0, 0.35539704618150503), (6, 0.53900237366180559)]
[(0, 0.21128425155151828), (6, 0.6036741193434062)]
[(2, 0.30340260876109393), (4, 0.32968828671567585)]
[(4, 0.50120761530442859), (6, 0.24207666834479766)]
[(4, 0.60214269375332641)]
[(4, 0.3455130955574881), (6, 0.32983463908094651)]
[(3, 0.23514256002177433), (5, 0.37252801106534983)]
[(6, 0.66354651918024232)]
[(2, 0.26015438142778186), (3, 0.27894414610124363), (6, 0.29434474213803091)]
[(3, 0.62103653128172842)]
[(3, 0.64445848264089578)]
[(6, 0.60759599139515319)]
[(3, 0.66154860982345665), (4, 0.31373037022241634)]
[(3, 0.34766177578650925), (4, 0.20519282660109875), (6, 0.30722567927160088)]
[(6, 0.74725604996491279)]
[(2, 0.61198203718095745), (6, 0.30213386402543752)]
[(2, 0.42568077402654692), (6, 0.25524485466147495)]
[(0, 0.66726479837605501), (6, 0.25095892411497733)]
[(0, 0.46853782376824166), (4, 0.28300935462610055)]
[(4, 0.3768831647709337), (6, 0.42975579492954852)]
[(0, 0.35539592429041111), (6, 0.53900026562101744)]
[(0, 0.21128123683367125), (6, 0.60366200856404462)]
[(2, 0.30340759779568011), (4, 0.32969482203276668)]
[(4, 0.50120794295501125), (6, 0.24207616702795179)]
[(4, 0.60214279262920523)]
[(4, 0.34551607253485062), (6, 0.32983719279150975)]
[(3, 0.2351419265008122), (5, 0.37252940507429005)]
[(6, 0.66354604142834051)]
[(2, 0.26015351782464835), (3, 0.2789439828007188), (6, 0.29434691725201345)]
[(3, 0.62103928363674687)]
[(3, 0.64446028959965751)]
[(6, 0.6075973092615311)]
[(3, 0.66154691445771907), (4, 0.31373103040030526)]
[(3, 0.3476662150369238), (4, 0.20519298470065969), (6, 0.30722385449022038)]
[(6, 0.74725616239737458)]
[(2, 0.61198810953744964), (6, 0.30213802033422149)]
[(2, 0.42568006640298706), (6, 0.25524461677642418)]
[(0, 0.66726180480891228), (6, 0.2509478376927059)]
[(0, 0.46853887886069207), (4, 0.28301024518942475)]
[(4, 0.37687794053249662), (6, 0.42975552451628218)]
[(0, 0.35539778352541823), (6, 0.53900383674083585)]
[(0, 0.21127157994098225), (6, 0.60361539449314994)]
[(2, 0.30341070178220614), (4, 0.32969980953008254)]
[(4, 0.50120828867346034), (6, 0.24207606035639206)]
[(4, 0.60214473571914717)]
[(4, 0.34552079609373698), (6, 0.32984278165679509)]
[(3, 0.23514221145478256), (5, 0.37252952418567853)]
[(6, 0.66354004496879704)]
[(2, 0.26015370253480935), (3, 0.27894343166879687), (6, 0.2943475707460691)]
[(3, 0.6210363938020611)]
[(3, 0.64445914053932252)]
[(6, 0.60759681919080066)]
[(3, 0.66154809378507795), (4, 0.3137303766302898)]
[(3, 0.34766720008837354), (4, 0.205192676742872), (6, 0.30722311754301751)]
[(6, 0.74725568454810287)]
[(2, 0.61199790662598774), (6, 0.30214449336858817)]
[(2, 0.42569682727447417), (6, 0.25525051797708365)]
[(0, 0.66726922673547628), (6, 0.25097232752304094)]
[(0, 0.46853868702309559), (4, 0.28301010039351437)]
[(4, 0.37688496362781082), (6, 0.42975627579679948)]
[(0, 0.35539611185078968), (6, 0.53900060538752281)]
[(0, 0.2112792363152006), (6, 0.60365351454312866)]
[(2, 0.30340821657906203), (4, 0.32969585035893784)]
[(4, 0.50120912896985892), (6, 0.24207505650290964)]
[(4, 0.6021478575047885)]
[(4, 0.34551249298439735), (6, 0.32984393384851574)]
[(3, 0.23514240281510546), (5, 0.37252970198187491)]
[(6, 0.66352901704419021)]
[(2, 0.26015405554152804), (3, 0.27894349597859469), (6, 0.29434741569083556)]
[(3, 0.62103698572749477)]
[(3, 0.64445913537046673)]
[(6, 0.6075954234294032)]
[(3, 0.66154898461131317), (4, 0.31372969045204613)]
[(3, 0.34766370978651223), (4, 0.20518966838994238), (6, 0.30722294261208699)]
[(6, 0.74724790355777815)]
[(2, 0.61198268400711742), (6, 0.30213402399447048)]
[(2, 0.42570511124264193), (6, 0.25525343673604806)]
[(0, 0.66726611241436851), (6, 0.25096322297071283)]
[(0, 0.46853596210279042), (4, 0.28300767631002133)]
[(4, 0.37688497984151731), (6, 0.42975702049101361)]
[(0, 0.35539582476309606), (6, 0.5390000829808016)]
[(0, 0.21128393249825136), (6, 0.6036728704815687)]
[(2, 0.30340294140107005), (4, 0.32968812255914232)]
[(4, 0.50120826073926272), (6, 0.24207592957813198)]
[(4, 0.60214844386310307)]
[(4, 0.34551876261507125), (6, 0.32984560511267419)]
[(3, 0.23514081429580158), (5, 0.372531744697227)]
[(6, 0.66354275674603491)]
[(2, 0.26015431161074604), (3, 0.2789426457944138), (6, 0.29434793998019221)]
[(3, 0.62103613421510029)]
[(3, 0.64445837658513994)]
[(6, 0.6075956685727949)]
[(3, 0.66154183671146327), (4, 0.31373528300161602)]
[(3, 0.34766203062648643), (4, 0.20519358371709948), (6, 0.30722547901307318)]
[(6, 0.74724805384875093)]
[(2, 0.61197186086340849), (6, 0.30212648694330074)]
[(2, 0.42566556341602002), (6, 0.25523942185627807)]
[(0, 0.66726797986165165), (6, 0.25096884535925251)]
[(0, 0.46853700160577183), (4, 0.28300860653738558)]
[(4, 0.37688003977804657), (6, 0.42975574324589016)]
[(0, 0.35539791166461193), (6, 0.53900409229159907)]
[(0, 0.21127711983371636), (6, 0.60364402326087607)]
[(2, 0.30340299782857366), (4, 0.32968858733998496)]
[(4, 0.50120947167523655), (6, 0.24207441830384882)]
[(4, 0.60213991408855028)]
[(4, 0.34551593152671056), (6, 0.32984650119376036)]
[(3, 0.23514186729025799), (5, 0.37252918213847819)]
[(6, 0.66354494503533035)]
[(2, 0.26015437469188935), (3, 0.27894294638007067), (6, 0.29434820740009948)]
[(3, 0.62103835999866408)]
[(3, 0.64445895529696129)]
[(6, 0.60759564822987477)]
[(3, 0.66154861793456265), (4, 0.3137296915716426)]
[(3, 0.34766700793188793), (4, 0.20519248741009899), (6, 0.30722313199107121)]
[(6, 0.74724760298783133)]
[(2, 0.61198331337066725), (6, 0.30213512878208493)]
[(2, 0.42568072257562717), (6, 0.2552448381448863)]
[(0, 0.66726107725154793), (6, 0.25094482725583062)]
[(0, 0.46853662037745269), (4, 0.28300826043154692)]
[(4, 0.37687381397095204), (6, 0.42975438931311133)]
[(0, 0.3553957756338198), (6, 0.53899999621705375)]
[(0, 0.21127709901162536), (6, 0.60364392913123421)]
[(2, 0.30340796482559668), (4, 0.3296961386639376)]
[(4, 0.50120844949975907), (6, 0.24207559717030999)]
[(4, 0.60214021087456848)]
[(4, 0.34551346924338294), (6, 0.32984346849237972)]
[(3, 0.23514168526704141), (5, 0.3725294202581344)]
[(6, 0.66352629764109794)]
[(2, 0.26015398390457461), (3, 0.27894165680309324), (6, 0.2943523719674167)]
[(3, 0.62103892409232442)]
[(3, 0.64445803462729589)]
[(6, 0.60759251090269617)]
[(3, 0.66154359496602622), (4, 0.31373381311112664)]
[(3, 0.34766707756565846), (4, 0.20519224509806078), (6, 0.30722375523165935)]
[(6, 0.74725563945416695)]
[(2, 0.61199277575316557), (6, 0.30214052319784057)]
[(2, 0.42570009671925541), (6, 0.25525169766027433)]
[(0, 0.66726896962928994), (6, 0.25097162580660559)]
[(0, 0.46853956798611451), (4, 0.28301094669563254)]
[(4, 0.37687228686118668), (6, 0.42975580613617947)]
[(0, 0.35539799784398435), (6, 0.53900425595792889)]
[(0, 0.21128501379224243), (6, 0.60367706129156995)]
[(2, 0.30340658572009588), (4, 0.32969424513237999)]
[(4, 0.50120865558512828), (6, 0.24207582075984235)]
[(4, 0.6021440530501373)]
[(4, 0.34551047564284987), (6, 0.32982759600887879)]
[(3, 0.23514163432101584), (5, 0.37252965736986149)]
[(6, 0.66354972936159129)]
[(2, 0.26015428782911293), (3, 0.27894379704954703), (6, 0.29434641231931069)]
[(3, 0.62104232102740708)]
[(3, 0.64445846185214728)]
[(6, 0.60759372159883895)]
[(3, 0.66154561630785957), (4, 0.31373241776662858)]
[(3, 0.34766010015105159), (4, 0.20519193552750403), (6, 0.30722619983707677)]
[(6, 0.74725469391232835)]
[(2, 0.61199199652348324), (6, 0.30214062384536433)]
[(2, 0.4256617833264657), (6, 0.25523771367573372)]
[(0, 0.66726189954130699), (6, 0.25094821426043284)]
[(0, 0.46854192110198756), (4, 0.28301313735211658)]
[(4, 0.37687877901793759), (6, 0.42975546650215268)]
[(0, 0.35539606909742022), (6, 0.53900053254029712)]
[(0, 0.21128008474659729), (6, 0.60365716916498735)]
[(2, 0.30340937176672556), (4, 0.32969862139554512)]
[(4, 0.50120922587226968), (6, 0.24207488983090059)]
[(4, 0.60214772182611409)]
[(4, 0.34551111886868363), (6, 0.32983273520116918)]
[(3, 0.23514070743303095), (5, 0.3725323751514405)]
[(6, 0.6635295581202052)]
[(2, 0.26015393606416864), (3, 0.27894513511202085), (6, 0.29434336633041064)]
[(3, 0.62104655845636869)]
[(3, 0.64445933350368634)]
[(6, 0.6075957131788331)]
[(3, 0.66155006496023283), (4, 0.31372923532700231)]
[(3, 0.34766050450162483), (4, 0.20519198866215466), (6, 0.30722547953096385)]
[(6, 0.74725232827320265)]
[(2, 0.61199266322270762), (6, 0.30214130800904565)]
[(2, 0.42569574708280955), (6, 0.25525017012943668)]
[(0, 0.66726356113772578), (6, 0.25095458171230306)]
[(0, 0.46853654785041288), (4, 0.28300815052773143)]
[(4, 0.3768879936469377), (6, 0.42975720231126491)]
[(0, 0.35539622520096026), (6, 0.53900082070955924)]
[(0, 0.21127285245117267), (6, 0.60362266544401333)]
[(2, 0.3034097103463973), (4, 0.32969825442752743)]
[(4, 0.50120877631105787), (6, 0.24207521614081445)]
[(4, 0.6021477252509142)]
[(4, 0.34550909073340724), (6, 0.32983615212248091)]
[(3, 0.23514372099475844), (5, 0.37252849155746398)]
[(6, 0.66353264133012091)]
[(2, 0.26015412674805916), (3, 0.27894376327216719), (6, 0.29434628301046362)]
[(3, 0.62103214620757941)]
[(3, 0.64446024007954938)]
[(6, 0.60759947045228757)]
[(3, 0.66155187375877778), (4, 0.31372766090654136)]
[(3, 0.34766990817641685), (4, 0.20519269350125616), (6, 0.30722238258573542)]
[(6, 0.7472507972956508)]
[(2, 0.61198168308313983), (6, 0.30213314919410394)]
[(2, 0.42566965955223257), (6, 0.25524092518837127)]
[(0, 0.66726803308404947), (6, 0.25096899616424739)]
[(0, 0.46853865752461665), (4, 0.28301008153118651)]
[(4, 0.37688242092447621), (6, 0.42975563106161002)]
[(0, 0.35539795539252461), (6, 0.53900417469330186)]
[(0, 0.21127195089528847), (6, 0.60361757315826481)]
[(2, 0.30341015567824875), (4, 0.32969908371219814)]
[(4, 0.50120861800624505), (6, 0.24207548413342539)]
[(4, 0.60214803409014217)]
[(4, 0.3455116170091676), (6, 0.32984137995495111)]
[(3, 0.2351420366435337), (5, 0.3725310474610769)]
[(6, 0.66352544099456645)]
[(2, 0.2601533127757088), (3, 0.27894271669929671), (6, 0.29435069687793503)]
[(3, 0.62104074988889468)]
[(3, 0.64446034256771212)]
[(6, 0.60759496270141744)]
[(3, 0.66154874252864493), (4, 0.31373052144199115)]
[(3, 0.34765684515869316), (4, 0.20519255199447478), (6, 0.30722731069041181)]
[(6, 0.74725442313901203)]
[(2, 0.6119682378289758), (6, 0.30212407517655199)]
[(2, 0.42567158566040381), (6, 0.25524163028949165)]
[(0, 0.66726586371943231), (6, 0.25096243299649923)]
[(0, 0.46853787640746686), (4, 0.28300936853532593)]
[(4, 0.3768811294135227), (6, 0.42975603128615175)]
[(0, 0.35539576334911538), (6, 0.53899997540064493)]
[(0, 0.2112715316485155), (6, 0.60361510572265764)]
[(2, 0.30341026181456859), (4, 0.32969912129501255)]
[(4, 0.50120840545042167), (6, 0.24207577976877062)]
[(4, 0.60214257347391209)]
[(4, 0.34551261905110892), (6, 0.32983213952957807)]
[(3, 0.23514073155656171), (5, 0.37253306395260855)]
[(6, 0.66354774965230967)]
[(2, 0.26015427494717863), (3, 0.27894361339632173), (6, 0.2943466387960646)]
[(3, 0.62104095369486523)]
[(3, 0.64445906979056011)]
[(6, 0.60759740218750768)]
[(3, 0.66154728482583569), (4, 0.31373105701588566)]
[(3, 0.34767093892875323), (4, 0.20519290384543126), (6, 0.30722157448563925)]
[(6, 0.74725132699959074)]
[(2, 0.6119753929459063), (6, 0.30212864850381604)]
[(2, 0.42566089210132452), (6, 0.25523757819771364)]
[(0, 0.66726651499603096), (6, 0.25096448118628761)]
[(0, 0.46854128671563461), (4, 0.28301258601075696)]
[(4, 0.37688276160201756), (6, 0.42975694644324947)]
[(0, 0.3553959017948069), (6, 0.53900022408831405)]
[(0, 0.21127988566699615), (6, 0.60365632035164951)]
[(2, 0.3034058275083415), (4, 0.32969502580485599)]
[(4, 0.50120853564870771), (6, 0.24207572601283728)]
[(4, 0.60214433830973413)]
[(4, 0.34551266013271048), (6, 0.32983617969555107)]
[(3, 0.23514137544132382), (5, 0.37253074221749616)]
[(6, 0.66354956630432294)]
[(2, 0.26015406805277946), (3, 0.27894272293872796), (6, 0.29434930776176765)]
[(3, 0.6210455520320417)]
[(3, 0.64445853565874078)]
[(6, 0.6075962856121373)]
[(3, 0.66154737595111901), (4, 0.31373100876137949)]
[(3, 0.34766695376642992), (4, 0.20519270152272118), (6, 0.30722339151062694)]
[(6, 0.74724794242847559)]
[(2, 0.61199503778359743), (6, 0.30214343577429753)]
[(2, 0.4256713757439588), (6, 0.25524156432647349)]
[(0, 0.66726560672042334), (6, 0.2509616064953677)]
[(0, 0.46853865035046294), (4, 0.28301003446025907)]
[(4, 0.37687282446579018), (6, 0.42975407353493295)]
[(0, 0.3553977521406303), (6, 0.53900376569542119)]
[(0, 0.21127569554810796), (6, 0.6036372734613219)]
[(2, 0.30340932736892046), (4, 0.32969735116824495)]
[(4, 0.50120919831267852), (6, 0.2420750936575724)]
[(4, 0.6021543623160186)]
[(4, 0.34551053694601075), (6, 0.32984079376769287)]
[(3, 0.23514341287640608), (5, 0.37252686846856914)]
[(6, 0.66353017591114416)]
[(2, 0.26015423930913384), (3, 0.27894400611921544), (6, 0.29434522519127787)]
[(3, 0.62103971277981973)]
[(3, 0.64446031922357205)]
[(6, 0.60759867041367055)]
[(3, 0.66155034213819364), (4, 0.3137291798475394)]
[(3, 0.34765869067550831), (4, 0.20519326289249332), (6, 0.30722703721948813)]
[(6, 0.74724742698140323)]
[(2, 0.61197323676844884), (6, 0.30212780770442255)]
[(2, 0.42570434606970647), (6, 0.25525309722208939)]
[(0, 0.66726341864914507), (6, 0.25095405633340717)]
[(0, 0.46853929936966637), (4, 0.28301066878898984)]
[(4, 0.37687599044392478), (6, 0.42975473905143458)]
[(0, 0.35539803748022192), (6, 0.53900434010443043)]
[(0, 0.21127988475969217), (6, 0.60365631471190273)]
[(2, 0.30341024411414241), (4, 0.32970034532930131)]
[(4, 0.50120871442923021), (6, 0.24207566995636959)]
[(4, 0.6021467723613988)]
[(4, 0.34550830116284748), (6, 0.32982665037286796)]
[(3, 0.23514127948595731), (5, 0.37253169023132432)]
[(6, 0.66352396310250927)]
[(2, 0.26015338320260095), (3, 0.27894302967955209), (6, 0.29434878233417455)]
[(3, 0.62104580058986047)]
[(3, 0.64445904942292487)]
[(6, 0.60759555980838253)]
[(3, 0.66154621769137856), (4, 0.31373244519384752)]
[(3, 0.34765925861897951), (4, 0.20519250471499154), (6, 0.30722661001815077)]
[(6, 0.74724747418540116)]
[(2, 0.61197689130942234), (6, 0.30212938616017698)]
[(2, 0.42566925132834599), (6, 0.25524077288475655)]
[(0, 0.66726375662402382), (6, 0.25095529114172155)]
[(0, 0.46853910480229227), (4, 0.28301043815850652)]
[(4, 0.37687602622585903), (6, 0.42975442920005846)]
[(0, 0.35539645965960381), (6, 0.53900124843335351)]
[(0, 0.21128222493887069), (6, 0.60366606195110994)]
[(2, 0.30340728938130068), (4, 0.32969442933345744)]
[(4, 0.50120964055161776), (6, 0.24207453143036251)]
[(4, 0.60214595732286769)]
[(4, 0.34550986595801381), (6, 0.32982808272621478)]
[(3, 0.23514273240807526), (5, 0.37252977381828462)]
[(6, 0.66354157075960285)]
[(2, 0.26015445030222162), (3, 0.27894359087222764), (6, 0.29434679884517717)]
[(3, 0.62104823268766951)]
[(3, 0.64445887728389228)]
[(6, 0.60759562015055313)]
[(3, 0.66154841088715377), (4, 0.31373038623502542)]
[(3, 0.34767128698987798), (4, 0.20519307730015474), (6, 0.30722158671607952)]
[(6, 0.74725502651335862)]
[(2, 0.61197236440610703), (6, 0.30212687447700115)]
[(2, 0.42569201921448113), (6, 0.25524880410656464)]
[(0, 0.66726865466969498), (6, 0.25097075341465414)]
[(0, 0.46853673880084368), (4, 0.28300835419648845)]
[(4, 0.37687324790615473), (6, 0.42975415826978108)]
[(0, 0.35539663932989174), (6, 0.53900159465578634)]
[(0, 0.21128216534148181), (6, 0.60366581808868058)]
[(2, 0.30340300520001945), (4, 0.32968861591570081)]
[(4, 0.50120874072388655), (6, 0.24207556734913802)]
[(4, 0.60215013939687423)]
[(4, 0.3455252323656039), (6, 0.32985092843238917)]
[(3, 0.23514217332217957), (5, 0.37252940486382008)]
[(6, 0.66353380632082115)]
[(2, 0.26015346892020635), (3, 0.27894381802521412), (6, 0.2943475642469397)]
[(3, 0.62104005062203138)]
[(3, 0.64445847839999071)]
[(6, 0.60759655546514768)]
[(3, 0.66154714786510427), (4, 0.31373156564232657)]
[(3, 0.34766801392477453), (4, 0.20519260364123965), (6, 0.30722302211620306)]
[(6, 0.74725584140672108)]
[(2, 0.61197953483724254), (6, 0.30213172299220675)]
[(2, 0.42570981099952543), (6, 0.25525514531096954)]
[(0, 0.66726580908882904), (6, 0.25096226123003507)]
[(0, 0.46853847973956403), (4, 0.28300987282767881)]
[(4, 0.37688877489368949), (6, 0.42975738614558806)]
[(0, 0.35539580892966954), (6, 0.53900005187755207)]
[(0, 0.21128307376533387), (6, 0.60366947951305738)]
[(2, 0.30340429948676267), (4, 0.3296903792929467)]
[(4, 0.50120844741270443), (6, 0.24207539675736373)]
[(4, 0.60214579920212141)]
[(4, 0.34551166522596816), (6, 0.3298305627949204)]
[(3, 0.23514296224960823), (5, 0.37252888309240262)]
[(6, 0.66355040920184372)]
[(2, 0.2601541042704909), (3, 0.27894338172931238), (6, 0.29434818079074399)]
[(3, 0.62103990883032822)]
[(3, 0.64445920199927642)]
[(6, 0.60759567466136555)]
[(3, 0.66155063250785906), (4, 0.31372885119513583)]
[(3, 0.34766696375699724), (4, 0.20519230008590869), (6, 0.30722339075244826)]
[(6, 0.74724951934825856)]
[(2, 0.61198304773596401), (6, 0.30213425568827318)]
[(2, 0.42568355996102303), (6, 0.25524581576704736)]
[(0, 0.66726102340703408), (6, 0.25094459836835203)]
[(0, 0.46853789248939326), (4, 0.28300935244995129)]
[(4, 0.37688880954804627), (6, 0.42975736761824279)]
[(0, 0.35539630033352887), (6, 0.53900096420631116)]
[(0, 0.21127182733966368), (6, 0.60361685526530884)]
[(2, 0.30340349275017153), (4, 0.32968927644565199)]
[(4, 0.50120929875736198), (6, 0.24207516037582369)]
[(4, 0.6021373797246975)]
[(4, 0.345520296352684), (6, 0.32984555025541257)]
[(3, 0.23514126276859598), (5, 0.37253086820841314)]
[(6, 0.66354716330906305)]
[(2, 0.26015381204408178), (3, 0.27894430745683652), (6, 0.29434497876722099)]
[(3, 0.62104557249187897)]
[(3, 0.64445893081641115)]
[(6, 0.60759437595687094)]
[(3, 0.66154810637968098), (4, 0.31373046108518321)]
[(3, 0.34766171520825723), (4, 0.20519318324051655), (6, 0.30722499954169924)]
[(6, 0.74725550719561928)]
[(2, 0.61198109101635867), (6, 0.30213314004610825)]
[(2, 0.42566093372595498), (6, 0.25523782019869889)]
[(0, 0.66726610811731712), (6, 0.25096320915005865)]
[(0, 0.46854128259445715), (4, 0.28301246959101367)]
[(4, 0.3768758729852339), (6, 0.42975499584003363)]
[(0, 0.35539586780559579), (6, 0.53900016385066718)]
[(0, 0.21128688491219538), (6, 0.60368412324328091)]
[(2, 0.30340943194406494), (4, 0.32969779034889152)]
[(4, 0.5012087334044153), (6, 0.24207593566635732)]
[(4, 0.60214739691832531)]
[(4, 0.34550981422269794), (6, 0.32983942551817375)]
[(3, 0.23514199086019227), (5, 0.37253000772005351)]
[(6, 0.66352967419027087)]
[(2, 0.26015483665898875), (3, 0.27894415427661962), (6, 0.29434436021769123)]
[(3, 0.62104025081200609)]
[(3, 0.64445932406016349)]
[(6, 0.607595485543311)]
[(3, 0.66155027186968818), (4, 0.31372918731616051)]
[(3, 0.34766811762299815), (4, 0.20519336301159311), (6, 0.30722310438113576)]
[(6, 0.747247427481327)]
[(2, 0.61197924200397746), (6, 0.30213197765449729)]
[(2, 0.42567449762492432), (6, 0.25524256638626985)]
[(0, 0.66726455050328781), (6, 0.25095807802610876)]
[(0, 0.46853987213631093), (4, 0.2830112046637866)]
[(4, 0.3768822732073322), (6, 0.4297561160231585)]
[(0, 0.35539553277584784), (6, 0.53899955704597757)]
[(0, 0.21128616096454642), (6, 0.60368142557988591)]
[(2, 0.30340774411554799), (4, 0.32969616011647906)]
[(4, 0.5012084937496013), (6, 0.24207570543144533)]
[(4, 0.60214629568628442)]
[(4, 0.34550827560980613), (6, 0.32983023515629395)]
[(3, 0.23514302714970239), (5, 0.37252741730185474)]
[(6, 0.66353702248294255)]
[(2, 0.26015362170490114), (3, 0.27894419728022724), (6, 0.29434674213660467)]
[(3, 0.62104759528969056)]
[(3, 0.64445872496703582)]
[(6, 0.60759645181140676)]
[(3, 0.66155038073186823), (4, 0.31372888750614608)]
[(3, 0.347668832233059), (4, 0.20519210426660223), (6, 0.30722245298882017)]
[(6, 0.74724788792684294)]
[(2, 0.61197181432133974), (6, 0.30212654019590074)]
[(2, 0.42568529164399505), (6, 0.2552464789843259)]
[(0, 0.66726868738819711), (6, 0.25097084393581504)]
[(0, 0.46853753253792169), (4, 0.2830090107880478)]
[(4, 0.37688652845858567), (6, 0.42975766912571645)]
[(0, 0.3553974996982045), (6, 0.53900326932861575)]
[(0, 0.21128617299290156), (6, 0.60368146024026448)]
[(2, 0.30340709917526026), (4, 0.32969509100977912)]
[(4, 0.50120522238748466), (6, 0.24207730147793652)]
[(4, 0.60214509066270083)]
[(4, 0.34550981183819696), (6, 0.32984008227853012)]
[(3, 0.23514271696179923), (5, 0.37252935520081931)]
[(6, 0.66354753920383047)]
[(2, 0.26015434645955954), (3, 0.27894470014345996), (6, 0.29434274266648863)]
[(3, 0.6210414733728451)]
[(3, 0.64445843028210004)]
[(6, 0.60759402976882138)]
[(3, 0.66154974318838844), (4, 0.31372973467077309)]
[(3, 0.34766024845610716), (4, 0.2051920504724854), (6, 0.3072263864711095)]
[(6, 0.74725617929558663)]
[(2, 0.61199759787041974), (6, 0.30214469535593336)]
[(2, 0.42566115121730419), (6, 0.25523787387257896)]
[(0, 0.66726041516285761), (6, 0.2509419658894807)]
[(0, 0.46853939996761806), (4, 0.28301078339550689)]
[(4, 0.37688749070295474), (6, 0.42975707603724006)]
[(0, 0.35539696041247348), (6, 0.53900222080006777)]
[(0, 0.21127983525294849), (6, 0.60365610571586292)]
[(2, 0.30340527112975085), (4, 0.3296924587062478)]
[(4, 0.50120833888282246), (6, 0.24207586658427685)]
[(4, 0.60214731000732213)]
[(4, 0.34551017671878087), (6, 0.32983976740282095)]
[(3, 0.23514167734192637), (5, 0.3725305273000073)]
[(6, 0.66353952905768521)]
[(2, 0.26015388568399944), (3, 0.27894373622451674), (6, 0.29434700861151741)]
[(3, 0.62104005645178995)]
[(3, 0.64445969322740793)]
[(6, 0.60759604722352423)]
[(0, 0.57112101986538333)]
