[(2, 0.57142854912866392)]
[(3, 0.61019011926814082), (4, 0.38074427404388123)]
[(6, 0.71249649938554405)]
[(2, 0.40361387572976259), (6, 0.41098847535054345)]
[(2, 0.28747185472025066), (3, 0.20309423486399614), (4, 0.22179913528699949)]
[(0, 0.29525898641424092), (4, 0.21064294324316687), (6, 0.28092634533079536)]
[(4, 0.27258944200412349), (6, 0.331492807254268)]
[(4, 0.54138533850704729), (6, 0.25113382473154361)]
[(4, 0.56032835962506777)]
[(4, 0.2621747748267762), (5, 0.23201025625026364)]
[(3, 0.34050313992009612), (6, 0.32726462144611818)]
[(3, 0.55655490519796702)]
[(3, 0.63919983564720462)]
[(3, 0.62930850985026332), (6, 0.22821936644696397)]
[(3, 0.3352986560583745), (6, 0.37358936680818861)]
[(1, 0.48262861878226204)]
[(1, 0.20671757926620357), (5, 0.23893978011579303)]
[(5, 0.39162531425565)]
[(3, 0.25309117721194052)]
[(4, 0.34056673168437113), (5, 0.31226761442076356)]
[(3, 0.20860825870409527), (5, 0.48224518293875812)]
[(3, 0.61019395572321766), (4, 0.38074043859904999)]
[(6, 0.7124965217517043)]
[(2, 0.40361328328218393), (6, 0.41098779955734843)]
[(2, 0.28747191981722403), (3, 0.20309965338757929), (4, 0.22179905612172227)]
[(0, 0.29525885231214333), (4, 0.21064202088309877), (6, 0.2809259297281706)]
[(4, 0.27259058337486164), (6, 0.33149214077887618)]
[(4, 0.54139904433489916), (6, 0.25112653275881247)]
[(4, 0.5603288345298757)]
[(4, 0.26217529257156513), (5, 0.23201021755590143)]
[(3, 0.34050225401314255), (6, 0.32726538774916092)]
[(3, 0.55654743233167292)]
[(3, 0.63920359075007782)]
[(3, 0.62931498900456107), (6, 0.22820959883073552)]
[(3, 0.33530930455145352), (6, 0.37358958919575935)]
[(1, 0.48262701525090979)]
[(1, 0.20671750539300121), (5, 0.238938372535271)]
[(5, 0.39165790676473239)]
[(3, 0.25308452033953871)]
[(4, 0.34056584930260203), (5, 0.31226732741345847)]
[(3, 0.20858872639092055), (5, 0.48224457960105999)]
[(3, 0.61018956401668578), (4, 0.38074482858058251)]
[(6, 0.71249672406686948)]
[(2, 0.40360567891687099), (6, 0.41098059498168754)]
[(2, 0.28747191393042898), (3, 0.20309918203515887), (4, 0.22179906280621756)]
[(0, 0.29525908108690774), (4, 0.21064359718517323), (6, 0.28092663959920861)]
[(4, 0.27258879775605316), (6, 0.33149322987882951)]
[(4, 0.54138082585695957), (6, 0.25112997258443748)]
[(4, 0.56032812115098873)]
[(4, 0.26217655092708464), (5, 0.2320102492203831)]
[(3, 0.34049978722997848), (6, 0.32726747130599232)]
[(3, 0.55654375281402235)]
[(3, 0.63920375589000122)]
[(3, 0.62931072796300269), (6, 0.22821602135945132)]
[(3, 0.33530420407998934), (6, 0.37358948265306557)]
[(1, 0.482628877175106)]
[(1, 0.20671765361012515), (5, 0.23894106302836057)]
[(5, 0.39161629261844411)]
[(3, 0.25309424551906884)]
[(4, 0.34056536829540746), (5, 0.31226717088407308)]
[(3, 0.20861224928551592), (5, 0.48224532279358406)]
[(3, 0.610192534812114), (4, 0.38074185921691395)]
[(6, 0.7124978469027119)]
[(2, 0.40360199024777071), (6, 0.41097950471737477)]
[(2, 0.28747191652115495), (3, 0.20309935217264155), (4, 0.22179906088342788)]
[(0, 0.29525922355046258), (4, 0.21064458022781657), (6, 0.28092708201863942)]
[(4, 0.2725906408285898), (6, 0.33149211149216173)]
[(4, 0.54139531166978816), (6, 0.25112051961432558)]
[(4, 0.56032948253008352)]
[(4, 0.26217662576046202), (5, 0.23201028095770407)]
[(3, 0.3405046508565101), (6, 0.3272632842620114)]
[(3, 0.55654640838932534)]
[(3, 0.63920099621208082)]
[(3, 0.62931437881034824), (6, 0.22821051827659752)]
[(3, 0.33532230646864375), (6, 0.37358986097565833)]
[(1, 0.48262668887984672)]
[(1, 0.20671756841887545), (5, 0.23893950204202616)]
[(5, 0.39162606812837536)]
[(3, 0.25309345724447013)]
[(4, 0.34055981214277709), (5, 0.31226536323072102)]
[(3, 0.20860802894595967), (5, 0.48224517180871568)]
[(3, 0.61017822242927455), (4, 0.38075615252403738)]
[(6, 0.71249996267232574)]
[(2, 0.40360455021300096), (6, 0.41098201160496589)]
[(2, 0.28747167897027726), (3, 0.20308115183195408), (4, 0.22179930777008514)]
[(0, 0.29525891613710531), (4, 0.21064246064026729), (6, 0.28092612778989584)]
[(4, 0.27258841102503573), (6, 0.33149349534227412)]
[(4, 0.54138797240076619), (6, 0.25113876078855901)]
[(4, 0.56032899739239328)]
[(4, 0.26217508205065115), (5, 0.23201028001676172)]
[(3, 0.34050419727766024), (6, 0.3272636903654349)]
[(3, 0.55654166617026368)]
[(3, 0.63920255772351575)]
[(3, 0.62931039124450994), (6, 0.22821652907912068)]
[(3, 0.33530616057798124), (6, 0.37358952351709551)]
[(1, 0.48262760154797951)]
[(1, 0.2067176036039389), (5, 0.2389402707789787)]
[(5, 0.39161847327940119)]
[(3, 0.25309617566395515)]
[(4, 0.34055627758907336), (5, 0.31226421363086387)]
[(3, 0.20858711590558748), (5, 0.48224448920981605)]
[(3, 0.61018897758816992), (4, 0.38074541507891874)]
[(6, 0.71249763462185012)]
[(2, 0.40359983000879629), (6, 0.41097683815124009)]
[(2, 0.28747178409913066), (3, 0.20308929963902983), (4, 0.22179919603861559)]
[(0, 0.29525897492133679), (4, 0.21064286739134133), (6, 0.28092631075704616)]
[(4, 0.27258802707496721), (6, 0.33149376570550326)]
[(4, 0.54138586566724134), (6, 0.25113800961375393)]
[(4, 0.56032771140080373)]
[(4, 0.26217525414403658), (5, 0.23201042418831494)]
[(3, 0.34050136121533248), (6, 0.32726614957472766)]
[(3, 0.55654450117809684)]
[(3, 0.63920427434265181)]
[(3, 0.6293164097343833), (6, 0.22820745842606258)]
[(3, 0.33530058739037638), (6, 0.3735894071296455)]
[(1, 0.48262929281351313)]
[(1, 0.20671756422668977), (5, 0.23893951555174936)]
[(5, 0.39162242990187973)]
[(3, 0.25309507322590702)]
[(4, 0.34056205578771204), (5, 0.3122660930329284)]
[(3, 0.20861433243593352), (5, 0.48224532036411549)]
[(3, 0.6101916458608867), (4, 0.38074274800285945)]
[(6, 0.71249565968651352)]
[(2, 0.40359918822760593), (6, 0.41097619611164316)]
[(2, 0.28747182362773338), (3, 0.20309232360242155), (4, 0.22179915505457579)]
[(0, 0.29525943684116818), (4, 0.21064604899092804), (6, 0.28092774326250514)]
[(4, 0.27259040879642604), (6, 0.33149223371493752)]
[(4, 0.54138392503571964), (6, 0.25113574898052221)]
[(4, 0.56032837319623829)]
[(4, 0.26217561981886067), (5, 0.23201028894642806)]
[(3, 0.34050438361089203), (6, 0.32726352407869808)]
[(3, 0.55655745702740778)]
[(3, 0.63919980214902727)]
[(3, 0.62931451612377531), (6, 0.22821031136340031)]
[(3, 0.3353294663929301), (6, 0.37359001075372356)]
[(1, 0.48262709781564012)]
[(1, 0.20671758430143566), (5, 0.23893981367919009)]
[(5, 0.39165526762311115)]
[(3, 0.25309539190989677)]
[(4, 0.34056031708994911), (5, 0.31226552750358666)]
[(3, 0.20861186179745342), (5, 0.48224526990182442)]
[(3, 0.6101923210705853), (4, 0.3807420730040133)]
[(6, 0.71250002226668996)]
[(2, 0.40362139026717092), (6, 0.41099357756487886)]
[(2, 0.28747168212684182), (3, 0.2030816144532554), (4, 0.22179929876583704)]
[(0, 0.29525872065772746), (4, 0.21064111057476176), (6, 0.2809255200832092)]
[(4, 0.27258892124736817), (6, 0.33149314706223687)]
[(4, 0.5413827375294874), (6, 0.25113475720756151)]
[(4, 0.56032915247829074)]
[(4, 0.26217617978284846), (5, 0.232010287156168)]
[(3, 0.34050399641877516), (6, 0.32726386881795805)]
[(3, 0.55655092094203962)]
[(3, 0.63919957691454132)]
[(3, 0.62931147529808795), (6, 0.22821489459568575)]
[(3, 0.33531514747464769), (6, 0.3735897112977869)]
[(1, 0.48262702246786843)]
[(1, 0.20671758732389384), (5, 0.2389399566606592)]
[(5, 0.39165196968442512)]
[(3, 0.25309636360458621)]
[(4, 0.34055878558336561), (5, 0.31226502944618229)]
[(3, 0.20859331805629455), (5, 0.48224470809909864)]
[(3, 0.61019277510991132), (4, 0.38074161900979314)]
[(6, 0.71249671863583353)]
[(2, 0.40361327053380996), (6, 0.4109884756541341)]
[(2, 0.28747185099384504), (3, 0.20309433425231874), (4, 0.22179912891804457)]
[(0, 0.29525953294776752), (4, 0.21064670760489107), (6, 0.2809280401139842)]
[(4, 0.27258908436430035), (6, 0.33149303901274219)]
[(4, 0.54140105893712009), (6, 0.25114851171946945)]
[(4, 0.56032810682699763)]
[(4, 0.26217687205703716), (5, 0.23201030233545242)]
[(3, 0.3405038794259308), (6, 0.32726397239601951)]
[(3, 0.55656099157893668)]
[(3, 0.63921326462635331)]
[(3, 0.62931556271823685), (6, 0.22820873443965456)]
[(3, 0.33531309555340671), (6, 0.37358966841179164)]
[(1, 0.4826272586889388)]
[(1, 0.20671760077565576), (5, 0.23894015306856689)]
[(5, 0.39164114955442958)]
[(3, 0.25308781781417011)]
[(4, 0.34055789432079675), (5, 0.31226473932613741)]
[(3, 0.20861082534074149), (5, 0.48224523455071772)]
[(3, 0.61019133984990925), (4, 0.38074305375258077)]
[(6, 0.71249908347501822)]
[(2, 0.40360595778659952), (6, 0.41098073890364112)]
[(2, 0.28747192223097484), (3, 0.20309966057726661), (4, 0.2217990583034716)]
[(0, 0.29525933316028663), (4, 0.21064533463348467), (6, 0.28092742172630636)]
[(4, 0.27259034322283449), (6, 0.33149226973668333)]
[(4, 0.5413964664940244), (6, 0.25112223736578743)]
[(4, 0.56032822556428175)]
[(4, 0.26217735883729526), (5, 0.23201014047246846)]
[(3, 0.34050243715586448), (6, 0.32726523023535425)]
[(3, 0.55655133977670435)]
[(3, 0.63920328997039166)]
[(3, 0.62930859991918864), (6, 0.22821923060055072)]
[(3, 0.3353051135407662), (6, 0.37358950164759325)]
[(1, 0.48262627718215345)]
[(1, 0.20671759472089835), (5, 0.23894001380750424)]
[(5, 0.39162059381381986)]
[(3, 0.25309496648735241)]
[(4, 0.34056537325953545), (5, 0.31226717239709573)]
[(3, 0.20861424277086538), (5, 0.48224532231468337)]
[(3, 0.61019167432076071), (4, 0.38074271943274662)]
[(6, 0.71250047836235142)]
[(2, 0.40360321695834483), (6, 0.41098098081260925)]
[(2, 0.28747181639332903), (3, 0.20309171726857217), (4, 0.221799164071705)]
[(0, 0.29525942406514971), (4, 0.2106459597414404), (6, 0.28092770324556832)]
[(4, 0.27258964048028278), (6, 0.33149268273411253)]
[(4, 0.54139026723507833), (6, 0.25113786135999744)]
[(4, 0.56032907969143309)]
[(4, 0.2621766171152784), (5, 0.23201024167469994)]
[(3, 0.340503568381467), (6, 0.32726424654245118)]
[(3, 0.55655631054671173)]
[(3, 0.63920282221808389)]
[(3, 0.62931017484133933), (6, 0.22821685539675146)]
[(3, 0.33531006960487103), (6, 0.37358960518034617)]
[(1, 0.48262719292907019)]
[(1, 0.20671755596605473), (5, 0.23893921808118784)]
[(5, 0.39163108364736643)]
[(3, 0.25308621263876169)]
[(4, 0.34056308376706285), (5, 0.31226642754209105)]
[(3, 0.208614108694748), (5, 0.4822453221795539)]
[(3, 0.61018860727651381), (4, 0.38074578477312748)]
[(6, 0.71249714276527532)]
[(2, 0.4036091990011364), (6, 0.41098326384311423)]
[(2, 0.28747182229421187), (3, 0.20309232984714909), (4, 0.2217991536587299)]
[(0, 0.2952588083294162), (4, 0.21064171733873302), (6, 0.28092579306814158)]
[(4, 0.27259086989649794), (6, 0.33149199741206015)]
[(4, 0.5413882186387915), (6, 0.25114040388707193)]
[(4, 0.56032927848590208)]
[(4, 0.26217593552641943), (5, 0.23201025414413443)]
[(3, 0.34050369103054229), (6, 0.32726413865111276)]
[(3, 0.55655164419547576)]
[(3, 0.63920005098255261)]
[(3, 0.62930836768778453), (6, 0.22821958089004615)]
[(3, 0.33531820999636741), (6, 0.37358977531809251)]
[(1, 0.48262821199272171)]
[(1, 0.20671767064694094), (5, 0.23894150847251094)]
[(5, 0.39163735841613118)]
[(3, 0.25309189770020118)]
[(4, 0.34055874301490241), (5, 0.31226501548133917)]
[(3, 0.20860045111011086), (5, 0.48224481600678787)]
[(3, 0.61018753967324502), (4, 0.38074685137608977)]
[(6, 0.71249949391954837)]
[(2, 0.40361622752721871), (6, 0.41098968460269208)]
[(2, 0.2874719291393602), (3, 0.20310027280499296), (4, 0.22179904893794378)]
[(0, 0.29525890078789335), (4, 0.21064235517604704), (6, 0.28092608025495164)]
[(4, 0.27258839975710186), (6, 0.33149350217893769)]
[(4, 0.54138496605003339), (6, 0.25113315211562698)]
[(4, 0.56032900780633521)]
[(4, 0.26217482511029305), (5, 0.23201022718363776)]
[(3, 0.34050459466697303), (6, 0.32726333481899023)]
[(3, 0.55656149867577642)]
[(3, 0.63920379984724052)]
[(3, 0.6293156938896689), (6, 0.22820853682055239)]
[(3, 0.33529757228163842), (6, 0.3735893441841695)]
[(1, 0.48262739607864874)]
[(1, 0.20671749575546822), (5, 0.23893815493290732)]
[(5, 0.39162939784120293)]
[(3, 0.25308976629872704)]
[(4, 0.34055909974224702), (5, 0.31226513153227736)]
[(3, 0.20860540779768902), (5, 0.48224507982300219)]
[(3, 0.61018895496037717), (4, 0.38074543738461503)]
[(6, 0.71249672223312277)]
[(2, 0.40359966926070689), (6, 0.41097657049318759)]
[(2, 0.28747187084209319), (3, 0.2030958320512328), (4, 0.22179910886852569)]
[(0, 0.2952592240188619), (4, 0.21064458264638986), (6, 0.28092708320812987)]
[(4, 0.27258789782483001), (6, 0.3314938577483727)]
[(4, 0.54139393622482745), (6, 0.25111872799689272)]
[(4, 0.56032903915929766)]
[(4, 0.26217655094355252), (5, 0.23201024198740847)]
[(3, 0.34050347853875051), (6, 0.32726432540844652)]
[(3, 0.55653716303567302)]
[(3, 0.6391998081199981)]
[(3, 0.62931249023482316), (6, 0.22821336459013591)]
[(3, 0.33531275294823909), (6, 0.37358966125185433)]
[(1, 0.48262899281982741)]
[(1, 0.20671770683069712), (5, 0.23894216609259983)]
[(5, 0.39161708432035597)]
[(3, 0.25308983726609025)]
[(4, 0.34056230312771263), (5, 0.31226617365358372)]
[(3, 0.20861543992250822), (5, 0.48224539032326769)]
[(3, 0.61017758574397163), (4, 0.38075678813408442)]
[(6, 0.71249746429029326)]
[(2, 0.40360278757911233), (6, 0.41098089971468305)]
[(2, 0.28747181685608408), (3, 0.203091506451655), (4, 0.22179917003346328)]
[(0, 0.29525947369848954), (4, 0.21064630058428996), (6, 0.28092785678908672)]
[(4, 0.27258912530737334), (6, 0.33149301163396117)]
[(4, 0.54139248010470975), (6, 0.25111614073968896)]
[(4, 0.56032786684953473)]
[(4, 0.26217529180488058), (5, 0.23201030893121252)]
[(3, 0.34050343250800397), (6, 0.32726436576192303)]
[(3, 0.55655103848693122)]
[(3, 0.63920253486145906)]
[(3, 0.62931483778636832), (6, 0.22820982667897236)]
[(3, 0.33529222464927227), (6, 0.37358923257861348)]
[(1, 0.48262625511061324)]
[(1, 0.2067175960847478), (5, 0.23894009579902376)]
[(5, 0.39161634446180665)]
[(3, 0.25308830426517309)]
[(4, 0.34055750605350471), (5, 0.3122646131746194)]
[(3, 0.20861405150515364), (5, 0.48224532147988197)]
[(3, 0.61019313144236986), (4, 0.38074126289568339)]
[(6, 0.71249734295702771)]
[(2, 0.40361181692551185), (6, 0.4109875075604692)]
[(2, 0.28747189019051395), (3, 0.20309723579694072), (4, 0.22179909108193474)]
[(0, 0.29525883254874369), (4, 0.21064188415345853), (6, 0.28092586821303428)]
[(4, 0.27258849994819573), (6, 0.33149343369487999)]
[(4, 0.54138259205672146), (6, 0.25113398314074731)]
[(4, 0.56032940522719632)]
[(4, 0.26217589746173897), (5, 0.2320102204958891)]
[(3, 0.34050338428050353), (6, 0.3272644080029995)]
[(3, 0.5565357223677081)]
[(3, 0.63921034109044783)]
[(3, 0.62931363322337508), (6, 0.22821164185889625)]
[(3, 0.33530150810912163), (6, 0.37358942635406489)]
[(1, 0.48262704149907754)]
[(1, 0.20671755284440246), (5, 0.23893929757013291)]
[(5, 0.39161762648590742)]
[(3, 0.2530901547660665)]
[(4, 0.34055608107811497), (5, 0.3122641497314953)]
[(3, 0.20860606224842432), (5, 0.48224512253233753)]
[(3, 0.61019125922630135), (4, 0.38074313452684588)]
[(6, 0.71249682229946298)]
[(2, 0.40360814815729867), (6, 0.41098224993995236)]
[(2, 0.28747190049325494), (3, 0.2030981544391717), (4, 0.22179907668977639)]
[(0, 0.29525934911562518), (4, 0.21064544350304809), (6, 0.28092747086427516)]
[(4, 0.27258928786496028), (6, 0.33149290598193859)]
[(4, 0.54139552258871804), (6, 0.25112086471176004)]
[(4, 0.56032927716939707)]
[(4, 0.26217723552802596), (5, 0.23201027032617749)]
[(3, 0.34050433968548738), (6, 0.32726356334462436)]
[(3, 0.556563197815373)]
[(3, 0.6392037294457974)]
[(3, 0.62931033548839177), (6, 0.22821661315348654)]
[(3, 0.3353187601460027), (6, 0.37358978682022148)]
[(1, 0.48262708733591603)]
[(1, 0.20671759627755154), (5, 0.23894003618594223)]
[(5, 0.39162866549046876)]
[(3, 0.25309211508094109)]
[(4, 0.34056484017582839), (5, 0.31226699903873262)]
[(3, 0.20861468900455657), (5, 0.48224535727239337)]
[(3, 0.61017733483040548), (4, 0.38075703995125793)]
[(6, 0.71250045415513452)]
[(2, 0.40360952673878459), (6, 0.41098540888732077)]
[(2, 0.28747174996405395), (3, 0.20308680200240797), (4, 0.22179922840912475)]
[(0, 0.29525887632231496), (4, 0.21064218825129064), (6, 0.28092600486955299)]
[(4, 0.27258994823203214), (6, 0.3314924966405759)]
[(4, 0.54138687691870357), (6, 0.25113633177303746)]
[(4, 0.56032817508840915)]
[(4, 0.26217669684040523), (5, 0.23201017558972586)]
[(3, 0.34050432661810864), (6, 0.32726357501787656)]
[(3, 0.55655679435815375)]
[(3, 0.63920186104854659)]
[(3, 0.62930871223402585), (6, 0.22821906119328178)]
[(3, 0.33530880713053335), (6, 0.37358957880343052)]
[(1, 0.48262909109473401)]
[(1, 0.20671764229125397), (5, 0.2389409703187991)]
[(5, 0.39162026547963807)]
[(3, 0.25308898187771567)]
[(4, 0.34056400450819202), (5, 0.31226672706307496)]
[(3, 0.20861499476675266), (5, 0.48224533520225465)]
[(3, 0.61019396211180899), (4, 0.38074043212759706)]
[(6, 0.7125003584678179)]
[(2, 0.40361180630743576), (6, 0.41098679354216133)]
[(2, 0.287471932186465), (3, 0.20310044136206376), (4, 0.22179904748044241)]
[(0, 0.29525908289654457), (4, 0.21064360657905998), (6, 0.28092664421204)]
[(4, 0.27258931656529645), (6, 0.33149288716602732)]
[(4, 0.54138320231668813), (6, 0.25113459764036439)]
[(4, 0.56032770588211611)]
[(4, 0.26217569178222871), (5, 0.2320102447666538)]
[(3, 0.34050382805841817), (6, 0.3272640177916889)]
[(3, 0.55654329106761691)]
[(3, 0.63920066203328796)]
[(3, 0.62931113424667739), (6, 0.22821540877715324)]
[(3, 0.33532927622938596), (6, 0.37359000677465454)]
[(1, 0.48262747723310723)]
[(1, 0.20671754301321144), (5, 0.23893909861480869)]
[(5, 0.39163757426226586)]
[(3, 0.25308723032772446)]
[(4, 0.34056901227051634), (5, 0.31226835671382441)]
[(3, 0.20859278923201274), (5, 0.48224464982639365)]
[(3, 0.61018139247897429), (4, 0.38075298523317175)]
[(6, 0.71249795040214969)]
[(2, 0.40360465514501043), (6, 0.41097967056685508)]
[(2, 0.2874716688454198), (3, 0.20308039642849884), (4, 0.22179931768239297)]
[(0, 0.29525939257020739), (4, 0.21064574384621329), (6, 0.28092760593528199)]
[(4, 0.27258905458055188), (6, 0.33149305834543047)]
[(4, 0.54139997871357837), (6, 0.25112788153608645)]
[(4, 0.56032951099585149)]
[(4, 0.2621773423141463), (5, 0.23201016513927905)]
[(3, 0.34050481276893929), (6, 0.32726313816172292)]
[(3, 0.55654729900065414)]
[(3, 0.6392035502705703)]
[(3, 0.62931659652801297), (6, 0.22820717704932897)]
[(3, 0.33530824285584188), (6, 0.37358956701484092)]
[(1, 0.48262650455473938)]
[(1, 0.20671759724180372), (5, 0.23894010170080585)]
[(5, 0.39161533573092272)]
[(3, 0.25308876400604663)]
[(4, 0.34055383460431821), (5, 0.3122634192512026)]
[(3, 0.20859104137892159), (5, 0.48224459773975287)]
[(3, 0.6101786617175865), (4, 0.38075571566295391)]
[(6, 0.71249674608169122)]
[(2, 0.4035956040358557), (6, 0.41097503281364783)]
[(2, 0.28747184167991652), (3, 0.20309377516415014), (4, 0.22179913456283498)]
[(0, 0.29525947283389586), (4, 0.21064629586299546), (6, 0.28092785451016294)]
[(4, 0.27259026453344759), (6, 0.33149231310001454)]
[(4, 0.54137677197612566), (6, 0.25113077945199463)]
[(4, 0.56032854983184899)]
[(4, 0.26217566754310545), (5, 0.23201019799233472)]
[(3, 0.34050463112541463), (6, 0.32726330202358339)]
[(3, 0.55654633456510028)]
[(3, 0.63919974453437745)]
[(3, 0.62931289355389586), (6, 0.22821275666432569)]
[(3, 0.33530426778677919), (6, 0.3735894839835735)]
[(1, 0.48262759372886704)]
[(1, 0.20671761537311256), (5, 0.23894041185764781)]
[(5, 0.39161954815629757)]
[(3, 0.25309144687539409)]
[(4, 0.34056293832787737), (5, 0.31226638021222447)]
[(3, 0.20858814072727389), (5, 0.48224447332221898)]
[(3, 0.61018825564940604), (4, 0.38074613634163251)]
[(6, 0.71249793117513072)]
[(2, 0.40361751792115441), (6, 0.41099068259428118)]
[(2, 0.28747186559999754), (3, 0.20309525198509021), (4, 0.22179911914262934)]
[(0, 0.29525871829595612), (4, 0.21064109685565552), (6, 0.28092551358523038)]
[(4, 0.27258985435867883), (6, 0.3314925519655943)]
[(4, 0.54139403518254425), (6, 0.25111787310846034)]
[(4, 0.56032952567950389)]
[(4, 0.26217564250217212), (5, 0.23201037805742672)]
[(3, 0.34050247421993318), (6, 0.32726519830326001)]
[(3, 0.55654483197251614)]
[(3, 0.63920099365476979)]
[(3, 0.62931163491493214), (6, 0.22821465395729437)]
[(3, 0.33529792263799818), (6, 0.37358935149770861)]
[(1, 0.48262694549466228)]
[(1, 0.20671753885124028), (5, 0.23893895241542773)]
[(5, 0.39161339831376624)]
[(3, 0.25308535100585317)]
[(4, 0.34055888856783184), (5, 0.31226506282278693)]
[(3, 0.20858969263397509), (5, 0.48224455519397419)]
[(3, 0.61019320858882808), (4, 0.38074118566063103)]
[(6, 0.71249926365008942)]
[(2, 0.40360829117418145), (6, 0.4109840070954609)]
[(2, 0.28747183417981403), (3, 0.20309306273409136), (4, 0.22179914593799052)]
[(0, 0.29525919037647896), (4, 0.21064434984699879), (6, 0.28092697852561449)]
[(4, 0.27258873610798334), (6, 0.33149327189800848)]
[(4, 0.54139474851198399), (6, 0.25111982285655177)]
[(4, 0.56032961230446843)]
[(4, 0.26217536425614041), (5, 0.23201027625417725)]
[(3, 0.34049992698999548), (6, 0.32726735493866199)]
[(3, 0.55654392011588816)]
[(3, 0.63919935052153265)]
[(3, 0.62931190679226323), (6, 0.22821424409190558)]
[(3, 0.33532136243721578), (6, 0.37358984123353484)]
[(1, 0.48262769413641493)]
[(1, 0.20671757499077148), (5, 0.23893964618172223)]
[(5, 0.39162969273607751)]
[(3, 0.25309006018907543)]
[(4, 0.34055810258418273), (5, 0.31226480710840476)]
[(3, 0.20860887533642397), (5, 0.48224519905336483)]
[(3, 0.61019020859720807), (4, 0.38074418443697816)]
[(6, 0.71249940332270423)]
[(2, 0.40360237813465932), (6, 0.41097845817039808)]
[(2, 0.28747174642585954), (3, 0.20308633654900754), (4, 0.22179923763585066)]
[(0, 0.2952593879525785), (4, 0.2106457114276144), (6, 0.28092759141883078)]
[(4, 0.27258790799152632), (6, 0.33149385053148051)]
[(4, 0.54138962253599665), (6, 0.25114015412296964)]
[(4, 0.56032796281295461)]
[(4, 0.26217535027615829), (5, 0.23201031504174177)]
[(3, 0.34050456567294018), (6, 0.3272633608780805)]
[(3, 0.55655235510058421)]
[(3, 0.63919931102389749)]
[(3, 0.62931801491663086), (6, 0.22820504074430026)]
[(3, 0.33530384357665693), (6, 0.37358947512413593)]
[(1, 0.48262878178747937)]
[(1, 0.20671764465628184), (5, 0.23894096917026611)]
[(5, 0.39162641991763736)]
[(3, 0.25309458744924912)]
[(4, 0.34056020049604041), (5, 0.31226548963015999)]
[(3, 0.20860931813469533), (5, 0.48224521512387425)]
[(3, 0.61019000273196311), (4, 0.38074439022684503)]
[(6, 0.71249650957093236)]
[(2, 0.40360993869379358), (6, 0.41098479087743561)]
[(2, 0.28747176976884098), (3, 0.20308842532073382), (4, 0.22179920507157636)]
[(0, 0.29525937062794788), (4, 0.21064559174009045), (6, 0.28092753758644884)]
[(4, 0.27258908513961416), (6, 0.33149303802862906)]
[(4, 0.54137895749265075), (6, 0.25112866835766839)]
[(4, 0.56032815357844412)]
[(4, 0.26217721683039036), (5, 0.23201013825299371)]
[(3, 0.34050524761469592), (6, 0.32726274248139425)]
[(3, 0.5565466792145054)]
[(3, 0.63920068948271525)]
[(3, 0.62930784877005785), (6, 0.22822036365876811)]
[(3, 0.33531065271895216), (6, 0.3735896173642107)]
[(1, 0.48262748149639101)]
[(1, 0.20671762815621625), (5, 0.23894070274790508)]
[(5, 0.39163372068641006)]
[(3, 0.25309282958130652)]
[(4, 0.34056819461963844), (5, 0.31226809056691673)]
[(3, 0.20858617852435987), (5, 0.48224444042044501)]
[(3, 0.61019017259288222), (4, 0.3807442202902338)]
[(6, 0.71249744802683734)]
[(2, 0.40362182351964965), (6, 0.41099131637595326)]
[(2, 0.2874719129957824), (3, 0.20309903346317834), (4, 0.22179906579791303)]
[(0, 0.29525877128940026), (4, 0.2106414634945899), (6, 0.28092567855616302)]
[(4, 0.27259024633654738), (6, 0.33149232391618061)]
[(4, 0.5413937805429212), (6, 0.25111828159473754)]
[(4, 0.56032795677614011)]
[(4, 0.26217482042282209), (5, 0.23201033072614158)]
[(3, 0.34050332030257169), (6, 0.32726446397984388)]
[(3, 0.55654969653296593)]
[(3, 0.6391991407668185)]
[(3, 0.62930772895543019), (6, 0.22822054440424916)]
[(3, 0.33531001526509868), (6, 0.37358960404496472)]
[(1, 0.48262684513739379)]
[(1, 0.2067175881637057), (5, 0.23893992159493077)]
[(5, 0.39161247931255816)]
[(3, 0.2530958764346517)]
[(4, 0.34055190532042301), (5, 0.31226279194367623)]
[(3, 0.20860741434834573), (5, 0.48224512857215979)]
[(3, 0.61017740213066918), (4, 0.38075697328980296)]
[(6, 0.71250044799266254)]
[(2, 0.40360089877180511), (6, 0.41097745317172446)]
[(2, 0.28747194215788036), (3, 0.2031014218875013), (4, 0.22179903139197235)]
[(0, 0.29525932720319037), (4, 0.21064529359743811), (6, 0.2809274032535698)]
[(4, 0.27258986442619254), (6, 0.33149254617774226)]
[(4, 0.54139850467970063), (6, 0.2511285112188279)]
[(4, 0.56032754001522778)]
[(4, 0.26217709102462178), (5, 0.23201019536996095)]
[(3, 0.3405025435851648), (6, 0.32726513849203398)]
[(3, 0.55656115616818813)]
[(3, 0.6392018796992236)]
[(3, 0.6293141446179269), (6, 0.22821087118454048)]
[(3, 0.33530099836608435), (6, 0.37358941571056414)]
[(1, 0.4826278608736343)]
[(1, 0.20671748920641034), (5, 0.23893803636845964)]
[(5, 0.39163458530580092)]
[(3, 0.2530963047902744)]
[(4, 0.34055496654845008), (5, 0.3122637873535718)]
[(3, 0.20858579851783546), (5, 0.48224443205475687)]
[(3, 0.61018035924623781), (4, 0.38075402215847087)]
[(6, 0.7124994123624635)]
[(2, 0.40360281545690113), (6, 0.41097852270757101)]
[(2, 0.28747193178293723), (3, 0.20310048424077184), (4, 0.22179904598125053)]
[(0, 0.29525922359819601), (4, 0.21064457930283045), (6, 0.28092708175849618)]
[(4, 0.27259001172437819), (6, 0.33149245909841041)]
[(4, 0.54137572533494349), (6, 0.25112310063126453)]
[(4, 0.5603291971968154)]
[(4, 0.26217512562440054), (5, 0.23201017338294055)]
[(3, 0.3405033644986078), (6, 0.32726442531818695)]
[(3, 0.55654182879949876)]
[(3, 0.63920185515026051)]
[(3, 0.62931593502808236), (6, 0.22820817353985712)]
[(3, 0.33532284835043852), (6, 0.37358987230842594)]
[(1, 0.48262691781055678)]
[(1, 0.20671766258725779), (5, 0.23894130136549871)]
[(5, 0.39162151405925727)]
[(3, 0.25309095943886362)]
[(4, 0.34056071779285907), (5, 0.31226565778360327)]
[(3, 0.20861519308735238), (5, 0.48224537155128638)]
[(3, 0.61019361167617214), (4, 0.38074078263800726)]
[(6, 0.71249728217877162)]
[(2, 0.40361582095382764), (6, 0.41099042678165237)]
[(2, 0.28747184679378524), (3, 0.20309388605805825), (4, 0.22179913657248629)]
[(0, 0.29525902206863669), (4, 0.21064319117312588), (6, 0.28092645669653332)]
[(4, 0.27258788686821073), (6, 0.33149386604386261)]
[(4, 0.54138481167221797), (6, 0.251133489340372)]
[(4, 0.5603280540722223)]
[(4, 0.26217555796603725), (5, 0.23201020513819853)]
[(3, 0.34050043420948012), (6, 0.32726693104828747)]
[(3, 0.55655274371889996)]
[(3, 0.63921344679663616)]
[(3, 0.62931733470901408), (6, 0.22820606517520539)]
[(3, 0.33531995425213496), (6, 0.37358981178738143)]
[(1, 0.4826271034421738)]
[(1, 0.20671752097036994), (5, 0.23893866332432065)]
[(5, 0.39163085333089559)]
[(3, 0.25309054104015977)]
[(4, 0.34055698976180365), (5, 0.31226444528633007)]
[(3, 0.20859053800592081), (5, 0.48224459772115497)]
[(3, 0.61018166026108123), (4, 0.3807527189030131)]
[(6, 0.71249919419894381)]
[(2, 0.40360931453274046), (6, 0.41098501728359749)]
[(2, 0.2874718097063671), (3, 0.20309140550935381), (4, 0.22179916564428342)]
[(0, 0.29525891378300184), (4, 0.21064244435486745), (6, 0.28092612046360144)]
[(4, 0.2725892174012573), (6, 0.33149295148381741)]
[(4, 0.54139200662156628), (6, 0.25111542369402323)]
[(4, 0.56032889444852363)]
[(4, 0.26217475995852924), (5, 0.23201027459382156)]
[(3, 0.34050421382438772), (6, 0.32726367562825442)]
[(3, 0.556567301560009)]
[(3, 0.63920225794351604)]
[(3, 0.62930865974490968), (6, 0.22821914036354368)]
[(3, 0.33530619921065558), (6, 0.37358952432405007)]
[(1, 0.48262749067826693)]
[(1, 0.20671759290854425), (5, 0.23894000632855877)]
[(5, 0.39161705213165215)]
[(3, 0.25308220179875102)]
[(4, 0.34056759483774141), (5, 0.312267895360826)]
[(3, 0.20861234364588224), (5, 0.48224530054379078)]
[(3, 0.61019286292404551), (4, 0.3807415313632796)]
[(6, 0.71249700083447165)]
[(2, 0.40360915210690212), (6, 0.41098486093226755)]
[(2, 0.28747170314952947), (3, 0.20308278730182772), (4, 0.22179928866361753)]
[(0, 0.29525890809257666), (4, 0.21064240420860697), (6, 0.28092610249954331)]
[(4, 0.2725893260315817), (6, 0.33149288129257004)]
[(4, 0.54138987449300624), (6, 0.25111216119339341)]
[(4, 0.56032910822935544)]
[(4, 0.26217484854509099), (5, 0.23201034525285258)]
[(3, 0.34050439812966288), (6, 0.32726351109088181)]
[(3, 0.55654760261848391)]
[(3, 0.6391995259668003)]
[(3, 0.62931704178167691), (6, 0.22820650637633877)]
[(3, 0.33529698544479708), (6, 0.37358933193462429)]
[(1, 0.48262750623802941)]
[(1, 0.20671752582083988), (5, 0.23893872572152752)]
[(5, 0.39164367461841842)]
[(3, 0.25309484364337981)]
[(4, 0.34055606492816926), (5, 0.3122641444468332)]
[(3, 0.20860039430939001), (5, 0.48224481530016472)]
[(3, 0.61019197102525013), (4, 0.38074242265240865)]
[(6, 0.71249587196811726)]
[(2, 0.40359905072510621), (6, 0.4109765364448526)]
[(2, 0.2874718271146337), (3, 0.20309226545668116), (4, 0.22179916015259987)]
[(0, 0.29525945485129085), (4, 0.21064617158192556), (6, 0.28092779862382627)]
[(4, 0.27258932164656202), (6, 0.33149288403497024)]
[(4, 0.54139479220953757), (6, 0.25112056613199041)]
[(4, 0.5603282414690125)]
[(4, 0.26217498002586687), (5, 0.23201027408248726)]
[(3, 0.34050396462106552), (6, 0.32726389699559766)]
[(3, 0.55655146017731327)]
[(3, 0.63920209860852417)]
[(3, 0.62931299380654215), (6, 0.22821260555916353)]
[(3, 0.33529187145048334), (6, 0.37358922520891419)]
[(1, 0.48262780482924711)]
[(1, 0.20671756805281433), (5, 0.23893949210085477)]
[(5, 0.39161707808758622)]
[(3, 0.25309145932876087)]
[(4, 0.34055781076709646), (5, 0.31226471222276364)]
[(3, 0.20861197219441702), (5, 0.48224525470570884)]
[(3, 0.61019167647742234), (4, 0.38074271753125999)]
[(6, 0.71249586723858693)]
[(2, 0.40361691796663957), (6, 0.41098990465772195)]
[(2, 0.28747192527366738), (3, 0.20309979601491229), (4, 0.22179905774156278)]
[(0, 0.2952592268228259), (4, 0.21064460236311872), (6, 0.28092709203515398)]
[(4, 0.27259071387076528), (6, 0.33149207425254323)]
[(4, 0.54138242589496366), (6, 0.2511333194712943)]
[(4, 0.56032851869694777)]
[(4, 0.26217469329902038), (5, 0.23201030283226134)]
[(3, 0.34050277107443122), (6, 0.32726494186402372)]
[(3, 0.55654647697554327)]
[(3, 0.63919999747271217)]
[(3, 0.62930717719982732), (6, 0.22822137679772003)]
[(3, 0.33529849391540623), (6, 0.3735893634233029)]
[(1, 0.48262744216257381)]
[(1, 0.20671754592213631), (5, 0.2389391060562808)]
[(5, 0.39161057626936624)]
[(3, 0.25308674865742681)]
[(4, 0.34056388578829438), (5, 0.31226668849032174)]
[(3, 0.20860635892876486), (5, 0.48224510667689324)]
[(3, 0.61017792167566909), (4, 0.38075645329421415)]
[(6, 0.71249675636863141)]
[(2, 0.40362112760241359), (6, 0.41099275044941302)]
[(2, 0.2874718738909674), (3, 0.20309608493233164), (4, 0.22179910521302409)]
[(0, 0.29525926779471245), (4, 0.21064488433523695), (6, 0.28092721901466139)]
[(4, 0.27259055893963541), (6, 0.33149215378434499)]
[(4, 0.5413947681606559), (6, 0.25111924223289744)]
[(4, 0.56032855645677893)]
[(4, 0.26217587360771133), (5, 0.2320102159044298)]
[(3, 0.34050446252198663), (6, 0.32726345343303648)]
[(3, 0.55656069605772562)]
[(3, 0.63920244459047937)]
[(3, 0.62931751269841929), (6, 0.22820579710207667)]
[(3, 0.33530163294058157), (6, 0.37358942896062008)]
[(1, 0.48262693432266246)]
[(1, 0.20671759176557844), (5, 0.23894007628222347)]
[(5, 0.39161724621854516)]
[(3, 0.25308846040329158)]
[(4, 0.3405611208348624), (5, 0.31226578881070316)]
[(3, 0.20859811394175351), (5, 0.48224478160285861)]
[(3, 0.61019335930010321), (4, 0.3807410348576189)]
[(6, 0.71249580104187171)]
[(2, 0.40360106950805058), (6, 0.41097754514783313)]
[(2, 0.28747173602731252), (3, 0.20308581069225942), (4, 0.22179924080308083)]
[(0, 0.29525888588608701), (4, 0.2106422521822682), (6, 0.28092603390803089)]
[(4, 0.2725893890027597), (6, 0.33149284093664294)]
[(4, 0.54138031592648961), (6, 0.25112810825528098)]
[(4, 0.56032853075555689)]
[(4, 0.26217555867518261), (5, 0.23201025187959584)]
[(3, 0.3405040931630488), (6, 0.32726378296626341)]
[(3, 0.55654357827980228)]
[(3, 0.6392019156327079)]
[(3, 0.62930684845345075), (6, 0.22822187278984901)]
[(3, 0.33528816908039527), (6, 0.37358914796863762)]
[(1, 0.48262880248198337)]
[(1, 0.20671762595281182), (5, 0.23894057727997939)]
[(5, 0.39161871671434484)]
[(3, 0.25309712707607174)]
[(4, 0.34055787767853274), (5, 0.31226473402595123)]
[(3, 0.20861478222138027), (5, 0.48224533703140687)]
[(3, 0.61019001555614494), (4, 0.38074437779428494)]
[(6, 0.71249963847005637)]
[(2, 0.4035993461328275), (6, 0.41097679243650881)]
[(2, 0.28747179629558872), (3, 0.20309010786760007), (4, 0.22179918666826406)]
[(0, 0.29525909839148173), (4, 0.21064371688300379), (6, 0.28092669343747373)]
[(4, 0.27258925329700506), (6, 0.3314929283304745)]
[(4, 0.54137631783372342), (6, 0.25113046644474013)]
[(4, 0.5603288567849477)]
[(4, 0.26217579411052827), (5, 0.2320102474729312)]
[(3, 0.34050427877156891), (6, 0.32726361772887458)]
[(3, 0.5565419622995087)]
[(3, 0.63920004620176574)]
[(3, 0.62931646211586967), (6, 0.22820737952004022)]
[(3, 0.3353124911646323), (6, 0.37358965578108527)]
[(1, 0.48262892805922342)]
[(1, 0.20671751820257028), (5, 0.23893853698767265)]
[(5, 0.39161291731055947)]
[(3, 0.25308890770101639)]
[(4, 0.34055371453476851), (5, 0.31226338007669435)]
[(3, 0.2086108371370955), (5, 0.48224523976259098)]
[(3, 0.61018091111195216), (4, 0.38075347339650856)]
[(6, 0.71250033283226322)]
[(2, 0.40360591913018684), (6, 0.41098095563713227)]
[(2, 0.28747171715010289), (3, 0.20308405566538881), (4, 0.22179926859773555)]
[(0, 0.29525912233055257), (4, 0.21064388215793167), (6, 0.28092676781274112)]
[(4, 0.272588230050191), (6, 0.33149362218903189)]
[(4, 0.54138269089543545), (6, 0.25112990023670873)]
[(4, 0.56032904811099626)]
[(4, 0.26217608121910213), (5, 0.23201032259953322)]
[(3, 0.34050260173489277), (6, 0.32726508830031542)]
[(3, 0.55655280509271576)]
[(3, 0.63920360233527362)]
[(3, 0.62931632615749977), (6, 0.22820758432496097)]
[(3, 0.33530673977451519), (6, 0.37358953561553399)]
[(1, 0.48262808997974499)]
[(1, 0.20671751966750132), (5, 0.23893863000783719)]
[(5, 0.391645132976772)]
[(3, 0.25309549035560935)]
[(4, 0.34055792153333114), (5, 0.31226474830334927)]
[(3, 0.20861137909020722), (5, 0.48224527356900121)]
[(3, 0.61019402916386845), (4, 0.3807403653057399)]
[(6, 0.71249863716050521)]
[(2, 0.40360970330821438), (6, 0.41098573143542638)]
[(2, 0.28747191010062911), (3, 0.20309900550704449), (4, 0.22179906374120578)]
[(0, 0.29525877313034549), (4, 0.2106414750565192), (6, 0.28092568390338885)]
[(4, 0.27259053300421981), (6, 0.33149216726604874)]
[(4, 0.54138031165368672), (6, 0.25113236342811052)]
[(4, 0.56032790236316155)]
[(4, 0.26217674710197902), (5, 0.23201026070180009)]
[(3, 0.34050396565292174), (6, 0.32726389608151801)]
[(3, 0.55654985691293213)]
[(3, 0.63919933186215738)]
[(3, 0.62931432095486795), (6, 0.22821060545855648)]
[(3, 0.335329690690708), (6, 0.37359001544709641)]
[(1, 0.48262742675670955)]
[(1, 0.20671748450528835), (5, 0.23893803858131679)]
[(5, 0.39161942653530518)]
[(3, 0.25309171116339918)]
[(4, 0.34056057879287444), (5, 0.31226561252769797)]
[(3, 0.2086090823930809), (5, 0.4822451824564733)]
[(3, 0.61018881646683609), (4, 0.38074557523020058)]
[(6, 0.71249636709138386)]
[(2, 0.40360380198906176), (6, 0.41098142205789268)]
[(2, 0.28747187965107279), (3, 0.20309642476210385), (4, 0.22179910193190025)]
[(0, 0.29525923742328264), (4, 0.21064467368899231), (6, 0.28092712435858253)]
[(4, 0.27258994022905186), (6, 0.33149250084455129)]
[(4, 0.5413954803787514), (6, 0.2511208986166012)]
[(4, 0.56032808932804745)]
[(4, 0.26217521566953805), (5, 0.23201028194140827)]
[(3, 0.34050365438362551), (6, 0.32726417091636834)]
[(3, 0.55655216637624316)]
[(3, 0.63920985021927246)]
[(3, 0.62931186841789621), (6, 0.22821430194171488)]
[(3, 0.3353149364601502), (6, 0.37358970688717391)]
[(1, 0.48262754154510595)]
[(1, 0.20671771135171926), (5, 0.23894218137236178)]
[(5, 0.39163460118625021)]
[(3, 0.25309648191999334)]
[(4, 0.34056277222541365), (5, 0.31226632616602656)]
[(3, 0.20861075443474075), (5, 0.48224522913456325)]
[(3, 0.61018654120773652), (4, 0.38074784972480963)]
[(6, 0.71249777212610566)]
[(2, 0.40360180706544113), (6, 0.4109782393512445)]
[(2, 0.28747186325846874), (3, 0.20309528152729725), (4, 0.22179911597523569)]
[(0, 0.29525891083048211), (4, 0.2106424239554236), (6, 0.28092611128330847)]
[(4, 0.27258911047050116), (6, 0.33149302152185184)]
[(4, 0.54138489637602272), (6, 0.25113846814087143)]
[(4, 0.56032911777513039)]
[(4, 0.26217623645905758), (5, 0.23201018094466211)]
[(3, 0.34050390257778851), (6, 0.32726395191953317)]
[(3, 0.55655382568998035)]
[(3, 0.63919979187072073)]
[(3, 0.62930738065808545), (6, 0.22822106984615573)]
[(3, 0.335308702942272), (6, 0.37358957662673642)]
[(1, 0.48262724337573576)]
[(1, 0.20671758961607506), (5, 0.23893997472136203)]
[(5, 0.39161439455290897)]
[(3, 0.25309522463523149)]
[(4, 0.34055390200636709), (5, 0.31226344118996779)]
[(3, 0.2085866813422817), (5, 0.48224444181779713)]
[(3, 0.61019106309575677), (4, 0.38074333048823439)]
[(6, 0.71249735661767832)]
[(2, 0.40359895891038716), (6, 0.41097583141208832)]
[(2, 0.28747166509652822), (3, 0.20308028159508923), (4, 0.22179931698453914)]
[(0, 0.29525881038416651), (4, 0.21064173136069056), (6, 0.28092579940094997)]
[(4, 0.27258936907699438), (6, 0.33149285373704118)]
[(4, 0.5413931624892967), (6, 0.25111535937721752)]
[(4, 0.56032871997691014)]
[(4, 0.26217591458058065), (5, 0.23201026187197971)]
[(3, 0.3405032762309731), (6, 0.32726450250080558)]
[(3, 0.55656123340463493)]
[(3, 0.63919926318233411)]
[(3, 0.62931558346106664), (6, 0.228208703188885)]
[(3, 0.33530837999063617), (6, 0.37358956987975417)]
[(1, 0.48262863463924044)]
[(1, 0.20671749077029294), (5, 0.23893811289855607)]
[(5, 0.39162017469230931)]
[(3, 0.25309110352870545)]
[(4, 0.34056579706066692), (5, 0.31226731030868921)]
[(3, 0.20861311759858178), (5, 0.48224530714359415)]
[(3, 0.61019306367224135), (4, 0.38074133067335858)]
[(6, 0.71250043093787663)]
[(2, 0.40362146646089392), (6, 0.41099351824815672)]
[(2, 0.28747175132344377), (3, 0.20308676327871639), (4, 0.22179923087300196)]
[(0, 0.29525950475679713), (4, 0.21064651544183), (6, 0.28092795337689519)]
[(4, 0.2725890922130691), (6, 0.33149303353565779)]
[(4, 0.54139374958948583), (6, 0.25111713803874225)]
[(4, 0.56032955388797068)]
[(4, 0.2621763636998018), (5, 0.23201029933786463)]
[(3, 0.34050370457691842), (6, 0.32726412671831451)]
[(3, 0.55655137292675649)]
[(3, 0.63920195673699209)]
[(3, 0.62931550146859438), (6, 0.22820882671786669)]
[(3, 0.33530891992011669), (6, 0.37358958115984181)]
[(1, 0.48262661572706633)]
[(1, 0.20671759611702159), (5, 0.23893999523700735)]
[(5, 0.39162043215939435)]
[(3, 0.25309239443266185)]
[(4, 0.34056146078684069), (5, 0.31226589957700285)]
[(3, 0.2086136611673591), (5, 0.48224531179143343)]
[(3, 0.61019348142174701), (4, 0.38074091275762834)]
[(6, 0.7124966810966592)]
[(2, 0.40360408924544083), (6, 0.41097960371303782)]
[(2, 0.28747193575543611), (3, 0.20310079587331376), (4, 0.22179904168594719)]
[(0, 0.29525880168245344), (4, 0.21064167180190052), (6, 0.28092577252377665)]
[(4, 0.27258988921806654), (6, 0.33149253112911098)]
[(4, 0.54139285122754455), (6, 0.2511158295315255)]
[(4, 0.56032904238675652)]
[(4, 0.26217644971274562), (5, 0.23201030618583263)]
[(3, 0.34050514537826576), (6, 0.32726283596692529)]
[(3, 0.55655054619323796)]
[(3, 0.63920162257703661)]
[(3, 0.62931308038982225), (6, 0.22821247505896589)]
[(3, 0.33529731807268531), (6, 0.37358933887778595)]
[(1, 0.48262783311793289)]
[(1, 0.20671753681754768), (5, 0.23893896059300196)]
[(5, 0.39162095900563343)]
[(3, 0.25308247980169701)]
[(4, 0.34055968907028195), (5, 0.31226532317151123)]
[(3, 0.20858824424196135), (5, 0.48224444893620755)]
[(3, 0.61019184284119166), (4, 0.38074255094520204)]
[(6, 0.71250037472698413)]
[(2, 0.40360244937364936), (6, 0.41098029279925002)]
[(2, 0.28747188536263563), (3, 0.20309700490290075), (4, 0.22179909219822519)]
[(0, 0.29525949716072858), (4, 0.2106464618230649), (6, 0.28092792940614841)]
[(4, 0.27258993359774575), (6, 0.33149250465924818)]
[(4, 0.54138791327792568), (6, 0.25113328865523021)]
[(4, 0.56032781063413417)]
[(4, 0.26217513847517621), (5, 0.23201037961424456)]
[(3, 0.34050410513234408), (6, 0.32726377233173093)]
[(3, 0.55654639599769462)]
[(3, 0.6392012835451385)]
[(3, 0.62930862071619242), (6, 0.22821919923144823)]
[(3, 0.33530867158020056), (6, 0.37358957597152798)]
[(1, 0.48262902106823102)]
[(1, 0.20671752820669245), (5, 0.23893875028708997)]
[(5, 0.39163203132122215)]
[(3, 0.25309183697967841)]
[(4, 0.34055413180861044), (5, 0.31226351585000428)]
[(3, 0.20859103716244878), (5, 0.48224455684233808)]
[(3, 0.61019313318708879), (4, 0.3807412609181674)]
[(6, 0.7124968491475312)]
[(2, 0.40361833501331623), (6, 0.41098930441023518)]
[(2, 0.28747186941735364), (3, 0.20309563495385852), (4, 0.22179911266569824)]
[(0, 0.29525895144429382), (4, 0.21064270388323508), (6, 0.28092623734022226)]
[(4, 0.27258944506163291), (6, 0.33149280541749265)]
[(4, 0.54139279393565665), (6, 0.25111517612545869)]
[(4, 0.56032896131043242)]
[(4, 0.2621759212709826), (5, 0.23201025407335807)]
[(3, 0.34050312227196272), (6, 0.32726463682441503)]
[(3, 0.5565479936358575)]
[(3, 0.6392048103746234)]
[(3, 0.62931858464655133), (6, 0.22820418278814869)]
[(3, 0.33529132619875784), (6, 0.37358921383230403)]
[(1, 0.48262663337211731)]
[(1, 0.20671768194540255), (5, 0.23894167705754685)]
[(5, 0.39164170317590469)]
[(3, 0.25309132178124805)]
[(4, 0.34055285383434664), (5, 0.31226310026803972)]
[(3, 0.20858843174982705), (5, 0.48224449105754474)]
[(3, 0.61019361152769891), (4, 0.38074078277252649)]
[(6, 0.71249729402156747)]
[(2, 0.40361894458301145), (6, 0.4109898923860828)]
[(2, 0.28747172663844589), (3, 0.20308487236205533), (4, 0.22179925642867554)]
[(0, 0.29525888185933064), (4, 0.21064222434963725), (6, 0.28092602138348577)]
[(4, 0.27258883433461656), (6, 0.33149320553589745)]
[(4, 0.54138887155128201), (6, 0.25113880916852432)]
[(4, 0.5603278487016754)]
[(4, 0.26217622866594609), (5, 0.23201024675713083)]
[(3, 0.34050347710094386), (6, 0.32726432666945804)]
[(3, 0.5565448270488571)]
[(3, 0.63919981597710684)]
[(3, 0.6293110842733266), (6, 0.22821548412978535)]
[(3, 0.33532528378054977), (6, 0.37358992324807844)]
[(1, 0.48262735329868517)]
[(1, 0.20671755526851779), (5, 0.23893925892966392)]
[(5, 0.3916228104380764)]
[(3, 0.25309345963325519)]
[(4, 0.34056945422971174), (5, 0.31226850048043986)]
[(3, 0.20858638490159229), (5, 0.48224450440202293)]
[(3, 0.61018966857952572), (4, 0.38074472431890399)]
[(6, 0.71249994537321615)]
[(2, 0.40361054785546946), (6, 0.41098411233865323)]
[(2, 0.28747193539672339), (3, 0.20310071498731508), (4, 0.2217990433974916)]
[(0, 0.29525945275180482), (4, 0.2106461574331335), (6, 0.28092779221629255)]
[(4, 0.27258878628471578), (6, 0.33149323784879026)]
[(4, 0.54138993409153269), (6, 0.2511423408612552)]
[(4, 0.56032877754753729)]
[(4, 0.26217421049231487), (5, 0.23201019725490296)]
[(3, 0.34050298321284017), (6, 0.32726475782943948)]
[(3, 0.5565446616199311)]
[(3, 0.63920507159825735)]
[(3, 0.62931858560383813), (6, 0.22820418134661805)]
[(3, 0.3353006025068575), (6, 0.37358940744526847)]
[(1, 0.48262730587733904)]
[(1, 0.20671766628011196), (5, 0.23894143853387995)]
[(5, 0.39162246267227668)]
[(3, 0.25308450994476961)]
[(4, 0.3405668787431595), (5, 0.31226766229142561)]
[(3, 0.20859699695297673), (5, 0.48224476766030366)]
[(3, 0.6101929880382696), (4, 0.38074140631837255)]
[(6, 0.71250040228585809)]
[(2, 0.40360831268760122), (6, 0.41098234883276591)]
[(2, 0.28747189639416854), (3, 0.20309788723646299), (4, 0.22179907972103638)]
[(0, 0.29525922811939875), (4, 0.21064461017809991), (6, 0.28092709569274366)]
[(4, 0.27258976713050687), (6, 0.33149260481588766)]
[(4, 0.54138039835025953), (6, 0.2511289409939006)]
[(4, 0.56032817518382516)]
[(4, 0.26217513683588622), (5, 0.23201030049723365)]
[(3, 0.34050329744789337), (6, 0.32726448396001612)]
[(3, 0.55654949345674909)]
[(3, 0.63920014148584847)]
[(3, 0.62930873087769579), (6, 0.2282190330729304)]
[(3, 0.33529775397395051), (6, 0.37358934797689564)]
[(1, 0.48262659689026222)]
[(1, 0.20671754636717643), (5, 0.23893911475846016)]
[(5, 0.39161898913880239)]
[(3, 0.25309120612138553)]
[(4, 0.34056313260484833), (5, 0.31226644349375665)]
[(3, 0.20858952818693705), (5, 0.48224452037801102)]
[(3, 0.61019356176206596), (4, 0.38074083255501928)]
[(6, 0.71249969341571828)]
[(2, 0.40359990767633908), (6, 0.41097704495611881)]
[(2, 0.28747178075146101), (3, 0.20308889869359081), (4, 0.2217992034186928)]
[(0, 0.29525910528499999), (4, 0.21064376557747505), (6, 0.28092671521377754)]
[(4, 0.2725899501981352), (6, 0.33149249464379399)]
[(4, 0.5413807484856209), (6, 0.25112722554215455)]
[(4, 0.5603281787757397)]
[(4, 0.26217594284682644), (5, 0.23201028460620385)]
[(3, 0.34050312054445264), (6, 0.32726463832947822)]
[(3, 0.55654534597320304)]
[(3, 0.63920328778299973)]
[(3, 0.62931529674766118), (6, 0.22820913515551156)]
[(3, 0.33530455035216511), (6, 0.37358948988497587)]
[(1, 0.48262624671456589)]
[(1, 0.20671759573894335), (5, 0.23894009395242483)]
[(5, 0.39161994988249743)]
[(3, 0.25309660923217997)]
[(4, 0.34055565233657198), (5, 0.31226401026859413)]
[(3, 0.20858885475913261), (5, 0.48224451547975777)]
[(3, 0.6101939943291822), (4, 0.38074040024877087)]
[(6, 0.71249956536205883)]
[(2, 0.40360505630014892), (6, 0.41098267125422183)]
[(2, 0.28747168816982638), (3, 0.2030818642106898), (4, 0.22179929794726688)]
[(0, 0.29525895982726569), (4, 0.21064276189629322), (6, 0.2809262634341278)]
[(4, 0.27258986149760178), (6, 0.33149254772568937)]
[(4, 0.5413773175595491), (6, 0.25112997557358024)]
[(4, 0.56032963927661705)]
[(4, 0.26217554785279773), (5, 0.23201019080661137)]
[(3, 0.34050403077356378), (6, 0.32726383835228123)]
[(3, 0.55655798364524867)]
[(3, 0.63920145480046564)]
[(3, 0.62931516216613936), (6, 0.22820933792411421)]
[(3, 0.33530744607859858), (6, 0.37358955036975627)]
[(1, 0.48262729794393472)]
[(1, 0.20671756365727217), (5, 0.23893949542586898)]
[(5, 0.39162042834908428)]
[(3, 0.25309186695079428)]
[(4, 0.34056467274865704), (5, 0.31226694446539932)]
[(3, 0.20861371309316978), (5, 0.4822453363516348)]
[(3, 0.61019360209547535), (4, 0.38074079220087714)]
[(6, 0.71249710655261678)]
[(2, 0.40359979889583053), (6, 0.41097688743274491)]
[(2, 0.28747184994813185), (3, 0.20309440364619319), (4, 0.22179912605838767)]
[(0, 0.29525926535373753), (4, 0.21064486777788397), (6, 0.2809272115285058)]
[(4, 0.27258875029024254), (6, 0.33149326200425316)]
[(4, 0.54139300158831216), (6, 0.25111635622431228)]
[(4, 0.56032766018702662)]
[(4, 0.26217474033311017), (5, 0.23201033266080492)]
[(3, 0.34050374053455812), (6, 0.32726409502773102)]
[(3, 0.55656675926770549)]
[(3, 0.63920143372539984)]
[(3, 0.62930819399689708), (6, 0.22821984288953856)]
[(3, 0.33529095405343745), (6, 0.37358920606780854)]
[(1, 0.48262643392681559)]
[(1, 0.20671757115998288), (5, 0.23893963982162889)]
[(5, 0.39164316798167947)]
[(3, 0.25309675263886849)]
[(4, 0.34056413062935148), (5, 0.31226676808127796)]
[(3, 0.20859799987275093), (5, 0.48224469248167129)]
[(3, 0.6101917886009679), (4, 0.38074260519523323)]
[(6, 0.71250042215232723)]
[(2, 0.40360754044352642), (6, 0.41098194644259672)]
[(2, 0.28747183581166696), (3, 0.2030930958861549), (4, 0.22179914681107094)]
[(0, 0.29525877721203836), (4, 0.21064150061767281), (6, 0.28092569573702381)]
[(4, 0.27258881698878645), (6, 0.33149321687678796)]
[(4, 0.54138501288769036), (6, 0.25113768622494775)]
[(4, 0.56032828981477267)]
[(4, 0.26217497317106986), (5, 0.23201035464347397)]
[(3, 0.34050468574309151), (6, 0.32726325283539248)]
[(3, 0.55655097835217726)]
[(3, 0.63920205635006899)]
[(3, 0.62931485182875979), (6, 0.2282098055203452)]
[(3, 0.33529990077395322), (6, 0.37358939279411413)]
[(1, 0.48262893107384236)]
[(1, 0.20671750996049515), (5, 0.23893839082630439)]
[(5, 0.39162242031670202)]
[(3, 0.2530884746138376)]
[(4, 0.34055419896091066), (5, 0.31226353769624143)]
[(3, 0.20859791336411049), (5, 0.48224480990198165)]
[(3, 0.61018924354007464), (4, 0.38074514911323831)]
[(6, 0.71249976499736967)]
[(2, 0.40360016044337521), (6, 0.41097681880916748)]
[(2, 0.28747168514386601), (3, 0.20308175284535063), (4, 0.22179929790045264)]
[(0, 0.29525916775433475), (4, 0.21064419337098103), (6, 0.28092690815237759)]
[(4, 0.27258906560627461), (6, 0.3314930510510008)]
[(4, 0.54139572254113688), (6, 0.25114836851389688)]
[(4, 0.56032863578366487)]
[(4, 0.26217501591970382), (5, 0.23201034649563829)]
[(3, 0.34050415561130021), (6, 0.32726372745035015)]
[(3, 0.55656938396073419)]
[(3, 0.63920024958802857)]
[(3, 0.62931117219139032), (6, 0.22821535157550829)]
[(3, 0.33532263852850946), (6, 0.37358986792020454)]
[(1, 0.48262819326413842)]
[(1, 0.20671752543660105), (5, 0.23893868965038409)]
[(5, 0.3916218296682431)]
[(3, 0.2530874349761672)]
[(4, 0.34055805681534707), (5, 0.31226479228417509)]
[(3, 0.20861562201005945), (5, 0.4822453644800368)]
[(3, 0.61019316607092799), (4, 0.38074122811362038)]
[(6, 0.71249563884107836)]
[(2, 0.40361135408570076), (6, 0.4109862643232125)]
[(2, 0.28747178525656641), (3, 0.20308923315898531), (4, 0.22179919905673687)]
[(0, 0.29525936557650595), (4, 0.21064555796960682), (6, 0.28092752225705053)]
[(4, 0.27258843124911047), (6, 0.33149348118742072)]
[(4, 0.54137912073845418), (6, 0.25112548921979283)]
[(4, 0.56032787214235869)]
[(4, 0.26217595170251168), (5, 0.23201019582778529)]
[(3, 0.3405035405068616), (6, 0.32726427102628741)]
[(3, 0.55655093560414581)]
[(3, 0.63919956950868395)]
[(3, 0.62930972844406774), (6, 0.22821752856306957)]
[(3, 0.33530281138146595), (6, 0.37358945356840051)]
[(1, 0.48262644842891866)]
[(1, 0.20671755010173803), (5, 0.23893916823749406)]
[(5, 0.3916231465265696)]
[(3, 0.2530949505322404)]
[(4, 0.34055928423754456), (5, 0.31226519154509658)]
[(3, 0.20861148770408661), (5, 0.4822452744423254)]
[(3, 0.61019244372636516), (4, 0.38074195005932809)]
[(6, 0.71250017555059519)]
[(2, 0.40361320695270447), (6, 0.4109876910069527)]
[(2, 0.28747180017669238), (3, 0.20309055939125772), (4, 0.221799178587231)]
[(0, 0.29525875958301079), (4, 0.21064137936639241), (6, 0.28092564109228091)]
[(4, 0.27258898466437076), (6, 0.33149310465126997)]
[(4, 0.54139654346992261), (6, 0.25112352902827678)]
[(4, 0.56032881672960932)]
[(4, 0.26217569529401402), (5, 0.23201023003500271)]
[(3, 0.34050358443536771), (6, 0.32726423243528169)]
[(3, 0.55654409726301712)]
[(3, 0.63920098890012311)]
[(3, 0.6293079215916727), (6, 0.22822025380575994)]
[(3, 0.33530144361608355), (6, 0.37358942500741793)]
[(1, 0.4826261746028716)]
[(1, 0.20671766730819349), (5, 0.23894149099379017)]
[(5, 0.39164057293830135)]
[(3, 0.25308971753032988)]
[(4, 0.34055400288405313), (5, 0.31226347397831328)]
[(3, 0.20858643942986657), (5, 0.48224451312813094)]
[(3, 0.61019364482302829), (4, 0.38074074954734904)]
[(6, 0.71249741792415289)]
[(2, 0.40360033308392568), (6, 0.41097663714595528)]
[(2, 0.28747193872014304), (3, 0.20310115823776295), (4, 0.22179903495305531)]
[(0, 0.29525912763236783), (4, 0.21064391895501966), (6, 0.28092678434731494)]
[(4, 0.27258928761078288), (6, 0.3314929060310533)]
[(4, 0.54139895633465829), (6, 0.2511401987048269)]
[(4, 0.56032923221460573)]
[(4, 0.26217591052641931), (5, 0.23201021751211068)]
[(3, 0.34050409283568733), (6, 0.327263783257074)]
[(3, 0.55654175713417542)]
[(3, 0.63919992679330162)]
[(3, 0.62931812519742436), (6, 0.22820487466598233)]
[(3, 0.33530872058543776), (6, 0.37358957699533329)]
[(1, 0.48262754220897236)]
[(1, 0.206717521580988), (5, 0.23893865284197169)]
[(5, 0.39163261496380503)]
[(3, 0.25309187612228512)]
[(4, 0.34055686824787268), (5, 0.31226440561199503)]
[(3, 0.20861311060077378), (5, 0.48224531514076391)]
[(3, 0.61018169736271688), (4, 0.3807526864211675)]
[(6, 0.71249742857472953)]
[(2, 0.4036109976654203), (6, 0.41098415786031017)]
[(2, 0.28747167743730917), (3, 0.20308132964633141), (4, 0.22179930150612562)]
[(0, 0.29525902962270456), (4, 0.21064324289647182), (6, 0.28092648002840664)]
[(4, 0.27258923202988961), (6, 0.33149294206311258)]
[(4, 0.54139484069979249), (6, 0.25111959418705326)]
[(4, 0.56032858305729649)]
[(4, 0.26217644152063285), (5, 0.23201016308880773)]
[(3, 0.3405034943149356), (6, 0.32726431156976715)]
[(3, 0.55654804079550035)]
[(3, 0.63920212404153143)]
[(3, 0.62931749289880556), (6, 0.22820582692230712)]
[(3, 0.33531490031892791), (6, 0.37358970613178361)]
[(1, 0.48262832782765375)]
[(1, 0.20671754365697406), (5, 0.23893913061327549)]
[(5, 0.39161883123221136)]
[(3, 0.25309303355719309)]
[(4, 0.34056019840079654), (5, 0.3122654888994737)]
[(3, 0.20860826924454332), (5, 0.4822451619538225)]
[(3, 0.6101775931647665), (4, 0.38075677834104354)]
[(6, 0.71250044798132683)]
[(2, 0.4036199968319204), (6, 0.41099204084210783)]
[(2, 0.2874719408518448), (3, 0.20310142048728755), (4, 0.22179903023895692)]
[(0, 0.29525926605855662), (4, 0.21064487245774435), (6, 0.28092721365711648)]
[(4, 0.27258877955900096), (6, 0.33149324213061199)]
[(4, 0.54138830413550232), (6, 0.25114124369692253)]
[(4, 0.56032836096093364)]
[(4, 0.26217686618141389), (5, 0.23201024320044056)]
[(3, 0.34050443037882078), (6, 0.32726348222587232)]
[(3, 0.55654678704575344)]
[(3, 0.63920178005180661)]
[(3, 0.62931747506763147), (6, 0.22820585377793665)]
[(3, 0.33533004988294601), (6, 0.37359002296327953)]
[(1, 0.48262839949154496)]
[(1, 0.20671751452420664), (5, 0.23893850513402148)]
[(5, 0.39161358314755995)]
[(3, 0.25309339828015548)]
[(4, 0.34056050487878187), (5, 0.31226558850640423)]
[(3, 0.20861426034719177), (5, 0.48224533264133346)]
[(3, 0.61019006963237576), (4, 0.38074432335346703)]
[(6, 0.71249623968249798)]
[(2, 0.40361227610771), (6, 0.41098701278844668)]
[(2, 0.28747168273071283), (3, 0.20308155803893896), (4, 0.22179930076630816)]
[(0, 0.29525954644639119), (4, 0.21064680235334007), (6, 0.28092808253521839)]
[(4, 0.27258887608817922), (6, 0.33149317742359957)]
[(4, 0.54137533909926316), (6, 0.25112352313189423)]
[(4, 0.56032985389141421)]
[(4, 0.26217559401177981), (5, 0.23201023295031603)]
[(3, 0.34050273091470329), (6, 0.32726497662916443)]
[(3, 0.55654196532211087)]
[(3, 0.63920253307726849)]
[(3, 0.62930828455583143), (6, 0.22821970628769195)]
[(3, 0.33529730023142418), (6, 0.37358933850536535)]
[(1, 0.48262903915872435)]
[(1, 0.20671763210872696), (5, 0.23894072055094506)]
[(5, 0.39162024983160248)]
[(3, 0.25309490622245401)]
[(4, 0.34055552686117146), (5, 0.31226396952470004)]
[(3, 0.2085943748660338), (5, 0.48224462096086751)]
[(3, 0.61019299200793531), (4, 0.38074140221237324)]
[(6, 0.71249638088555067)]
[(2, 0.40360624159734632), (6, 0.41098278507460811)]
[(2, 0.28747188559177889), (3, 0.203096952472785), (4, 0.22179909381938467)]
[(0, 0.29525875573883148), (4, 0.21064135367774919), (6, 0.28092562942106081)]
[(4, 0.27258948339934008), (6, 0.33149278108530217)]
[(4, 0.5413800920034324), (6, 0.25113375120219028)]
[(4, 0.56032864178717723)]
[(4, 0.26217588966839889), (5, 0.23201019598921371)]
[(3, 0.34050278095470693), (6, 0.32726493330737688)]
[(3, 0.55654742667454871)]
[(3, 0.63920034655679292)]
[(3, 0.62931481608970785), (6, 0.2282098593708913)]
[(3, 0.33530033127447595), (6, 0.37358940178223893)]
[(1, 0.48262676431361723)]
[(1, 0.20671762948793573), (5, 0.23894066128550526)]
[(5, 0.39162252920730362)]
[(3, 0.25308798601204135)]
[(4, 0.34055911198572464), (5, 0.31226513538443434)]
[(3, 0.20860737897263798), (5, 0.48224513006417491)]
[(3, 0.61019309905979757), (4, 0.38074129503367155)]
[(6, 0.71249869358391971)]
[(2, 0.40360312886421751), (6, 0.41098055610466488)]
[(2, 0.28747180388152016), (3, 0.20309065483366198), (4, 0.22179917979744743)]
[(0, 0.29525898472488354), (4, 0.21064293410940663), (6, 0.28092634090590557)]
[(4, 0.27258869553223419), (6, 0.33149329948574552)]
[(4, 0.54139658698952642), (6, 0.25113959938851077)]
[(4, 0.5603277151094036)]
[(4, 0.26217600445069955), (5, 0.23201029334412607)]
[(3, 0.34050439505108959), (6, 0.3272635138452118)]
[(3, 0.55655224569125639)]
[(3, 0.63920155749269469)]
[(3, 0.62931010839382351), (6, 0.2282169555963233)]
[(3, 0.33530112447405269), (6, 0.3735894183436807)]
[(1, 0.48262881708628624)]
[(1, 0.20671760436154099), (5, 0.23894025525558044)]
[(5, 0.39161506139704255)]
[(3, 0.2530877606019547)]
[(4, 0.3405617233328615), (5, 0.31226598494855112)]
[(3, 0.20861296396252793), (5, 0.48224530301399665)]
[(3, 0.61019284037600918), (4, 0.38074155380642916)]
[(6, 0.7124979634717048)]
[(2, 0.40360033708517074), (6, 0.41097716598955042)]
[(2, 0.28747181580369452), (3, 0.20309134409909774), (4, 0.22179917331870189)]
[(0, 0.2952593877850429), (4, 0.21064571080202865), (6, 0.28092759107133508)]
[(4, 0.27258969420208218), (6, 0.3314926492423832)]
[(4, 0.54138175929945009), (6, 0.25113490010854966)]
[(4, 0.56032781107416552)]
[(4, 0.26217589592966084), (5, 0.23201037033536673)]
[(3, 0.34050322542328981), (6, 0.3272645468704386)]
[(3, 0.55655372736995146)]
[(3, 0.63920164313643912)]
[(3, 0.62930934075034062), (6, 0.22821811324538707)]
[(3, 0.33531483575150783), (6, 0.37358970478222264)]
[(1, 0.48262668029058847)]
[(1, 0.20671762580745179), (5, 0.23894063247253802)]
[(5, 0.39162330712491239)]
[(3, 0.25309099776533633)]
[(4, 0.3405653369678342), (5, 0.31226716073772437)]
[(3, 0.20861025444023767), (5, 0.48224522997266533)]
[(3, 0.61017793842672996), (4, 0.38075643639697843)]
[(6, 0.71249999227355154)]
[(2, 0.40361242138113107), (6, 0.41098752829645691)]
[(2, 0.28747193130744253), (3, 0.20310046552034583), (4, 0.22179904599523381)]
[(0, 0.29525874955790848), (4, 0.21064131029955288), (6, 0.2809256099792411)]
[(4, 0.27258850324680189), (6, 0.33149343056372871)]
[(4, 0.54137923494732543), (6, 0.25113351192316258)]
[(4, 0.56032804407599435)]
[(4, 0.26217508140316187), (5, 0.23201031055057522)]
[(3, 0.34050348006919362), (6, 0.32726432406614386)]
[(3, 0.55656812814644485)]
[(3, 0.63919920395523044)]
[(3, 0.62931283151573936), (6, 0.2282128501715712)]
[(3, 0.33529155588746701), (6, 0.37358921862466959)]
[(1, 0.4826274281483065)]
[(1, 0.20671764183331409), (5, 0.23894095612751393)]
[(5, 0.39164713500298121)]
[(3, 0.25309524476377071)]
[(4, 0.34056567722818648), (5, 0.31226727136674387)]
[(3, 0.20861551423196473), (5, 0.48224536041828625)]
[(3, 0.61017908158682854), (4, 0.38075528828961352)]
[(6, 0.71249813841743914)]
[(2, 0.40359811913493499), (6, 0.41097579151646291)]
[(2, 0.2874718105907737), (3, 0.20309120624986635), (4, 0.22179917172808702)]
[(0, 0.29525888093599534), (4, 0.21064221876565328), (6, 0.2809260187716191)]
[(4, 0.2725880842799373), (6, 0.33149372510461278)]
[(4, 0.54138349903903815), (6, 0.25113188972986183)]
[(4, 0.56032992417554783)]
[(4, 0.26217503926226327), (5, 0.23201023851623684)]
[(3, 0.34050427512075843), (6, 0.32726362098584733)]
[(3, 0.55654019341947114)]
[(3, 0.63920165970506071)]
[(3, 0.62931822877729138), (6, 0.22820471868208916)]
[(3, 0.33532701423893085), (6, 0.37358995944815221)]
[(1, 0.48262792075772309)]
[(1, 0.20671762505751962), (5, 0.23894059307981072)]
[(5, 0.39162242640386674)]
[(3, 0.25309049870494904)]
[(4, 0.34056743584850241), (5, 0.31226784356112242)]
[(3, 0.20859820816239555), (5, 0.48224478045879787)]
[(3, 0.6101935979844193), (4, 0.38074079626682361)]
[(6, 0.71249645082984192)]
[(2, 0.40360835892373886), (6, 0.4109821557055498)]
[(2, 0.28747179823048574), (3, 0.20309031004966199), (4, 0.22179918327976939)]
[(0, 0.29525893472777615), (4, 0.21064258764370936), (6, 0.28092618512310991)]
[(4, 0.27258937861140997), (6, 0.33149284764932596)]
[(4, 0.54138195967070468), (6, 0.25112930752614315)]
[(4, 0.56032875803610671)]
[(4, 0.26217496779602956), (5, 0.2320102722632591)]
[(3, 0.34050294688786187), (6, 0.32726478938967218)]
[(3, 0.55654834010736198)]
[(3, 0.63920247519795526)]
[(3, 0.62930809461022297), (6, 0.22821999280968555)]
[(3, 0.3352967395308723), (6, 0.37358932680161977)]
[(1, 0.48262858272056136)]
[(1, 0.2067174986273195), (5, 0.2389382050056435)]
[(5, 0.39162495856448487)]
[(3, 0.25308881670329619)]
[(4, 0.34056530503657462), (5, 0.31226715028213237)]
[(3, 0.20860915069996033), (5, 0.48224518530115978)]
[(3, 0.61019276093551877), (4, 0.38074163325101451)]
[(6, 0.71250004325345295)]
[(2, 0.4036142834455354), (6, 0.4109887094097413)]
[(2, 0.28747188316366079), (3, 0.20309682401905602), (4, 0.22179909483306887)]
[(0, 0.29525909076380552), (4, 0.21064366365699311), (6, 0.28092666955494405)]
[(4, 0.27258932863540647), (6, 0.33149287970037428)]
[(4, 0.54138808196949861), (6, 0.25113434314750349)]
[(4, 0.56032844069893339)]
[(4, 0.2621761359652246), (5, 0.23201029281496979)]
[(3, 0.34050375729092724), (6, 0.32726408025182141)]
[(3, 0.55656907278641743)]
[(3, 0.6392034539025121)]
[(3, 0.62931665015486293), (6, 0.22820709619503593)]
[(3, 0.33531411763688579), (6, 0.37358968977292939)]
[(1, 0.48262803592547315)]
[(1, 0.20671756222264365), (5, 0.2389394279951492)]
[(5, 0.39161430148237403)]
[(3, 0.25308514632794976)]
[(4, 0.34055382984503113), (5, 0.31226341765461191)]
[(3, 0.20859827470417081), (5, 0.48224480066950304)]
[(3, 0.61019367163727112), (4, 0.38074072274299142)]
[(6, 0.71250009645710399)]
[(2, 0.40361595262656286), (6, 0.41098947882367165)]
[(2, 0.28747183553905303), (3, 0.20309314536886977), (4, 0.22179914511523502)]
[(0, 0.29525883508034878), (4, 0.21064190259452797), (6, 0.28092587639445554)]
[(4, 0.27258905064628486), (6, 0.33149306081559543)]
[(4, 0.54139728354856165), (6, 0.25112419163476796)]
[(4, 0.56032978878988005)]
[(4, 0.26217726331415386), (5, 0.23201033344403924)]
[(3, 0.34050043446112299), (6, 0.32726693083735414)]
[(3, 0.5565460677666042)]
[(3, 0.63919993173991185)]
[(3, 0.62930800674647502), (6, 0.22822012535008276)]
[(3, 0.33532041721818817), (6, 0.37358982146799263)]
[(1, 0.48262707145974998)]
[(1, 0.20671761770146338), (5, 0.2389404504284463)]
[(5, 0.39161919935981521)]
[(3, 0.25308457279883662)]
[(4, 0.34056447241640686), (5, 0.31226687936438552)]
[(3, 0.20860228585466084), (5, 0.48224490380344248)]
[(3, 0.61019349664663725), (4, 0.38074089766207214)]
[(6, 0.71250020498224986)]
[(2, 0.4036168872400247), (6, 0.41099028132035714)]
[(2, 0.28747178112228233), (3, 0.20308912656265421), (4, 0.22179919773423018)]
[(0, 0.2952590484676485), (4, 0.21064337213606607), (6, 0.28092653830023617)]
[(4, 0.27258925397543582), (6, 0.33149292771986572)]
[(4, 0.54139877616880749), (6, 0.25112683327136648)]
[(4, 0.56032819708302095)]
[(4, 0.26217594865810645), (5, 0.23201025889885496)]
[(3, 0.34050486642137462), (6, 0.32726308960795153)]
[(3, 0.55655146238059172)]
[(3, 0.63920132615132363)]
[(3, 0.62931225263993917), (6, 0.22821372273927998)]
[(3, 0.33530880463439738), (6, 0.37358957875127868)]
[(1, 0.48262691760136273)]
[(1, 0.20671763460388687), (5, 0.23894088107599676)]
[(5, 0.39161738168052557)]
[(3, 0.25308432609007625)]
[(4, 0.34056366519296294), (5, 0.31226661676264861)]
[(3, 0.20859317803701788), (5, 0.48224466496223034)]
[(3, 0.61017770947463523), (4, 0.38075666819980419)]
[(6, 0.71249978775725709)]
[(2, 0.40362134686180479), (6, 0.41099298376188215)]
[(2, 0.28747184090851224), (3, 0.20309355159325848), (4, 0.22179913976541199)]
[(0, 0.2952595245705753), (4, 0.21064665058376519), (6, 0.28092801436627635)]
[(4, 0.27258856151108374), (6, 0.33149339015335921)]
[(4, 0.54139359176352486), (6, 0.25111832809067164)]
[(4, 0.56032793425913852)]
[(4, 0.26217553506031416), (5, 0.23201026084091284)]
[(3, 0.34050425894232422), (6, 0.32726363541564746)]
[(3, 0.55655349064820625)]
[(3, 0.63920174499915072)]
[(3, 0.62931033862641594), (6, 0.22821660842166774)]
[(3, 0.33531343079662107), (6, 0.37358967541805788)]
[(1, 0.48262820751338209)]
[(1, 0.20671764372678494), (5, 0.23894099659645016)]
[(5, 0.39161735130585484)]
[(3, 0.25309453043387742)]
[(4, 0.34055969827869986), (5, 0.31226532627680448)]
[(3, 0.2086071300340927), (5, 0.48224513679983982)]
[(3, 0.61018946755236225), (4, 0.38074492303186375)]
[(6, 0.7125004204219676)]
[(2, 0.40360404974638636), (6, 0.41097954544619941)]
[(2, 0.28747183452294256), (3, 0.20309313875242696), (4, 0.221799144261316)]
[(0, 0.29525878608103434), (4, 0.21064156508007159), (6, 0.28092572435625168)]
[(4, 0.27258843659238902), (6, 0.33149347716704619)]
[(4, 0.5413874826127919), (6, 0.25113986443640074)]
[(4, 0.56032908541281634)]
[(4, 0.26217658069297112), (5, 0.23201027065881538)]
[(3, 0.34050368559562427), (6, 0.32726414343772403)]
[(3, 0.55654518853777679)]
[(3, 0.63920281179942107)]
[(3, 0.62930804119347084), (6, 0.22822007338735531)]
[(3, 0.33530694587976201), (6, 0.37358953992084831)]
[(1, 0.48262852389097988)]
[(1, 0.20671768292518597), (5, 0.2389416982608065)]
[(5, 0.39161902258557391)]
[(3, 0.2530898893701139)]
[(4, 0.34055613050908951), (5, 0.31226416572184634)]
[(3, 0.20861143208661928), (5, 0.48224527655346155)]
[(3, 0.61019329824858981), (4, 0.38074109581057874)]
[(6, 0.71250032742469205)]
[(2, 0.40360596027100476), (6, 0.41098333605348059)]
[(2, 0.28747177015620512), (3, 0.20308821847516823), (4, 0.22179921102144393)]
[(0, 0.29525878341184203), (4, 0.21064154469131402), (6, 0.28092571542097655)]
[(4, 0.27258951482705174), (6, 0.33149276107860759)]
[(4, 0.54139544785920701), (6, 0.25112082247833184)]
[(4, 0.56032959182373854)]
[(4, 0.26217407581757984), (5, 0.23201032899610946)]
[(3, 0.34050348688515075), (6, 0.32726431808761203)]
[(3, 0.55656960638226272)]
[(3, 0.63920042130938315)]
[(3, 0.62930806071776435), (6, 0.22822004393543244)]
[(3, 0.33530838351388115), (6, 0.37358956995336273)]
[(1, 0.48262707356905749)]
[(1, 0.20671766788048154), (5, 0.2389414060693196)]
[(5, 0.39165268802866476)]
[(3, 0.25308936503422969)]
[(4, 0.3405530897375369), (5, 0.31226317700506234)]
[(3, 0.20861366947326265), (5, 0.4822453088956164)]
[(3, 0.61019340312290737), (4, 0.38074099120954391)]
[(6, 0.71250052668871566)]
[(2, 0.40361410614537385), (6, 0.41098654264229501)]
[(2, 0.28747189275536128), (3, 0.20309737524511437), (4, 0.22179908986209329)]
[(0, 0.29525915906034306), (4, 0.21064413560581044), (6, 0.28092688187875309)]
[(4, 0.27258923849685029), (6, 0.33149293758920889)]
[(4, 0.54139801985704594), (6, 0.25112529271670453)]
[(4, 0.56032785178801559)]
[(4, 0.26217527124484469), (5, 0.23201029183662594)]
[(3, 0.34050371602654855), (6, 0.32726411662993637)]
[(3, 0.55655899341929849)]
[(3, 0.63921176984718231)]
[(3, 0.62931582504544936), (6, 0.22820833922951106)]
[(3, 0.33530219929721938), (6, 0.373589440786809)]
[(1, 0.48262632622882956)]
[(1, 0.20671756923555581), (5, 0.23893956485557721)]
[(5, 0.39161592011773139)]
[(3, 0.25308213142226343)]
[(4, 0.3405633915877464), (5, 0.31226652774580554)]
[(3, 0.20861421224131349), (5, 0.48224534683263603)]
[(3, 0.6101777442094003), (4, 0.38075663310342117)]
[(6, 0.71250003870353174)]
[(2, 0.40359865952397195), (6, 0.41097608128843499)]
[(2, 0.28747177712168376), (3, 0.20308860059691242), (4, 0.22179920777087173)]
[(0, 0.29525942786258735), (4, 0.21064598620201622), (6, 0.28092771511791592)]
[(4, 0.27258922813471775), (6, 0.33149294465561757)]
[(4, 0.54137603642688104), (6, 0.2511291783153875)]
[(4, 0.56032927970031321)]
[(4, 0.26217464230005122), (5, 0.23201035614852655)]
[(3, 0.34050404662072153), (6, 0.32726382429130946)]
[(3, 0.5565535802811028)]
[(3, 0.63921142559409339)]
[(3, 0.62931672487218471), (6, 0.22820698372077591)]
[(3, 0.33531446923099012), (6, 0.37358969712147999)]
[(1, 0.48262766565538262)]
[(1, 0.20671757127781665), (5, 0.23893962922273318)]
[(5, 0.39162161479987395)]
[(3, 0.25308418862261406)]
[(4, 0.34055391826237635), (5, 0.31226344642737464)]
[(3, 0.20861518979803745), (5, 0.4822453674048911)]
[(3, 0.61019332286440409), (4, 0.38074107135625712)]
[(6, 0.71249581806536577)]
[(2, 0.40360089199478355), (6, 0.41097754215701165)]
[(2, 0.28747168233620635), (3, 0.20308124318917894), (4, 0.22179930867592559)]
[(0, 0.29525940782214094), (4, 0.21064584777783696), (6, 0.28092765285839882)]
[(4, 0.27258892026211462), (6, 0.33149314775313976)]
[(4, 0.54139603221854693), (6, 0.2511215555590538)]
[(4, 0.56032853155644946)]
[(4, 0.26217520825875607), (5, 0.23201029335957687)]
[(3, 0.34050442345605808), (6, 0.32726348842409125)]
[(3, 0.55655566975222115)]
[(3, 0.63920152998369351)]
[(3, 0.62931838489260161), (6, 0.22820448358766021)]
[(3, 0.33532467913978897), (6, 0.37358991060049057)]
[(1, 0.48262773145475568)]
[(1, 0.2067175537461467), (5, 0.23893927900561368)]
[(5, 0.39161877645867238)]
[(3, 0.25309369897548101)]
[(4, 0.34055662393579178), (5, 0.31226432631445117)]
[(3, 0.20860878915740688), (5, 0.48224517519252946)]
[(3, 0.61019107406877582), (4, 0.38074331965899316)]
[(6, 0.71249615388802046)]
[(2, 0.4036068041077443), (6, 0.41098337179339561)]
[(2, 0.28747172742119442), (3, 0.20308513503347078), (4, 0.2217992503514328)]
[(0, 0.29525898366842601), (4, 0.21064292692686762), (6, 0.2809263376593642)]
[(4, 0.27259017244630612), (6, 0.33149236541532395)]
[(4, 0.54139860473468437), (6, 0.25112548305187338)]
[(4, 0.5603291155213328)]
[(4, 0.26217598324446345), (5, 0.23201028862439019)]
[(3, 0.34050422632992722), (6, 0.32726366448657351)]
[(3, 0.5565713924869724)]
[(3, 0.63920083790945093)]
[(3, 0.62930780321412882), (6, 0.22822043238138065)]
[(3, 0.33530020790696569), (6, 0.37358939920650136)]
[(1, 0.48262767524702654)]
[(1, 0.20671770404538881), (5, 0.23894208939519201)]
[(5, 0.39162361412161911)]
[(3, 0.25309019049132608)]
[(4, 0.3405534028924877), (5, 0.31226327878714727)]
[(3, 0.20859938266206401), (5, 0.4822448117046409)]
[(3, 0.61017827547226355), (4, 0.38075610152203099)]
[(6, 0.71249640089707522)]
[(2, 0.40360649237082818), (6, 0.41098306550471209)]
[(2, 0.2874718192058543), (3, 0.20309204369136771), (4, 0.22179915809647904)]
[(0, 0.29525895776979433), (4, 0.21064274825878007), (6, 0.28092625722587311)]
[(4, 0.27258954817798736), (6, 0.33149273987407862)]
[(4, 0.54139654551212879), (6, 0.25112309677047284)]
[(4, 0.56032915254667492)]
[(4, 0.26217551484837309), (5, 0.23201024077696744)]
[(3, 0.34050396297089702), (6, 0.32726389845736437)]
[(3, 0.55655799242564474)]
[(3, 0.63920170291703993)]
[(3, 0.62931225627061815), (6, 0.22821371726616196)]
[(3, 0.33529684413252475), (6, 0.37358932898497776)]
[(1, 0.48262670014703829)]
[(1, 0.20671763340795671), (5, 0.23894071199770606)]
[(5, 0.39162258789669407)]
[(3, 0.25309647884051301)]
[(4, 0.34055500986045389), (5, 0.31226380136811432)]
[(3, 0.20858885989528506), (5, 0.48224454200927314)]
[(3, 0.61017773036333567), (4, 0.38075663808208632)]
[(6, 0.71250047142545114)]
[(2, 0.4036116378230461), (6, 0.41098654178715821)]
[(2, 0.28747190801290795), (3, 0.20309876242363087), (4, 0.22179906808464386)]
[(0, 0.29525885318928974), (4, 0.2106420272631549), (6, 0.28092593255996168)]
[(4, 0.27258925369050258), (6, 0.33149292796915536)]
[(4, 0.54139410396133669), (6, 0.25111728540599787)]
[(4, 0.56032860066082069)]
[(4, 0.26217637802663885), (5, 0.23201022893843565)]
[(3, 0.34050417791401555), (6, 0.32726370760434725)]
[(3, 0.55655534644961613)]
[(3, 0.6392133853133134)]
[(3, 0.62930811535313469), (6, 0.22821996151977286)]
[(3, 0.33530663992797088), (6, 0.37358953352987506)]
[(1, 0.48262797509215927)]
[(1, 0.2067175705499428), (5, 0.2389396427708847)]
[(5, 0.3916207006853118)]
[(3, 0.25309481821887309)]
[(4, 0.34055263327240082), (5, 0.31226302851121579)]
[(3, 0.20859775738992406), (5, 0.48224481955335352)]
[(3, 0.61017751771575834), (4, 0.38075685307867979)]
[(6, 0.71249599902899263)]
[(2, 0.40360579284224884), (6, 0.4109825121119261)]
[(2, 0.28747192284869361), (3, 0.20309989867608841), (4, 0.2217990526722968)]
[(0, 0.29525927536875413), (4, 0.21064493588383712), (6, 0.28092724229932364)]
[(4, 0.27258794949067561), (6, 0.33149382099285524)]
[(4, 0.54139766942553447), (6, 0.25112431373932398)]
[(4, 0.56032770966831913)]
[(4, 0.26217525434766742), (5, 0.23201032177506298)]
[(3, 0.34050310075606122), (6, 0.32726465556643575)]
[(3, 0.55655909601763598)]
[(3, 0.63920454285685502)]
[(3, 0.62931092878123907), (6, 0.22821571857033948)]
[(3, 0.3353084016696064), (6, 0.37358957033265572)]
[(1, 0.48262863888773933)]
[(1, 0.20671756246757578), (5, 0.23893951393957882)]
[(5, 0.39162178284415783)]
[(3, 0.25309338272048681)]
[(4, 0.34056709544964509), (5, 0.31226773290521015)]
[(3, 0.20858711513636269), (5, 0.48224448045599727)]
[(3, 0.61018069576827905), (4, 0.38075368082978706)]
[(6, 0.71249963593978705)]
[(2, 0.40360583931295696), (6, 0.41098075582237442)]
[(2, 0.28747167177603411), (3, 0.20308065055989213), (4, 0.2217993138977595)]
[(0, 0.29525928696328957), (4, 0.21064501539168193), (6, 0.28092727813827056)]
[(4, 0.27258919248291552), (6, 0.33149296761216279)]
[(4, 0.54139753156067416), (6, 0.25112459899971751)]
[(4, 0.56032849484378389)]
[(4, 0.26217458480982436), (5, 0.23201021733160884)]
[(3, 0.34050455581004552), (6, 0.32726336973821218)]
[(3, 0.55654852475469641)]
[(3, 0.63919996808269197)]
[(3, 0.62931578513818143), (6, 0.22820839935075796)]
[(3, 0.33529297324044921), (6, 0.37358924819904832)]
[(1, 0.4826281466278094)]
[(1, 0.20671761682835421), (5, 0.23894043975388835)]
[(5, 0.39162466199452994)]
[(3, 0.25309669946468921)]
[(4, 0.34056792074378417), (5, 0.31226800143904931)]
[(3, 0.20859569293418348), (5, 0.48224472759176507)]
[(3, 0.61019036923553338), (4, 0.3807440243746516)]
[(6, 0.7124998686822015)]
[(2, 0.40359995794294734), (6, 0.41097671147585213)]
[(2, 0.28747192325819521), (3, 0.20309993481088864), (4, 0.22179905212409787)]
[(0, 0.29525940232143183), (4, 0.21064580883436579), (6, 0.28092763546019311)]
[(4, 0.27258886039273433), (6, 0.33149318786838577)]
[(4, 0.5413937086705527), (6, 0.25111884408975071)]
[(4, 0.56032784650492273)]
[(4, 0.26217625543717837), (5, 0.23201029191631029)]
[(3, 0.34050397370045116), (6, 0.32726388895186453)]
[(3, 0.55655371050066216)]
[(3, 0.63920218397004802)]
[(3, 0.62931282208251405), (6, 0.22821286439103503)]
[(3, 0.33528958471090764), (6, 0.37358917749951681)]
[(1, 0.48262720569000539)]
[(1, 0.20671762948694652), (5, 0.23894076292791064)]
[(5, 0.39163951756985449)]
[(3, 0.25308465045427686)]
[(4, 0.34056872020660239), (5, 0.31226826146484815)]
[(3, 0.20859122600262647), (5, 0.48224453822008462)]
[(3, 0.6101940126949198), (4, 0.38074038160373447)]
[(6, 0.71249612843609156)]
[(2, 0.4036157481242923), (6, 0.41098919458864425)]
[(2, 0.28747178433184578), (3, 0.20308937549385958), (4, 0.22179919426709829)]
[(0, 0.29525930737141642), (4, 0.21064515570184156), (6, 0.2809273413372077)]
[(4, 0.27258928032549068), (6, 0.3314929109393786)]
[(4, 0.5413966281273479), (6, 0.25112292424052829)]
[(4, 0.56032826357153531)]
[(4, 0.2621752813895199), (5, 0.23201027261131135)]
[(3, 0.34050250535571602), (6, 0.32726517146412826)]
[(3, 0.5565417080700944)]
[(3, 0.63921226320512592)]
[(3, 0.62931779221649009), (6, 0.22820537612436359)]
[(3, 0.33532690700719492), (6, 0.37358995720479954)]
[(1, 0.48262638376646139)]
[(1, 0.20671761429556715), (5, 0.23894040711479864)]
[(5, 0.39161476714068505)]
[(3, 0.25309164975361592)]
[(4, 0.34055590635981181), (5, 0.31226409298364799)]
[(3, 0.20861343369010477), (5, 0.48224530558267897)]
[(3, 0.61019243015369529), (4, 0.38074196390088055)]
[(6, 0.71249789741080982)]
[(2, 0.40361464310050349), (6, 0.41098890824203616)]
[(2, 0.28747167173782656), (3, 0.20308056906334782), (4, 0.22179931597649052)]
[(0, 0.29525907225603854), (4, 0.21064353710300535), (6, 0.28092661245048811)]
[(4, 0.27258800369770769), (6, 0.33149378189392348)]
[(4, 0.54138554397195682), (6, 0.25113879526171845)]
[(4, 0.56032932402717384)]
[(4, 0.26217563266919136), (5, 0.23201041438366479)]
[(3, 0.34050358433643879), (6, 0.32726423252222825)]
[(3, 0.55654487511889505)]
[(3, 0.63920169809193728)]
[(3, 0.62930672912453278), (6, 0.22822205283268693)]
[(3, 0.33530853287969631), (6, 0.3735895730738355)]
[(1, 0.48262677578112134)]
[(1, 0.20671758821556152), (5, 0.23893997661958224)]
[(5, 0.39163441649939218)]
[(3, 0.25309054156708682)]
[(4, 0.34055885840488831), (5, 0.31226505305530572)]
[(3, 0.20860064501506106), (5, 0.48224494728808098)]
[(5, 0.57098351243803569)]
