[(2, 0.57142854912866392)]
[(3, 0.66644424824642245), (4, 0.29769123138401571)]
[(6, 0.49369626973371356)]
[(2, 0.53107582889286153), (6, 0.44238279992551344)]
[(0, 0.3612776966661182), (4, 0.20947422627172982)]
[(4, 0.61584161889277278), (6, 0.3630701193541262)]
[(1, 0.22817276347799598), (6, 0.47033099781520443)]
[(0, 0.33647762068460424), (6, 0.37006351029140178)]
[(6, 0.45492370785289615)]
[(4, 0.30608722218506446), (6, 0.30675144690252182)]
[(4, 0.50289191141598499), (6, 0.26953021963025892)]
[(4, 0.68808112228125118)]
[(2, 0.22182692491548753), (4, 0.36903668929352013), (6, 0.31194821396702599)]
[(4, 0.3808033281960107), (6, 0.35088353827654528)]
[(4, 0.40115218432319205), (5, 0.2760946070412677)]
[(5, 0.42746659942036275), (6, 0.32533063829523756)]
[(0, 0.20400379500922924), (5, 0.31726952693387661)]
[(3, 0.32474672068998256)]
[(2, 0.24635682812378912), (6, 0.468406857145237)]
[(3, 0.41213684943128742)]
[(3, 0.44255453808684858)]
[(3, 0.66642739381437821), (4, 0.29770599230734163)]
[(6, 0.49369783773241932)]
[(2, 0.53108971194257659), (6, 0.4423689203664653)]
[(0, 0.36127726069002253), (4, 0.20947319736915007)]
[(4, 0.61585387145981363), (6, 0.36305828828671188)]
[(1, 0.22817075227696662), (6, 0.47033038639974661)]
[(0, 0.33647785587479428), (6, 0.37006159161778979)]
[(6, 0.45491726184931847)]
[(4, 0.30608721315355086), (6, 0.30675148956884951)]
[(4, 0.50289276307440878), (6, 0.26953040614439888)]
[(4, 0.68808126918676726)]
[(2, 0.2218192028423871), (4, 0.36903795212568941), (6, 0.31195953054386694)]
[(4, 0.38080044561713439), (6, 0.35088269814052037)]
[(4, 0.40115550455085219), (5, 0.2761022482367394)]
[(5, 0.42745567928999989), (6, 0.32534821047056284)]
[(0, 0.20400418171535759), (5, 0.31718483013389376)]
[(3, 0.32474876967675104)]
[(2, 0.24635674904494828), (6, 0.46840664532980447)]
[(3, 0.41212684979677761)]
[(3, 0.44255693233472232)]
[(3, 0.66644163312084015), (4, 0.29769365073996079)]
[(6, 0.49369630563938149)]
[(2, 0.53105715254384578), (6, 0.44240146775973532)]
[(0, 0.36127765947617757), (4, 0.20947364428050966)]
[(4, 0.61585988005705117), (6, 0.36305236754993009)]
[(1, 0.22817681036192355), (6, 0.47033226933986311)]
[(0, 0.33647852580936716), (6, 0.37006177091868059)]
[(6, 0.45492027157750942)]
[(4, 0.3060836272376648), (6, 0.30675177978968249)]
[(4, 0.50289256885446221), (6, 0.2695303636094219)]
[(4, 0.68808119190611572)]
[(2, 0.22182692852001479), (4, 0.36902635357040225), (6, 0.31196207671330028)]
[(4, 0.38081091581767473), (6, 0.35088584114337662)]
[(4, 0.40115441868906193), (5, 0.27610008142892839)]
[(5, 0.42746341720871955), (6, 0.32533792971243453)]
[(0, 0.20399339796695939), (5, 0.31725752077756375)]
[(3, 0.32474693434431923)]
[(2, 0.24635564807551788), (6, 0.46840368913305958)]
[(3, 0.41213270378783734)]
[(3, 0.4425580836966243)]
[(3, 0.66642671539191789), (4, 0.29770600597026553)]
[(6, 0.4936967138835292)]
[(2, 0.5310728724354753), (6, 0.44238575338354058)]
[(0, 0.36127676258035341), (4, 0.2094736114339463)]
[(4, 0.61585933206873367), (6, 0.36305290287885383)]
[(1, 0.22816975776265103), (6, 0.47033008800588738)]
[(0, 0.33647784595265473), (6, 0.3700632395360875)]
[(6, 0.4549206605963354)]
[(4, 0.30608243976279026), (6, 0.30675154802047372)]
[(4, 0.50289121277289328), (6, 0.26953006662526857)]
[(4, 0.68808148715922191)]
[(2, 0.22182632171612088), (4, 0.36903272146464799), (6, 0.31195470777162848)]
[(4, 0.38080090302377828), (6, 0.35088283060668296)]
[(4, 0.40115486552057256), (5, 0.27610102659130442)]
[(5, 0.42746593164901114), (6, 0.32532635770721174)]
[(0, 0.20399346539884852), (5, 0.31726293031245256)]
[(3, 0.32474766790121962)]
[(2, 0.2463555732166286), (6, 0.46840348902375012)]
[(3, 0.41213729505621965)]
[(3, 0.44255516697155234)]
[(3, 0.66643400096166594), (4, 0.29770034761213932)]
[(6, 0.49369618224903561)]
[(2, 0.53109616394257264), (6, 0.44236246907555726)]
[(0, 0.36127512331684314), (4, 0.20947370258528925)]
[(4, 0.61585847083962342), (6, 0.36305376378776355)]
[(1, 0.22817617679308758), (6, 0.47033206586991272)]
[(0, 0.33647847532307257), (6, 0.37006213753741279)]
[(6, 0.45491625230679184)]
[(4, 0.3060840094466698), (6, 0.30675192158910886)]
[(4, 0.50287899145837545), (6, 0.26952738994122388)]
[(4, 0.68808128957303738)]
[(2, 0.22182188041493706), (4, 0.36904488903446953), (6, 0.31194672057548439)]
[(4, 0.38080224450822509), (6, 0.35088321374450798)]
[(4, 0.40115783094283863), (5, 0.27610644781770022)]
[(5, 0.42746148236720966), (6, 0.32534172264335059)]
[(0, 0.2040137788858124), (5, 0.31714660907863279)]
[(3, 0.3247445167156453)]
[(2, 0.24635804944234699), (6, 0.46841013476028692)]
[(3, 0.41212649857345779)]
[(3, 0.44255892708748884)]
[(3, 0.66644050397496946), (4, 0.29769477841349817)]
[(6, 0.49369555366146567)]
[(2, 0.53108932024285926), (6, 0.44236931182527428)]
[(0, 0.36128134486620805), (4, 0.20947161189919791)]
[(4, 0.61583891601987362), (6, 0.36307278238210683)]
[(1, 0.2281722392052529), (6, 0.4703308372625894)]
[(0, 0.33647801596144539), (6, 0.37006215107170665)]
[(6, 0.45492207035563897)]
[(4, 0.30608125764795124), (6, 0.30675227300464336)]
[(4, 0.50287324404742506), (6, 0.26952613103517969)]
[(4, 0.68808180039492362)]
[(2, 0.221825289731789), (4, 0.36900523068769964), (6, 0.3119919641015691)]
[(4, 0.38081086003146036), (6, 0.35088582553461056)]
[(4, 0.4011522605540514), (5, 0.27609482552412107)]
[(5, 0.42745754804848823), (6, 0.32534445972932552)]
[(0, 0.20400488683585974), (5, 0.31718033764430953)]
[(3, 0.32474496620252435)]
[(2, 0.24635482203275158), (6, 0.46840147465584425)]
[(3, 0.41212845131983988)]
[(3, 0.44255819942720998)]
[(3, 0.66641939225185876), (4, 0.29771238895735402)]
[(6, 0.49369586103975854)]
[(2, 0.53104496527470757), (6, 0.44241364521877719)]
[(0, 0.36128201914881369), (4, 0.20947067634272037)]
[(4, 0.615857885140636), (6, 0.36305433376325852)]
[(1, 0.2281739169849028), (6, 0.47033135480631522)]
[(0, 0.33647850231019871), (6, 0.37006317268267569)]
[(6, 0.4549185335276546)]
[(4, 0.30608455028801124), (6, 0.30675350880810642)]
[(4, 0.50288340664306874), (6, 0.2695283569852574)]
[(4, 0.68808148147074621)]
[(2, 0.22181906992103168), (4, 0.36905576828252318), (6, 0.31193755781286747)]
[(4, 0.38080970085436106), (6, 0.35088546209291865)]
[(4, 0.40115408312734657), (5, 0.2760993499375316)]
[(5, 0.4274632567292499), (6, 0.32533072407733205)]
[(0, 0.20399568731123766), (5, 0.31723916405893254)]
[(3, 0.3247473846903608)]
[(2, 0.24635659213421288), (6, 0.46840622481087346)]
[(3, 0.41212703993095323)]
[(3, 0.44255601729060112)]
[(3, 0.66642365973658213), (4, 0.29770887956350806)]
[(6, 0.49368425326857235)]
[(2, 0.53108379741406686), (6, 0.44237483382101428)]
[(0, 0.36127802485477045), (4, 0.2094740247477232)]
[(4, 0.61585626121673098), (6, 0.36305594656319751)]
[(1, 0.22817009805566857), (6, 0.47033018927615622)]
[(0, 0.33647814663756731), (6, 0.37006120419707927)]
[(6, 0.45491603309390782)]
[(4, 0.30608125531939845), (6, 0.30675175721188858)]
[(4, 0.50288412397073767), (6, 0.26952851409517947)]
[(4, 0.68808103727998138)]
[(2, 0.22182381279459951), (4, 0.3690462474145414), (6, 0.31194123279781577)]
[(4, 0.38080322231510927), (6, 0.35088349616832981)]
[(4, 0.40115631305088773), (5, 0.27610380380014776)]
[(5, 0.42746017446958634), (6, 0.32534367517295126)]
[(0, 0.20402686344991458), (5, 0.31712707628184206)]
[(3, 0.32474918284728205)]
[(2, 0.2463545204187485), (6, 0.46840066166978811)]
[(3, 0.41212598943747819)]
[(3, 0.4425545048006696)]
[(3, 0.66642511049208775), (4, 0.29770764543488604)]
[(6, 0.49368671098451272)]
[(2, 0.53105949912145667), (6, 0.44239912057292002)]
[(0, 0.36128148622909695), (4, 0.20947289266970953)]
[(4, 0.61583373229528471), (6, 0.36307752111937686)]
[(1, 0.22817388896630053), (6, 0.47033134419756817)]
[(0, 0.33647722133656133), (6, 0.37006303223703729)]
[(6, 0.45491867261492391)]
[(4, 0.3060825591301703), (6, 0.30675262785131102)]
[(4, 0.50287974360120058), (6, 0.26952755468430117)]
[(4, 0.68808114648083485)]
[(2, 0.22183183290376909), (4, 0.36902612318275585), (6, 0.3119530441036541)]
[(4, 0.38080351941155982), (6, 0.35088358859914615)]
[(4, 0.40115610293928422), (5, 0.27610342214650524)]
[(5, 0.42745873079346475), (6, 0.32533981103807191)]
[(0, 0.2039950281529492), (5, 0.31725320962668191)]
[(3, 0.32474746598255633)]
[(2, 0.24635630449724211), (6, 0.46840545358689106)]
[(3, 0.41212830205077428)]
[(3, 0.44255680031454309)]
[(3, 0.6664168736131203), (4, 0.29771410136823923)]
[(6, 0.4936927523735915)]
[(2, 0.53109493530628815), (6, 0.44236369773977785)]
[(0, 0.36127948533217319), (4, 0.20947338210800945)]
[(4, 0.61583321926630497), (6, 0.36307811857052658)]
[(1, 0.22817265729012309), (6, 0.47033096555110615)]
[(0, 0.33647821746601164), (6, 0.3700636038029218)]
[(6, 0.45491624240012823)]
[(4, 0.30608526031016015), (6, 0.30675267792629735)]
[(4, 0.50288287082229066), (6, 0.26952823962958783)]
[(4, 0.68808174401859001)]
[(2, 0.22181638464618211), (4, 0.36905723667555268), (6, 0.31194034784586205)]
[(4, 0.38080014849875543), (6, 0.35088261585785657)]
[(4, 0.40115244737372735), (5, 0.27609530175504177)]
[(5, 0.42746157306923654), (6, 0.32533964674623539)]
[(0, 0.20399714899137716), (5, 0.31725820837671287)]
[(3, 0.32474824541746922)]
[(2, 0.24635670311115943), (6, 0.46840652400355554)]
[(3, 0.41213682175889754)]
[(3, 0.44255857496627299)]
[(3, 0.66644524014465689), (4, 0.29769030062299939)]
[(6, 0.49369152656908644)]
[(2, 0.53107585302476623), (6, 0.44238277542715171)]
[(0, 0.3612788829239702), (4, 0.20947444404467291)]
[(4, 0.61584665818212359), (6, 0.36306534291798154)]
[(1, 0.22817332909453913), (6, 0.47033117213852016)]
[(0, 0.33647857573297602), (6, 0.37006192869494875)]
[(6, 0.45491998856370852)]
[(4, 0.3060806565437314), (6, 0.30675158797058644)]
[(4, 0.50288222785605663), (6, 0.26952809880411444)]
[(4, 0.68808126425669747)]
[(2, 0.22182487290864375), (4, 0.36903563588269933), (6, 0.31195351222376139)]
[(4, 0.38080418878722438), (6, 0.3508837840239421)]
[(4, 0.40115231170606447), (5, 0.27609495303840181)]
[(5, 0.42745032485475537), (6, 0.32533927450908873)]
[(0, 0.20399510159626014), (5, 0.31725997557682206)]
[(3, 0.32474781583223999)]
[(2, 0.24635628059068143), (6, 0.46840538786165098)]
[(3, 0.41213755436989424)]
[(3, 0.44255818143732828)]
[(3, 0.66644119265462254), (4, 0.29769401993762207)]
[(6, 0.49369761878036156)]
[(2, 0.53107506356345613), (6, 0.44238356511173871)]
[(0, 0.36127567579350217), (4, 0.20947358337472183)]
[(4, 0.61585372480753198), (6, 0.36305843367675755)]
[(1, 0.22817653124704254), (6, 0.47033217888157131)]
[(0, 0.33647780853511888), (6, 0.37006208830741777)]
[(6, 0.45491618079085622)]
[(4, 0.30608556865279113), (6, 0.30675218152891354)]
[(4, 0.50287494747182693), (6, 0.26952650416020829)]
[(4, 0.68808172021077374)]
[(2, 0.22183242835310196), (4, 0.36901776645520074), (6, 0.31196312860319342)]
[(4, 0.38081088363635884), (6, 0.3508858301219282)]
[(4, 0.40115256152963469), (5, 0.27609563595384617)]
[(5, 0.42745886118401843), (6, 0.32534429992557273)]
[(0, 0.20400465517712046), (5, 0.31718430889554311)]
[(3, 0.32474640256650594)]
[(2, 0.24635645450753313), (6, 0.46840585518484368)]
[(3, 0.41213108627210998)]
[(3, 0.44255741824453959)]
[(3, 0.66643793875726354), (4, 0.29769688792815335)]
[(6, 0.49368735166776556)]
[(2, 0.5310521695834729), (6, 0.44240643996413043)]
[(0, 0.36127868856562101), (4, 0.20947376677180152)]
[(4, 0.61585870555534894), (6, 0.3630535214873627)]
[(1, 0.22816788882812714), (6, 0.47032953450772852)]
[(0, 0.33647831746932233), (6, 0.37006354110560291)]
[(6, 0.45491743697627718)]
[(4, 0.3060877172135113), (6, 0.30675215833057634)]
[(4, 0.50287077084359222), (6, 0.26952558928472475)]
[(4, 0.68808167383090291)]
[(2, 0.2218188922627877), (4, 0.36904785094083897), (6, 0.31194816030742561)]
[(4, 0.38080705081606986), (6, 0.35088464466887109)]
[(4, 0.4011547827953339), (5, 0.27610077872936944)]
[(5, 0.427462272470157), (6, 0.32533874522316941)]
[(0, 0.20401149018687414), (5, 0.31723777017453991)]
[(3, 0.32474381540725877)]
[(2, 0.24635596578944202), (6, 0.46840454338693238)]
[(3, 0.41212701210420194)]
[(3, 0.44255655599560828)]
[(3, 0.6664424037782738), (4, 0.29769287704823327)]
[(6, 0.49369805452890247)]
[(2, 0.53109303853825662), (6, 0.44236559432636685)]
[(0, 0.36127820005871247), (4, 0.20947271221253994)]
[(4, 0.61583155660626643), (6, 0.36307966798328228)]
[(1, 0.22816745718399969), (6, 0.47032940833181974)]
[(0, 0.33647771015435868), (6, 0.37006306794181876)]
[(6, 0.45491694668065114)]
[(4, 0.30608446496723146), (6, 0.306752670121614)]
[(4, 0.50289332762273897), (6, 0.26953052977974185)]
[(4, 0.68808173814794116)]
[(2, 0.2218220619729514), (4, 0.36904532395307432), (6, 0.31194589233631798)]
[(4, 0.38080713006774608), (6, 0.35088467001865525)]
[(4, 0.40115687453955218), (5, 0.27610488135269978)]
[(5, 0.42746337617812791), (6, 0.32533732949394523)]
[(0, 0.20403078112459314), (5, 0.31711836070638905)]
[(3, 0.32474487449229722)]
[(2, 0.24635694197395805), (6, 0.46840716525731646)]
[(3, 0.41213622785315984)]
[(3, 0.44255759049416998)]
[(3, 0.66642755944086951), (4, 0.29770606123788484)]
[(6, 0.4936905818806176)]
[(2, 0.53109006811784631), (6, 0.44236856406899699)]
[(0, 0.3612779219864346), (4, 0.20947387418320509)]
[(4, 0.61585166685970705), (6, 0.36306046024273569)]
[(1, 0.22816707753815924), (6, 0.47032929691785014)]
[(0, 0.33647839972951499), (6, 0.37006334242294409)]
[(6, 0.4549072098749396)]
[(4, 0.3060809130257211), (6, 0.3067515972270794)]
[(4, 0.50288532736745462), (6, 0.26952877766122585)]
[(4, 0.6880814846142751)]
[(2, 0.22182019784941995), (4, 0.36905641628961544), (6, 0.31193408270978751)]
[(4, 0.38080312207592493), (6, 0.35088347710297907)]
[(4, 0.40115203084979606), (5, 0.27609417697205169)]
[(5, 0.42746321807793153), (6, 0.32533230104431909)]
[(0, 0.20400281501901113), (5, 0.31726489239778066)]
[(3, 0.32474672454587328)]
[(2, 0.24635616636613042), (6, 0.4684050828638861)]
[(3, 0.41213618077311398)]
[(3, 0.4425573030282286)]
[(3, 0.66642497293449587), (4, 0.29770849635883484)]
[(6, 0.49369310879722295)]
[(2, 0.53108397983044231), (6, 0.44237465082187571)]
[(0, 0.36127380124356179), (4, 0.20947466634839465)]
[(4, 0.61583266355794708), (6, 0.3630787550304666)]
[(1, 0.22817169769094306), (6, 0.47033067192472927)]
[(0, 0.33647768773627623), (6, 0.3700628829223947)]
[(6, 0.45492265445091856)]
[(4, 0.30608466740414081), (6, 0.30675206754255552)]
[(4, 0.50289345370209471), (6, 0.26953055739127146)]
[(4, 0.68808112780409747)]
[(2, 0.22182297170571141), (4, 0.36904804968052302), (6, 0.31194060384748862)]
[(4, 0.38080638749998541), (6, 0.35088445511842448)]
[(4, 0.40115595179981972), (5, 0.27610318499589898)]
[(5, 0.42746012842231568), (6, 0.32533919721231613)]
[(0, 0.20399468102351226), (5, 0.31723364175354601)]
[(3, 0.32473266290615016)]
[(2, 0.24635540680103005), (6, 0.46840304126477605)]
[(3, 0.41213748857677457)]
[(3, 0.44255483162663067)]
[(3, 0.6664441464160048), (4, 0.29769137741096802)]
[(6, 0.49369523026455264)]
[(2, 0.53104807159538081), (6, 0.4424105411151189)]
[(0, 0.3612765591710218), (4, 0.20947357335620892)]
[(4, 0.61584980986508464), (6, 0.36306228967634113)]
[(1, 0.22816926786096869), (6, 0.47032994133316874)]
[(0, 0.33647830601472156), (6, 0.37006318037646652)]
[(6, 0.45492143563388737)]
[(4, 0.30608346508732803), (6, 0.30675239889864447)]
[(4, 0.5028821956472812), (6, 0.26952809174891795)]
[(4, 0.68808144214557254)]
[(2, 0.22182256586094576), (4, 0.36904059966301611), (6, 0.31195113486476445)]
[(4, 0.38080071655361419), (6, 0.35088277756877706)]
[(4, 0.40115336757203113), (5, 0.27609768666410511)]
[(5, 0.42745619368986587), (6, 0.32533611624174752)]
[(0, 0.204010705385716), (5, 0.31723928246406513)]
[(3, 0.32474328046499229)]
[(2, 0.2463559965686293), (6, 0.46840462691358037)]
[(3, 0.41212849942524626)]
[(3, 0.44255749002569111)]
[(3, 0.66643020721105684), (4, 0.29770384865688049)]
[(6, 0.49369789772604944)]
[(2, 0.5310820617970553), (6, 0.44237656818383031)]
[(0, 0.3612783232878567), (4, 0.20947191485309646)]
[(4, 0.615858025777406), (6, 0.3630541866568448)]
[(1, 0.22816949265715178), (6, 0.47033000807762898)]
[(0, 0.33647808159038595), (6, 0.37006206846476597)]
[(6, 0.45492535783274179)]
[(4, 0.30607814664715016), (6, 0.30675203502934328)]
[(4, 0.50287420386850978), (6, 0.26952634127902469)]
[(4, 0.68808120889398383)]
[(2, 0.22184128213118282), (4, 0.36900837092020755), (6, 0.31195699877574229)]
[(4, 0.38080201101206856), (6, 0.3508831526284204)]
[(4, 0.40115624028574742), (5, 0.27610372769421754)]
[(5, 0.42745885243276999), (6, 0.32532405935098468)]
[(0, 0.20399526654249767), (5, 0.31726170061460829)]
[(3, 0.32474668171213977)]
[(2, 0.24635488391136068), (6, 0.4684016375331983)]
[(3, 0.41212934242338717)]
[(3, 0.442559801746781)]
[(3, 0.66642767504816391), (4, 0.29770538960889953)]
[(6, 0.49369552598155098)]
[(2, 0.53104682290841321), (6, 0.44241178364073874)]
[(0, 0.36127824269517728), (4, 0.2094737310880771)]
[(4, 0.61585690654341829), (6, 0.36305530466074831)]
[(1, 0.22816938931587599), (6, 0.47032997847430019)]
[(0, 0.33647754610229114), (6, 0.37006159959330287)]
[(6, 0.45492142291427279)]
[(4, 0.30608437700417307), (6, 0.30675295717627493)]
[(4, 0.5028835812537007), (6, 0.26952839522894473)]
[(4, 0.68808159217522924)]
[(2, 0.22183479810218293), (4, 0.36901564370950019), (6, 0.3119614165414053)]
[(4, 0.38080534479796407), (6, 0.35088413068547397)]
[(4, 0.4011540268872969), (5, 0.27609921670192089)]
[(5, 0.42746090155646854), (6, 0.32534328920244943)]
[(0, 0.20400427902559479), (5, 0.31726016962483183)]
[(3, 0.32474539955233583)]
[(2, 0.24635727487216086), (6, 0.4684080563106145)]
[(3, 0.41212611607384392)]
[(3, 0.44255832943906598)]
[(3, 0.66643969163570116), (4, 0.29769513080519361)]
[(6, 0.49369632831691074)]
[(2, 0.53105769738239761), (6, 0.44240091963478634)]
[(0, 0.3612804598305705), (4, 0.20947342790030787)]
[(4, 0.61585472327841539), (6, 0.3630574550514214)]
[(1, 0.22817591592359204), (6, 0.47033198310277091)]
[(0, 0.33647854763470691), (6, 0.37006302269727542)]
[(6, 0.45491730781465461)]
[(4, 0.30608233045149141), (6, 0.30675194365655001)]
[(4, 0.50288823826581075), (6, 0.26952941518763418)]
[(4, 0.68808173117860572)]
[(2, 0.22182653386410323), (4, 0.36902181586574301), (6, 0.31196748147159503)]
[(4, 0.38080486052222023), (6, 0.35088398759404016)]
[(4, 0.40115531856116365), (5, 0.2761019509711154)]
[(5, 0.42745738227891494), (6, 0.3253273839157913)]
[(0, 0.20399605594872922), (5, 0.31725800372207075)]
[(3, 0.3247466185516622)]
[(2, 0.24635550632985476), (6, 0.46840331026637871)]
[(3, 0.41213120517910135)]
[(3, 0.44255866553150625)]
[(3, 0.66643179822365528), (4, 0.29770252205730396)]
[(6, 0.49369571259586703)]
[(2, 0.53105933382587145), (6, 0.44239918851504367)]
[(0, 0.36128009447751436), (4, 0.20947294203878211)]
[(4, 0.61584421969525205), (6, 0.36306764547195702)]
[(1, 0.22817493369368916), (6, 0.47033167234901319)]
[(0, 0.3364773780127141), (6, 0.37006236324525604)]
[(6, 0.45492087258027847)]
[(4, 0.30608454911305105), (6, 0.30675182743823437)]
[(4, 0.50287037634146137), (6, 0.26952550286849802)]
[(4, 0.6880814470341885)]
[(2, 0.22182688296305328), (4, 0.36903412427759963), (6, 0.31195182127730348)]
[(4, 0.38080133434489127), (6, 0.35088295565706046)]
[(4, 0.40115458712499652), (5, 0.27610043903599785)]
[(5, 0.42746319844030845), (6, 0.32533358360299269)]
[(0, 0.20399770733591852), (5, 0.31721236229139393)]
[(3, 0.32474055139285635)]
[(2, 0.24635719023764099), (6, 0.46840783075943115)]
[(3, 0.41213602836439456)]
[(3, 0.44255644333809319)]
[(3, 0.66643916289661609), (4, 0.29769593979977432)]
[(6, 0.49369525782514256)]
[(2, 0.53105216383215692), (6, 0.44240644459938377)]
[(0, 0.36127890454615985), (4, 0.20947442296728355)]
[(4, 0.61583861178043153), (6, 0.36307309323266057)]
[(1, 0.22817587124219213), (6, 0.47033196889324025)]
[(0, 0.33647780838541175), (6, 0.37006364502189087)]
[(6, 0.45492349463953308)]
[(4, 0.3060815695032415), (6, 0.30675301181169035)]
[(4, 0.50288899552910737), (6, 0.26952958103698876)]
[(4, 0.68808135449159524)]
[(2, 0.22182564882906744), (4, 0.36902767176515916), (6, 0.31196295378277578)]
[(4, 0.38080223532577506), (6, 0.35088321716027443)]
[(4, 0.40115597415740328), (5, 0.27610317903244108)]
[(5, 0.427460369840657), (6, 0.32533793932644561)]
[(0, 0.20399824357401311), (5, 0.31726154086697517)]
[(3, 0.32474580353290144)]
[(2, 0.24635631469544578), (6, 0.46840548012412736)]
[(3, 0.41213047642349115)]
[(3, 0.44255491129486774)]
[(3, 0.66642959028208992), (4, 0.29770387882809257)]
[(6, 0.49368745598745467)]
[(2, 0.53109541825534412), (6, 0.44236321481072327)]
[(0, 0.36128022357479), (4, 0.2094718776825355)]
[(4, 0.61584304258853662), (6, 0.36306883693023273)]
[(1, 0.22816677832329735), (6, 0.47032920958757551)]
[(0, 0.33647833943926225), (6, 0.37006368640469528)]
[(6, 0.45492693818286467)]
[(4, 0.30608621495215693), (6, 0.30675309644806742)]
[(4, 0.50289348493239838), (6, 0.26953056422976701)]
[(4, 0.68808155211461275)]
[(2, 0.22182411777863881), (4, 0.36903487034207877), (6, 0.31195612573158965)]
[(4, 0.3808072922698395), (6, 0.35088471645334984)]
[(4, 0.40115203648752251), (5, 0.27609419406256641)]
[(5, 0.42746576290765359), (6, 0.32532964682077847)]
[(0, 0.2039950409260331), (5, 0.31726454113884028)]
[(3, 0.32474890998237982)]
[(2, 0.24635665514089924), (6, 0.46840639594517053)]
[(3, 0.41213326900636865)]
[(3, 0.44255534497886551)]
[(3, 0.66644456676633657), (4, 0.29769085500312331)]
[(6, 0.49369422772009891)]
[(2, 0.53105407946472238), (6, 0.44240453360626325)]
[(0, 0.3612741624959655), (4, 0.20947502507307766)]
[(4, 0.61585324076135284), (6, 0.36305891426279047)]
[(1, 0.22817141441503871), (6, 0.47033058663083394)]
[(0, 0.33647749771097174), (6, 0.37006191697980562)]
[(6, 0.45492462212876039)]
[(4, 0.30608390598757734), (6, 0.30675222081799253)]
[(4, 0.50289329256946036), (6, 0.26953052210294765)]
[(4, 0.68808155692460427)]
[(2, 0.2218360443479562), (4, 0.3690031717569825), (6, 0.3119750362458461)]
[(4, 0.38079967920043623), (6, 0.35088248069399025)]
[(4, 0.40115516226415709), (5, 0.27610158012164515)]
[(5, 0.4274636549463236), (6, 0.32533578025441978)]
[(0, 0.20399511546080815), (5, 0.31726310761448306)]
[(3, 0.32474442741140763)]
[(2, 0.24635713565216705), (6, 0.46840768469479932)]
[(3, 0.41212722844059052)]
[(3, 0.44255383796904152)]
[(3, 0.66644406373244969), (4, 0.29769135306302674)]
[(6, 0.49369614568389142)]
[(2, 0.53108156337792856), (6, 0.44237706441042668)]
[(0, 0.36128148496720963), (4, 0.20947269410759886)]
[(4, 0.61585869171960561), (6, 0.36305354999060307)]
[(1, 0.22817046570499333), (6, 0.47033030080889782)]
[(0, 0.33647895090623187), (6, 0.37006335139129615)]
[(6, 0.45492476304575591)]
[(4, 0.30608518983424909), (6, 0.30675257868039391)]
[(4, 0.50287365053061628), (6, 0.26952622007341354)]
[(4, 0.68808119836883597)]
[(2, 0.22182688454141486), (4, 0.36902948798514745), (6, 0.31195803131483757)]
[(4, 0.38080956927744702), (6, 0.35088542033031661)]
[(4, 0.40115335573206273), (5, 0.27609764335181142)]
[(5, 0.42746520245919745), (6, 0.32532719107118663)]
[(0, 0.20399355480359299), (5, 0.31726172968955235)]
[(3, 0.32474712304935804)]
[(2, 0.24635694174076816), (6, 0.46840716218754258)]
[(3, 0.41213609487147634)]
[(3, 0.44255668274683513)]
[(3, 0.66644422402625325), (4, 0.29769114231748489)]
[(6, 0.49369708519762917)]
[(2, 0.53105662833979761), (6, 0.44240199054942425)]
[(0, 0.36127703218650253), (4, 0.2094726378835069)]
[(4, 0.61583174689189046), (6, 0.36307955154247074)]
[(1, 0.22817630374888276), (6, 0.47033210613472415)]
[(0, 0.33647845972670748), (6, 0.37006236624436956)]
[(6, 0.45491258465479845)]
[(4, 0.30608366956542887), (6, 0.30675269196174154)]
[(4, 0.50289229407875347), (6, 0.26953030343391726)]
[(4, 0.68808145454784597)]
[(2, 0.22182843753526002), (4, 0.36903684679413684), (6, 0.31194413472481941)]
[(4, 0.38080195555330731), (6, 0.35088312915284137)]
[(4, 0.40115237541065618), (5, 0.27609516116912342)]
[(5, 0.42745768962695824), (6, 0.32532407264154251)]
[(0, 0.20403070670039328), (5, 0.31711766910505867)]
[(3, 0.32474912618573948)]
[(2, 0.24635617650060221), (6, 0.46840510727262014)]
[(3, 0.41213121737245406)]
[(3, 0.44255708573925334)]
[(3, 0.66643212592905587), (4, 0.29770216671585925)]
[(6, 0.49369799336169851)]
[(2, 0.53109224627216856), (6, 0.44236638635169967)]
[(0, 0.36127536039897806), (4, 0.20947352892568183)]
[(4, 0.61584917278475459), (6, 0.36306288933678604)]
[(1, 0.2281761660826625), (6, 0.47033206105117242)]
[(0, 0.33647773790064994), (6, 0.37006194071110243)]
[(6, 0.45491313378357845)]
[(4, 0.30608374603402588), (6, 0.30675219210632459)]
[(4, 0.50289013636917168), (6, 0.26952983088842791)]
[(4, 0.68808176413100952)]
[(2, 0.22182645963806658), (4, 0.36903182880045293), (6, 0.31195552511360275)]
[(4, 0.38080130725523842), (6, 0.3508829477784659)]
[(4, 0.40115723504161144), (5, 0.2761054483968442)]
[(5, 0.4274585123963302), (6, 0.3253412468188383)]
[(0, 0.20400078759108861), (5, 0.31725695210003685)]
[(3, 0.32474721539046342)]
[(2, 0.2463579580618987), (6, 0.46840989092655166)]
[(3, 0.41212636766534738)]
[(3, 0.44255679078699794)]
[(3, 0.66643594984630372), (4, 0.29769877389817612)]
[(6, 0.49368708786399823)]
[(2, 0.53106545911397929), (6, 0.44239316459591083)]
[(0, 0.36127626456798317), (4, 0.20947362834413583)]
[(4, 0.61584666066510074), (6, 0.36306534850801941)]
[(1, 0.22817195291435347), (6, 0.47033074855091694)]
[(0, 0.33647891487770137), (6, 0.37006418392273605)]
[(6, 0.45492371443986646)]
[(4, 0.30608617929557935), (6, 0.30675162094866387)]
[(4, 0.50287656940018344), (6, 0.26952685942675886)]
[(4, 0.6880812123703729)]
[(2, 0.22183530536535251), (4, 0.36900075157692702), (6, 0.31197939805395675)]
[(4, 0.38080315150964011), (6, 0.35088348805064257)]
[(4, 0.40115400002541934), (5, 0.27609916019468084)]
[(5, 0.42745586870651364), (6, 0.32534797821888067)]
[(0, 0.20399322860358995), (5, 0.31726345956714797)]
[(3, 0.32474807364826269)]
[(2, 0.24635714742578682), (6, 0.46840771639872408)]
[(3, 0.41212903007997143)]
[(3, 0.44255606992263025)]
[(3, 0.66642795081986494), (4, 0.29770550251858108)]
[(6, 0.49369603119330563)]
[(2, 0.53105431239101752), (6, 0.44240430351517024)]
[(0, 0.36128040504967196), (4, 0.20947229945909809)]
[(4, 0.61584305264441275), (6, 0.36306886204311029)]
[(1, 0.22817093162602828), (6, 0.47033043981210648)]
[(0, 0.33647758454008592), (6, 0.37006240243097843)]
[(6, 0.45492294246185566)]
[(4, 0.30608447792739646), (6, 0.30675386126125415)]
[(4, 0.50289285520143223), (6, 0.26953042631937307)]
[(4, 0.68808164254772419)]
[(2, 0.22183130865387621), (4, 0.36902131064383503), (6, 0.31196067087971968)]
[(4, 0.38080379307609524), (6, 0.35088367553035893)]
[(4, 0.40115271755441984), (5, 0.27609604916227148)]
[(5, 0.42745911387998964), (6, 0.32534061839117884)]
[(0, 0.20402726589059919), (5, 0.31714800157607947)]
[(3, 0.32473847854306975)]
[(2, 0.24635612740515145), (6, 0.46840497705920076)]
[(3, 0.41212659377504129)]
[(3, 0.44255767515401434)]
[(3, 0.66644010879191506), (4, 0.29769472608085235)]
[(6, 0.49369815120822635)]
[(2, 0.53105090067293259), (6, 0.4424077090411544)]
[(0, 0.36128121864856783), (4, 0.20947306664262386)]
[(4, 0.61585504073861497), (6, 0.3630571454244364)]
[(1, 0.22817392779029869), (6, 0.47033135902102091)]
[(0, 0.33647887727210318), (6, 0.37006357810432017)]
[(6, 0.45492014534917369)]
[(4, 0.30608372474973228), (6, 0.30675202770949839)]
[(4, 0.50287412732345804), (6, 0.26952632451334896)]
[(4, 0.68808173048543386)]
[(2, 0.22183025875638401), (4, 0.36902635638151104), (6, 0.31195567057083989)]
[(4, 0.38080200407446851), (6, 0.35088314975427021)]
[(4, 0.40115241653277961), (5, 0.27609525438618571)]
[(5, 0.4274577144373044), (6, 0.32534585718989251)]
[(0, 0.20402564643044419), (5, 0.31716230034564818)]
[(3, 0.32474366453920311)]
[(2, 0.24635606663282028), (6, 0.46840481326106892)]
[(3, 0.41212907732321696)]
[(3, 0.44255411857481491)]
[(3, 0.66642298129454958), (4, 0.297710024588767)]
[(6, 0.49369550373040016)]
[(2, 0.53105205599434491), (6, 0.44240655254285532)]
[(0, 0.36127597094679503), (4, 0.20947469547833397)]
[(4, 0.61586223882989499), (6, 0.36305003003733133)]
[(1, 0.22817627511727392), (6, 0.47033209629026806)]
[(0, 0.33647923584208478), (6, 0.37006372985318625)]
[(6, 0.45492196977794919)]
[(4, 0.30608177589465779), (6, 0.30675249621772827)]
[(4, 0.50288728384896364), (6, 0.26952920615956577)]
[(4, 0.68808145024775769)]
[(2, 0.2218344141053053), (4, 0.36901678610796745), (6, 0.31196066407768519)]
[(4, 0.38079999038902623), (6, 0.3508825689053281)]
[(4, 0.40115464075859975), (5, 0.27610055292052249)]
[(5, 0.4274538260985366), (6, 0.3253387024079642)]
[(0, 0.20402061396318555), (5, 0.31718951806226919)]
[(3, 0.32474817904684566)]
[(2, 0.24635582718914559), (6, 0.46840417199848805)]
[(3, 0.41212643014835237)]
[(3, 0.44255982493116547)]
[(3, 0.6664477580567848), (4, 0.29768779236316029)]
[(6, 0.49369629336299914)]
[(2, 0.53104721561696544), (6, 0.44241139638221938)]
[(0, 0.36127930402349939), (4, 0.20947398071803572)]
[(4, 0.6158549493337272), (6, 0.36305723155594066)]
[(1, 0.22817120946923836), (6, 0.47033052434661959)]
[(0, 0.33647783654141372), (6, 0.37006237959607774)]
[(6, 0.45492495029855812)]
[(4, 0.30608366328885928), (6, 0.30675373246780957)]
[(4, 0.50287588164578978), (6, 0.26952670878194424)]
[(4, 0.68808171320433853)]
[(2, 0.2218224413986038), (4, 0.36904363226189413), (6, 0.31194735012098762)]
[(4, 0.38080059722805082), (6, 0.35088274301212652)]
[(4, 0.40115240103168626), (5, 0.27609520782732383)]
[(5, 0.42746088230609008), (6, 0.32534303420729727)]
[(0, 0.20400115009158262), (5, 0.31723802251871425)]
[(3, 0.32474734079730133)]
[(2, 0.24635644118243372), (6, 0.46840581932846848)]
[(3, 0.41212803894443706)]
[(3, 0.44255865910534081)]
[(3, 0.66641893536625385), (4, 0.29771340051261153)]
[(6, 0.49369647004063433)]
[(2, 0.53105993886921321), (6, 0.44239867875705213)]
[(0, 0.36127798468948402), (4, 0.20947315499150626)]
[(4, 0.6158444329799817), (6, 0.3630674875722667)]
[(1, 0.2281720732961092), (6, 0.47033078585392657)]
[(0, 0.33647795667212832), (6, 0.37006224283415345)]
[(6, 0.45492319265417541)]
[(4, 0.30608471541816007), (6, 0.30675276755249276)]
[(4, 0.50287576425337832), (6, 0.26952668306891003)]
[(4, 0.68808114962070066)]
[(2, 0.22182698001777124), (4, 0.36903503389418268), (6, 0.31195027180491441)]
[(4, 0.38080865948160769), (6, 0.35088514241230712)]
[(4, 0.40115488585781955), (5, 0.27610107361624281)]
[(5, 0.42746314132030955), (6, 0.32533616232261892)]
[(0, 0.20399567927176829), (5, 0.3172575479204981)]
[(3, 0.32474539498290378)]
[(2, 0.24635560739632251), (6, 0.46840358348483796)]
[(3, 0.41213362871517978)]
[(3, 0.44255578011342045)]
[(3, 0.66643325033199163), (4, 0.29770104730400665)]
[(6, 0.49369559501081584)]
[(2, 0.53107929770405904), (6, 0.4423793296929916)]
[(0, 0.36127932872836127), (4, 0.209473304071494)]
[(4, 0.6158384569739056), (6, 0.36307319302538232)]
[(1, 0.22817340324242225), (6, 0.47033119386601469)]
[(0, 0.33647863905046665), (6, 0.37006414225711654)]
[(6, 0.45491873631393526)]
[(4, 0.30608507290505554), (6, 0.30675228967474061)]
[(4, 0.50289255829485746), (6, 0.26953036129711322)]
[(4, 0.68808181824335657)]
[(2, 0.22182236134161104), (4, 0.36904006063158579), (6, 0.31195071047496326)]
[(4, 0.38080191728358392), (6, 0.35088312443855663)]
[(4, 0.40115426833909412), (5, 0.27609975200950698)]
[(5, 0.42746579442599136), (6, 0.32532755872034214)]
[(0, 0.20401002073186342), (5, 0.31716579110227344)]
[(3, 0.32474296439243061)]
[(2, 0.24635680355129166), (6, 0.46840679286828191)]
[(3, 0.41212945930699746)]
[(3, 0.44255736886825864)]
[(3, 0.66642324771039196), (4, 0.29770900160776437)]
[(6, 0.49368650468302455)]
[(2, 0.53109501189336994), (6, 0.44236362128116868)]
[(0, 0.36128290328363261), (4, 0.20947156538147255)]
[(4, 0.61585597042588514), (6, 0.36305622282369765)]
[(1, 0.22816698005776603), (6, 0.47032926835498307)]
[(0, 0.33647807562202436), (6, 0.37006215413833188)]
[(6, 0.45492149750054528)]
[(4, 0.30608653776983469), (6, 0.30675180230960519)]
[(4, 0.50287827514950767), (6, 0.26952723304666892)]
[(4, 0.68808182368361326)]
[(2, 0.22182468845594799), (4, 0.36902304702473138), (6, 0.31196977721992775)]
[(4, 0.38080320159619507), (6, 0.35088349497070476)]
[(4, 0.40115480418505195), (5, 0.27610090765443901)]
[(5, 0.42746191902937403), (6, 0.32534010940392588)]
[(0, 0.20399500617545979), (5, 0.31726287825130822)]
[(3, 0.32474732144419699)]
[(2, 0.24635605522435824), (6, 0.4684047827979419)]
[(3, 0.41212732097750177)]
[(3, 0.44255940258339921)]
[(3, 0.66644379517737096), (4, 0.2976917004971289)]
[(6, 0.49369518297270459)]
[(2, 0.53107050488521623), (6, 0.44238812272313799)]
[(0, 0.36128309349176035), (4, 0.20947138746211941)]
[(4, 0.61585681140804815), (6, 0.36305539893459626)]
[(1, 0.22817225522550746), (6, 0.47033084298866368)]
[(0, 0.33647853652597631), (6, 0.37006335783060251)]
[(6, 0.45492453050873088)]
[(4, 0.30608265736643275), (6, 0.30675233104019284)]
[(4, 0.50289270023822785), (6, 0.26953039238280924)]
[(4, 0.68808123692053891)]
[(2, 0.2218234168060973), (4, 0.36904248826047781), (6, 0.31194702259578316)]
[(4, 0.38080013300734916), (6, 0.35088260936389642)]
[(4, 0.40115357127546281), (5, 0.27609816570409124)]
[(5, 0.42745982395436632), (6, 0.32533937944013219)]
[(0, 0.20399559294993921), (5, 0.31726315975371644)]
[(3, 0.32474640048972753)]
[(2, 0.24635545613733814), (6, 0.46840317367590073)]
[(3, 0.41212871808866131)]
[(3, 0.44255819974584493)]
[(3, 0.66643636015826713), (4, 0.29769868860900545)]
[(6, 0.49369721802198652)]
[(2, 0.531085989644422), (6, 0.44237264177153157)]
[(0, 0.36127850949775742), (4, 0.2094740856636193)]
[(4, 0.6158364613932269), (6, 0.36307516062838652)]
[(1, 0.22817415462123372), (6, 0.47033142689201413)]
[(0, 0.33647849834943938), (6, 0.370062633618014)]
[(6, 0.45491885183667641)]
[(4, 0.30608267371005737), (6, 0.30675090868112365)]
[(4, 0.50287596840481608), (6, 0.26952672778621672)]
[(4, 0.6880814140433803)]
[(2, 0.22182537923784526), (4, 0.3690296898792782), (6, 0.31195872071867353)]
[(4, 0.38080765057482902), (6, 0.35088482851989344)]
[(4, 0.40115511933328796), (5, 0.27610149661259603)]
[(5, 0.42745734206064973), (6, 0.32533361476185796)]
[(0, 0.20402390555936253), (5, 0.31718359107423655)]
[(3, 0.32474879305810428)]
[(2, 0.24635646519341398), (6, 0.46840588286615104)]
[(3, 0.41212695751089262)]
[(3, 0.44255554764493316)]
[(3, 0.6664298010914641), (4, 0.29770419123823083)]
[(6, 0.49369589957888932)]
[(2, 0.53108165356007619), (6, 0.44237697688754568)]
[(0, 0.361275849039149), (4, 0.2094738362276701)]
[(4, 0.61586193481962581), (6, 0.36305032194506065)]
[(1, 0.22817489563665347), (6, 0.47033166053437631)]
[(0, 0.33647852157162761), (6, 0.37006307341695233)]
[(6, 0.45492082802663475)]
[(4, 0.30608210846731165), (6, 0.30675182202389017)]
[(4, 0.50288618360229609), (6, 0.2695289651905064)]
[(4, 0.68808111005320149)]
[(2, 0.22182905158321553), (4, 0.36902569006877217), (6, 0.31195897787838117)]
[(4, 0.38080058287885504), (6, 0.35088273843426937)]
[(4, 0.40115214282892231), (5, 0.27609449769878625)]
[(5, 0.42745390045109127), (6, 0.32533102738647757)]
[(0, 0.20402997657420582), (5, 0.31712211675603169)]
[(3, 0.32474759439835688)]
[(2, 0.24635513496273076), (6, 0.46840231240508329)]
[(3, 0.41212637923558776)]
[(3, 0.4425575010217529)]
[(3, 0.6664399498454685), (4, 0.29769515053544832)]
[(6, 0.49369215362598473)]
[(2, 0.53104741296177194), (6, 0.44241119713598864)]
[(0, 0.36127985173069943), (4, 0.20947371142899332)]
[(4, 0.61583381232189094), (6, 0.36307755682985815)]
[(1, 0.22817079203045598), (6, 0.47033039768747459)]
[(0, 0.33647768841228282), (6, 0.37006244373462033)]
[(6, 0.45491745366032393)]
[(4, 0.30608668097094982), (6, 0.30675156063776521)]
[(4, 0.50287173285860021), (6, 0.26952580001465776)]
[(4, 0.68808143773958486)]
[(2, 0.22182644043864436), (4, 0.36903447343055495), (6, 0.31195216471320331)]
[(4, 0.38081007822121687), (6, 0.35088558186294455)]
[(4, 0.40115400435124088), (5, 0.27609916924697425)]
[(5, 0.42746003342713623), (6, 0.32533883922516688)]
[(0, 0.20399729851744602), (5, 0.31725666367154842)]
[(3, 0.32473443658575724)]
[(2, 0.24635499230234256), (6, 0.4684019333920979)]
[(3, 0.4121357123335736)]
[(3, 0.44255825084417644)]
[(3, 0.66643789854051438), (4, 0.29769699331309607)]
[(6, 0.49369856919546301)]
[(2, 0.53108145325114653), (6, 0.4423771772392367)]
[(0, 0.36127795435456656), (4, 0.20947328966355036)]
[(4, 0.61583805469146791), (6, 0.36307362295846629)]
[(1, 0.22817572308796691), (6, 0.47033192163900173)]
[(0, 0.33647763650224327), (6, 0.37006181039956626)]
[(6, 0.4549224535292446)]
[(4, 0.30608521627741303), (6, 0.30675347937338449)]
[(4, 0.50287694195585608), (6, 0.26952694103005437)]
[(4, 0.68808176320298142)]
[(2, 0.22182661224297195), (4, 0.36904682497817565), (6, 0.31193394132852131)]
[(4, 0.38080245728318618), (6, 0.35088328160712373)]
[(4, 0.40115483857901885), (5, 0.27610097351651691)]
[(5, 0.42746081620756959), (6, 0.32533618914426832)]
[(0, 0.20399615526660864), (5, 0.31724777035520124)]
[(3, 0.32473339885631497)]
[(2, 0.24635669038364322), (6, 0.46840648945690067)]
[(3, 0.41213094017243118)]
[(3, 0.44255828986444812)]
[(3, 0.66644538224253624), (4, 0.29769012914543608)]
[(6, 0.49369780110964806)]
[(2, 0.53109413267113403), (6, 0.44236449994273441)]
[(0, 0.36127682040492304), (4, 0.20947340302217277)]
[(4, 0.61585414008285311), (6, 0.36305802766852313)]
[(1, 0.22816941885461528), (6, 0.47032998639581786)]
[(0, 0.33647859987893958), (6, 0.37006400984284699)]
[(6, 0.45492095971411589)]
[(4, 0.30608437940997724), (6, 0.30675205057985394)]
[(4, 0.50288818283168946), (6, 0.26952940304740425)]
[(4, 0.68808138346173209)]
[(2, 0.22181935675324957), (4, 0.36906045654798691), (6, 0.31193059988949706)]
[(4, 0.38080648521086802), (6, 0.35088447440984349)]
[(4, 0.40115271792208507), (5, 0.27609605089010725)]
[(5, 0.4274612775399777), (6, 0.32533757114161149)]
[(0, 0.2039950887983572), (5, 0.31725238356681085)]
[(3, 0.32474776868344335)]
[(2, 0.24635681916268828), (6, 0.46840683602284428)]
[(3, 0.41212753643505301)]
[(3, 0.44255403034728497)]
[(3, 0.66642774647581793), (4, 0.29770591695902032)]
[(6, 0.49369526495659333)]
[(2, 0.53109156288686521), (6, 0.44236706968481848)]
[(0, 0.36127908293604066), (4, 0.20947413347496138)]
[(4, 0.61585204856369347), (6, 0.36306006398062884)]
[(1, 0.22817068408542837), (6, 0.47033036545258455)]
[(0, 0.33647856628120149), (6, 0.37006226315575774)]
[(6, 0.45491675221882322)]
[(4, 0.30608308801065909), (6, 0.30675235803171397)]
[(4, 0.50287810647715159), (6, 0.2695271961015766)]
[(4, 0.68808180595827373)]
[(2, 0.22182770565177773), (4, 0.36903851300855994), (6, 0.31194398792416106)]
[(4, 0.38080266418423037), (6, 0.35088334386107689)]
[(4, 0.4011542394455978), (5, 0.27609969957810399)]
[(5, 0.42746326619913344), (6, 0.32533279566455187)]
[(0, 0.20399626955377204), (5, 0.31725852436361313)]
[(3, 0.32474875059132352)]
[(2, 0.24635752677629166), (6, 0.468408733446745)]
[(3, 0.41212936900880243)]
[(3, 0.44255717151100382)]
[(3, 0.66642341201312227), (4, 0.29770921461674549)]
[(6, 0.49369689964954855)]
[(2, 0.53107733903025878), (6, 0.44238129016288202)]
[(0, 0.36127756957377222), (4, 0.2094741877374173)]
[(4, 0.6158455224450885), (6, 0.36306639971910948)]
[(1, 0.22816754970482223), (6, 0.47032943541105021)]
[(0, 0.33647834276455568), (6, 0.37006280632282795)]
[(6, 0.4549207719816018)]
[(4, 0.30608130847498799), (6, 0.30675237286294182)]
[(4, 0.50288965997602664), (6, 0.26952972655453805)]
[(4, 0.68808182902337856)]
[(2, 0.22182510562279731), (4, 0.36904215650328959), (6, 0.31194425096679135)]
[(4, 0.38079928611815772), (6, 0.35088236840071729)]
[(4, 0.40115505172593652), (5, 0.27610141448673042)]
[(5, 0.42746043066792089), (6, 0.3253420764661924)]
[(0, 0.2040061273860917), (5, 0.31725079011984547)]
[(3, 0.32474750658951301)]
[(2, 0.24635657083040957), (6, 0.46840616889605408)]
[(3, 0.41212816676592368)]
[(3, 0.4425572020015659)]
[(3, 0.66641906663060213), (4, 0.29771263399698161)]
[(6, 0.49369359765160831)]
[(2, 0.53109359111951193), (6, 0.44236504169069968)]
[(0, 0.36127809241173148), (4, 0.20947369086331649)]
[(4, 0.61585033785242838), (6, 0.36306174725206247)]
[(1, 0.22816998047696585), (6, 0.47033015417339291)]
[(0, 0.33647862499374387), (6, 0.37006376797212948)]
[(6, 0.45492008765164926)]
[(4, 0.30608187813930016), (6, 0.30675022621206632)]
[(4, 0.50287054023524025), (6, 0.26952553876961149)]
[(4, 0.68808125410754306)]
[(2, 0.22182474247944245), (4, 0.36903698013140562), (6, 0.31195198297140048)]
[(4, 0.38080451263103704), (6, 0.35088389045175639)]
[(4, 0.40115525310463018), (5, 0.27610181478690565)]
[(5, 0.4274609153585287), (6, 0.32534099665521943)]
[(0, 0.20400981686094721), (5, 0.31716626999730374)]
[(3, 0.32474508873420316)]
[(2, 0.24635625746693965), (6, 0.46840532701938342)]
[(3, 0.41213666990794362)]
[(3, 0.442560026259044)]
[(3, 0.66642433315026306), (4, 0.29770808253714315)]
[(6, 0.49369795165338409)]
[(2, 0.53108220995152366), (6, 0.44237642103334851)]
[(0, 0.36127902262627504), (4, 0.2094720334943648)]
[(4, 0.61586089854897574), (6, 0.36305135467516803)]
[(1, 0.22817072401180843), (6, 0.47033037756860907)]
[(0, 0.33647882709478588), (6, 0.37006250923661249)]
[(6, 0.4549174782717651)]
[(4, 0.30608241377382245), (6, 0.30675241531835157)]
[(4, 0.50289369050347499), (6, 0.2695306092499497)]
[(4, 0.68808171616592895)]
[(2, 0.221817673510499), (4, 0.36904527362496686), (6, 0.31195264405609457)]
[(4, 0.38080153502073411), (6, 0.35088301355517898)]
[(4, 0.40115667704742652), (5, 0.27610452383541417)]
[(5, 0.42745716800256711), (6, 0.32532594689907729)]
[(0, 0.20399687963704971), (5, 0.31725934663655692)]
[(3, 0.3247501893157112)]
[(2, 0.24635647144604145), (6, 0.46840590024093848)]
[(3, 0.41213431200061601)]
[(3, 0.44255888771149676)]
[(3, 0.66642728228431747), (4, 0.29770610105398398)]
[(6, 0.49369672145404664)]
[(2, 0.53108580175107778), (6, 0.4423728299786639)]
[(0, 0.36127918355279048), (4, 0.20947375831164153)]
[(4, 0.61585509693013074), (6, 0.36305707283275129)]
[(1, 0.22817696731615747), (6, 0.47033231911708073)]
[(0, 0.33647716817341627), (6, 0.37006227001726333)]
[(6, 0.45492156463170502)]
[(4, 0.30608477281229013), (6, 0.30675210866661673)]
[(4, 0.50287873303006148), (6, 0.26952733333745849)]
[(4, 0.68808141877744267)]
[(2, 0.2218341169596359), (4, 0.36902685100001154), (6, 0.31194751617177163)]
[(4, 0.38080947396757453), (6, 0.35088539199332824)]
[(4, 0.40115739640670806), (5, 0.27610578458570484)]
[(5, 0.42743824818233533), (6, 0.32533705551674158)]
[(0, 0.20399582529841723), (5, 0.31726535369283437)]
[(3, 0.3247361150142663)]
[(2, 0.24635644456091685), (6, 0.46840582931860653)]
[(3, 0.41212881854397215)]
[(3, 0.44255731118267028)]
[(3, 0.6664422690663202), (4, 0.2976931166221648)]
[(6, 0.49368714159044996)]
[(2, 0.53108744021065235), (6, 0.44237119190204288)]
[(0, 0.36127992809284903), (4, 0.20947343397093315)]
[(4, 0.6158613912545039), (6, 0.36305086892935623)]
[(1, 0.22816687258646287), (6, 0.47032923668522497)]
[(0, 0.33647740499015588), (6, 0.37006141786042351)]
[(6, 0.45491900960063919)]
[(4, 0.30608764545894207), (6, 0.30675230210735482)]
[(4, 0.50287636340743014), (6, 0.2695268143070384)]
[(4, 0.6880818488279028)]
[(2, 0.22181217682295426), (4, 0.36904864439628404), (6, 0.31195792074459316)]
[(4, 0.38080331156574149), (6, 0.35088353332117805)]
[(4, 0.40115721537011062), (5, 0.27610538905153714)]
[(5, 0.42746239454624102), (6, 0.32533872139913411)]
[(0, 0.20400292265242154), (5, 0.31719160181638328)]
[(3, 0.32473710242875525)]
[(2, 0.24635569611532324), (6, 0.46840381803767211)]
[(3, 0.412131048107584)]
[(3, 0.44255744193234126)]
[(3, 0.66642545984446422), (4, 0.29770801116596862)]
[(6, 0.49369665144838037)]
[(2, 0.53105433480083064), (6, 0.44240427620820488)]
[(0, 0.36127459508255855), (4, 0.20947413679292495)]
[(4, 0.61584047589453117), (6, 0.36307130278577915)]
[(1, 0.22816936298218035), (6, 0.47032996995197995)]
[(0, 0.33647790427520075), (6, 0.37006280485980897)]
[(6, 0.45492195972606486)]
[(4, 0.30608203388967664), (6, 0.30675151214043928)]
[(4, 0.50288841458429701), (6, 0.26952945380351079)]
[(4, 0.68808134188526082)]
[(2, 0.22181967519226178), (4, 0.3690473732515932), (6, 0.31194767251706879)]
[(4, 0.38080063953284765), (6, 0.35088275651149109)]
[(4, 0.40115350537481093), (5, 0.27609800190787237)]
[(5, 0.42746535122370161), (6, 0.32532954194501512)]
[(0, 0.20399608152574622), (5, 0.31724587113280711)]
[(3, 0.3247479533671222)]
[(2, 0.24635628932001497), (6, 0.4684054105934462)]
[(3, 0.41212817508671812)]
[(3, 0.44255882263871521)]
[(3, 0.6664309617122377), (4, 0.29770261203124576)]
[(6, 0.49369565950593997)]
[(2, 0.53108709124012254), (6, 0.44237154040087778)]
[(0, 0.36127845499934885), (4, 0.20947431479622608)]
[(4, 0.6158390785945359), (6, 0.36307263048952404)]
[(1, 0.22817037718273953), (6, 0.47033027638934721)]
[(0, 0.33647899650672158), (6, 0.37006414025109552)]
[(6, 0.45492370188055969)]
[(4, 0.30608460642468133), (6, 0.30675125486466498)]
[(4, 0.50287275379431595), (6, 0.26952602364867834)]
[(4, 0.68808132442610204)]
[(2, 0.22182280433438986), (4, 0.36903667751927227), (6, 0.31195460164056998)]
[(4, 0.38080636398901668), (6, 0.35088444732887214)]
[(4, 0.40115305054605133), (5, 0.27609689314918701)]
[(5, 0.42746453017691233), (6, 0.32533600517867511)]
[(0, 0.20399626616020533), (5, 0.31724644114300066)]
[(3, 0.32474763377219634)]
[(2, 0.24635781263817441), (6, 0.46840949952646499)]
[(3, 0.41212993334543491)]
[(3, 0.44255736075994223)]
[(3, 0.66642930734736316), (4, 0.29770486923475864)]
[(6, 0.49369655134078416)]
[(2, 0.53107264596001547), (6, 0.44238598114811473)]
[(0, 0.36127606397802525), (4, 0.20947309175045636)]
[(4, 0.61583669933473595), (6, 0.36307481954239973)]
[(1, 0.22817717067340668), (6, 0.47033238376829656)]
[(0, 0.33647797742323177), (6, 0.37006211192659866)]
[(6, 0.4549194677209592)]
[(4, 0.30608717340747738), (6, 0.3067512883167639)]
[(4, 0.50288290442145578), (6, 0.26952824698752015)]
[(4, 0.68808118082454495)]
[(2, 0.22183415111537733), (4, 0.36901443835817493), (6, 0.31196313966307998)]
[(4, 0.38080100322940269), (6, 0.35088286024434967)]
[(4, 0.40115217670242792), (5, 0.27609461009887848)]
[(5, 0.42746043478824974), (6, 0.32532215491831934)]
[(0, 0.20400318690742042), (5, 0.31720755735146622)]
[(3, 0.32474308985834027)]
[(2, 0.24635594388347862), (6, 0.46840448462362999)]
[(3, 0.41212667743212444)]
[(3, 0.44255545431786658)]
[(3, 0.66642808662526021), (4, 0.29770531359517288)]
[(6, 0.49369667267299139)]
[(2, 0.53107155349379642), (6, 0.44238707370447988)]
[(0, 0.36127813429848615), (4, 0.20947268479780698)]
[(4, 0.61585119261174814), (6, 0.36306091574908211)]
[(1, 0.22817244721587138), (6, 0.47033090214792922)]
[(0, 0.33647876989983655), (6, 0.37006376801242513)]
[(6, 0.45491338536401765)]
[(4, 0.30608142589955323), (6, 0.30675142697295066)]
[(4, 0.50288466697038281), (6, 0.26952863302248792)]
[(4, 0.68808143242423481)]
[(2, 0.22182137458314319), (4, 0.3690488989917573), (6, 0.31194217903386906)]
[(4, 0.38080697221904203), (6, 0.35088462494483191)]
[(4, 0.40115463794627509), (5, 0.27610054641872434)]
[(5, 0.42746045920936249), (6, 0.32534128182137045)]
[(0, 0.20401393806767398), (5, 0.31714530577384742)]
[(3, 0.32474462542511673)]
[(2, 0.24635580614644401), (6, 0.46840411489047645)]
[(3, 0.41212980792242665)]
[(3, 0.44255924525858475)]
[(3, 0.66641747214795255), (4, 0.29771385004686263)]
[(6, 0.49369554070720123)]
[(2, 0.53107634274392135), (6, 0.44238228626425535)]
[(0, 0.36127628711001758), (4, 0.20947450056902694)]
[(4, 0.61585737886739844), (6, 0.36305482347906864)]
[(1, 0.2281667235687348), (6, 0.47032919487330183)]
[(0, 0.33647756444913857), (6, 0.3700625368105438)]
[(6, 0.45491754718705468)]
[(4, 0.30608145944620724), (6, 0.3067525311095915)]
[(4, 0.50288243580643799), (6, 0.26952814434971772)]
[(4, 0.68808154311826519)]
[(2, 0.22182109928279434), (4, 0.36904296798561903), (6, 0.31195083878534213)]
[(4, 0.38080098558804376), (6, 0.35088285517309298)]
[(4, 0.40115375064095404), (5, 0.27609857508371499)]
[(5, 0.42745796955633014), (6, 0.32534436910460229)]
[(0, 0.20400396936567053), (5, 0.31725701402479484)]
[(3, 0.32474508833944149)]
[(2, 0.2463565719603486), (6, 0.46840616960149611)]
[(3, 0.41213136035130044)]
[(3, 0.44255714588444334)]
[(3, 0.66644163495107855), (4, 0.2976936262997919)]
[(6, 0.49369632373527311)]
[(2, 0.53106224828472937), (6, 0.44239637152915395)]
[(0, 0.36127474498815654), (4, 0.20947391141096336)]
[(4, 0.61586127091076215), (6, 0.36305099224413445)]
[(1, 0.22817252405896901), (6, 0.47033092355372091)]
[(0, 0.33647760076500255), (6, 0.37006344824293802)]
[(6, 0.45491857800210667)]
[(4, 0.30608447768553348), (6, 0.30675140853092081)]
[(4, 0.50287304743192918), (6, 0.26952608796814986)]
[(4, 0.68808151166496656)]
[(2, 0.22182083203925687), (4, 0.36903551106117349), (6, 0.31196041641461991)]
[(4, 0.38080937876453691), (6, 0.35088536579871188)]
[(4, 0.40115437949459093), (5, 0.27610001429984876)]
[(5, 0.42746051218978126), (6, 0.32534031133383295)]
[(0, 0.20399490812462992), (5, 0.31726507327273434)]
[(3, 0.32474955336248523)]
[(2, 0.24635625435365524), (6, 0.46840531608758262)]
[(3, 0.41213174806107822)]
[(3, 0.44255722181370516)]
[(3, 0.66642436261216553), (4, 0.29770852418340815)]
[(6, 0.49369594007563589)]
[(2, 0.53109623970889219), (6, 0.44236239352017986)]
[(0, 0.36127834640597289), (4, 0.20947424536775686)]
[(4, 0.6158557031353854), (6, 0.36305648362608839)]
[(1, 0.2281685893071892), (6, 0.47032974070352851)]
[(0, 0.33647836141957821), (6, 0.37006249649273182)]
[(6, 0.45491828279286955)]
[(4, 0.30608491022513251), (6, 0.30675152929079058)]
[(4, 0.50288878131238524), (6, 0.26952953412085434)]
[(4, 0.6880817829333592)]
[(2, 0.22183247411081583), (4, 0.36900225473017861), (6, 0.3119830652009013)]
[(4, 0.3807998494730005), (6, 0.35088252910560419)]
[(4, 0.40115623367013858), (5, 0.27610367209406594)]
[(5, 0.42746090017375432), (6, 0.32534439876098531)]
[(0, 0.2039961544155755), (5, 0.3172523689823889)]
[(3, 0.32474725685600186)]
[(2, 0.24635653081049627), (6, 0.4684060606917545)]
[(3, 0.41212987778807503)]
[(3, 0.44255686789194659)]
[(3, 0.66641923800985703), (4, 0.29771227013456025)]
[(6, 0.49368696284666613)]
[(2, 0.53109642613634733), (6, 0.44236220721473901)]
[(0, 0.36128013503141232), (4, 0.20947220155763174)]
[(4, 0.61586235242791321), (6, 0.36304992177228479)]
[(1, 0.22817587206949405), (6, 0.47033197020434458)]
[(0, 0.33647847638986789), (6, 0.37006173364513406)]
[(6, 0.45492357478772394)]
[(4, 0.30608651681137955), (6, 0.30675313633465273)]
[(4, 0.50287761513158313), (6, 0.26952708847997481)]
[(4, 0.68808183405495194)]
[(2, 0.22182119882321277), (4, 0.36904643503169898), (6, 0.31194587676786434)]
[(4, 0.3808007510445614), (6, 0.35088278765259751)]
[(4, 0.40115412889448648), (5, 0.27609944449562607)]
[(5, 0.42746153956995658), (6, 0.32533555643839984)]
[(0, 0.20400460301187431), (5, 0.31719475343286713)]
[(3, 0.32473472840448081)]
[(2, 0.2463556551121962), (6, 0.46840370867007131)]
[(3, 0.41213185091837057)]
[(3, 0.44255583315580144)]
[(3, 0.6664262677390792), (4, 0.29770713844394059)]
[(6, 0.49369839473353372)]
[(2, 0.53108353998505009), (6, 0.44237509067050479)]
[(0, 0.36128677861421821), (4, 0.20946824540105202)]
[(4, 0.61583658497075844), (6, 0.36307500957505434)]
[(1, 0.22817194231563956), (6, 0.47033074790244211)]
[(0, 0.33647801358555879), (6, 0.37006221845363158)]
[(6, 0.4549209631397787)]
[(4, 0.3060862389294155), (6, 0.30675271489263833)]
[(4, 0.50288958146288421), (6, 0.26952970935978504)]
[(4, 0.68808146474632981)]
[(2, 0.22182509711605963), (4, 0.36904084416197364), (6, 0.31194602858345055)]
[(4, 0.38080881957364077), (6, 0.35088519149170588)]
[(4, 0.40115383043522113), (5, 0.27609877169258867)]
[(5, 0.42746047397010517), (6, 0.32533834888270929)]
[(0, 0.20401383020934893), (5, 0.31715203757239824)]
[(3, 0.32474537581500307)]
[(2, 0.24635716610039551), (6, 0.46840776632933762)]
[(3, 0.4121259676798556)]
[(3, 0.44255750957979079)]
[(3, 0.66643782345676805), (4, 0.29769715530217467)]
[(6, 0.49369799996867741)]
[(2, 0.53109583587716092), (6, 0.4423627973737303)]
[(0, 0.36127895880060934), (4, 0.20947379319121054)]
[(4, 0.61584383295877276), (6, 0.36306808652865807)]
[(1, 0.22816801663012121), (6, 0.47032957213970983)]
[(0, 0.33647872667961604), (6, 0.37006306458723465)]
[(6, 0.45492186076940966)]
[(4, 0.30608849896805318), (6, 0.30675142249318632)]
[(4, 0.50287925565262348), (6, 0.26952744780857946)]
[(4, 0.68808143142091893)]
[(2, 0.22181790789501762), (4, 0.36905958799162641), (6, 0.31193453851977443)]
[(4, 0.38080866042544287), (6, 0.35088513416288847)]
[(4, 0.40115526672455804), (5, 0.27610184806407329)]
[(5, 0.42746149346355422), (6, 0.32533965432422973)]
[(0, 0.20403104129864999), (5, 0.31711922144814225)]
[(3, 0.32474829672903438)]
[(2, 0.24635681105403137), (6, 0.46840681323092148)]
[(3, 0.41213626291060512)]
[(3, 0.44255639713028411)]
[(3, 0.66642899090338992), (4, 0.29770465119024964)]
[(6, 0.49369450584599472)]
[(2, 0.5310679818401266), (6, 0.44239064319972837)]
[(0, 0.36127776866257383), (4, 0.20947424063785336)]
[(4, 0.61585376821905913), (6, 0.36305840119589833)]
[(1, 0.22817710740942967), (6, 0.47033236531960648)]
[(0, 0.33647820351375984), (6, 0.37006280979431405)]
[(6, 0.45491789081278289)]
[(4, 0.3060863397011418), (6, 0.30675271970635143)]
[(4, 0.50288423363100454), (6, 0.26952853811260147)]
[(4, 0.6880811208123)]
[(2, 0.22182297903175877), (4, 0.36904377013784434), (6, 0.31194604694336264)]
[(4, 0.38080049455403497), (6, 0.35088271309801544)]
[(4, 0.40115531668377197), (5, 0.2761019424797973)]
[(5, 0.42745716374916731), (6, 0.32534654412900987)]
[(0, 0.20399355811581477), (5, 0.31726630564801617)]
[(3, 0.32474404547446656)]
[(2, 0.2463576667236734), (6, 0.46840910995948509)]
[(3, 0.41212751554472227)]
[(3, 0.44255665727109478)]
[(3, 0.66644332706506415), (4, 0.29769206636797213)]
[(6, 0.49369723482636296)]
[(2, 0.53108520538012927), (6, 0.44237342569401367)]
[(0, 0.36127886494295663), (4, 0.20947419347837917)]
[(4, 0.61586050559872008), (6, 0.36305175288531194)]
[(1, 0.22817067404670341), (6, 0.47033036178448817)]
[(0, 0.33647846205592968), (6, 0.37006311133071551)]
[(6, 0.45491758562467549)]
[(4, 0.30608762074947676), (6, 0.30675178031441619)]
[(4, 0.50287943820886261), (6, 0.26952748779463082)]
[(4, 0.6880814097587874)]
[(2, 0.22183059871836613), (4, 0.36900860004867214), (6, 0.31197782979786892)]
[(4, 0.38080273938529896), (6, 0.35088336561515138)]
[(4, 0.40115713817985593), (5, 0.27610526184580342)]
[(5, 0.42745721568319328), (6, 0.32534585366959412)]
[(0, 0.20400674043161787), (5, 0.31725050972967023)]
[(3, 0.32474731423518005)]
[(2, 0.24635667100781372), (6, 0.46840643548562227)]
[(3, 0.41213114398477735)]
[(3, 0.44255936674106017)]
[(3, 0.66642266908973102), (4, 0.29770995981523701)]
[(6, 0.49369762550189372)]
[(2, 0.53109687769954517), (6, 0.44236175549079593)]
[(0, 0.36127815511897754), (4, 0.20947329670438791)]
[(4, 0.61585435868957594), (6, 0.36305779986618031)]
[(1, 0.22817494225662355), (6, 0.47033167465952325)]
[(0, 0.33647751559777628), (6, 0.37006177486541075)]
[(6, 0.45492307116012815)]
[(4, 0.306085792594739), (6, 0.30675268006424639)]
[(4, 0.5028803382209811), (6, 0.26952768492411278)]
[(4, 0.68808186277731054)]
[(2, 0.22182428602897816), (4, 0.3690435023424069), (6, 0.31194398741383711)]
[(4, 0.38080527451879354), (6, 0.35088410835828682)]
[(4, 0.40115652007033592), (5, 0.27610416684844741)]
[(5, 0.42746038519122714), (6, 0.32533868890372908)]
[(0, 0.20399473791707123), (5, 0.31726060150954982)]
[(3, 0.32474685019841715)]
[(2, 0.24635653417790773), (6, 0.4684060680919781)]
[(3, 0.41212867487808402)]
[(3, 0.44255825784336617)]
[(3, 0.66642274597283913), (4, 0.29770960826031762)]
[(6, 0.49369701727425597)]
[(2, 0.53107669955076608), (6, 0.44238192699633311)]
[(0, 0.36127849736194934), (4, 0.20947442387979434)]
[(4, 0.6158397922956782), (6, 0.3630719395599416)]
[(1, 0.2281784947759031), (6, 0.47033282069811377)]
[(0, 0.33647840148436475), (6, 0.37006173578034718)]
[(6, 0.45491620852688369)]
[(4, 0.30608356493760847), (6, 0.30675339170545785)]
[(4, 0.50289133581777812), (6, 0.26953009357280144)]
[(4, 0.68808172253138733)]
[(2, 0.22182712150508407), (4, 0.36902768016366477), (6, 0.31195999605373226)]
[(4, 0.3808096695657805), (6, 0.35088545274035615)]
[(4, 0.40115411089118164), (5, 0.2760993927311986)]
[(5, 0.42746084622885994), (6, 0.3253367550592684)]
[(0, 0.20402932185536338), (5, 0.31711899668981181)]
[(3, 0.32474940864003737)]
[(2, 0.24635736021884092), (6, 0.46840828649688365)]
[(3, 0.41212726246358283)]
[(3, 0.44255532925060165)]
[(3, 0.6664287608312871), (4, 0.29770473893091109)]
[(6, 0.49369641132731168)]
[(2, 0.5310913824539012), (6, 0.44236724995382337)]
[(0, 0.36127550934697222), (4, 0.2094740579669469)]
[(4, 0.61585020698005799), (6, 0.36306188336051975)]
[(1, 0.2281747401671991), (6, 0.47033161364843956)]
[(0, 0.33647851256593425), (6, 0.37006194117612196)]
[(6, 0.45492017901637927)]
[(4, 0.30608321288580925), (6, 0.30675171604010998)]
[(4, 0.50287966486527058), (6, 0.26952753743910457)]
[(4, 0.68808152279900259)]
[(2, 0.22182321259603718), (4, 0.36904065045181556), (6, 0.31194995766239958)]
[(4, 0.38080216769660202), (6, 0.35088319894452308)]
[(4, 0.40115231190887751), (5, 0.27609498503814384)]
[(5, 0.42746401606428902), (6, 0.32533250377838652)]
[(0, 0.20399644106573148), (5, 0.31726584297360966)]
[(3, 0.32474530505665883)]
[(2, 0.24635630228711219), (6, 0.4684054470780869)]
[(3, 0.41212742689788434)]
[(3, 0.44255700086815392)]
[(3, 0.66642900000117133), (4, 0.29770501204270217)]
[(6, 0.49369785841221653)]
[(2, 0.53109428364969913), (6, 0.44236434936125413)]
[(0, 0.36127739686230803), (4, 0.20947378227902821)]
[(4, 0.61585915447364692), (6, 0.36305308140274567)]
[(1, 0.2281778893775524), (6, 0.47033262051416003)]
[(0, 0.33647791043693376), (6, 0.37006218427917392)]
[(6, 0.45491829044808452)]
[(4, 0.30608225908841841), (6, 0.30675219588585417)]
[(4, 0.50287244736792902), (6, 0.26952595652657652)]
[(4, 0.68808137986763818)]
[(2, 0.22183522925730115), (4, 0.36901133629734112), (6, 0.31196646995737171)]
[(4, 0.3808096432087425), (6, 0.35088544677941347)]
[(4, 0.40115635489136547), (5, 0.27610394864983678)]
[(5, 0.42746193307594871), (6, 0.325326114052225)]
[(0, 0.20399740488381538), (5, 0.31726110156324833)]
[(3, 0.32474792122858431)]
[(2, 0.24635492375772872), (6, 0.46840174429509296)]
[(3, 0.41213072124340783)]
[(3, 0.44255795717162077)]
[(3, 0.6664301374086935), (4, 0.29770376008130406)]
[(6, 0.49369573084935275)]
[(2, 0.53108232830179369), (6, 0.44237630206778061)]
[(0, 0.36128249973882642), (4, 0.20947010878313507)]
[(4, 0.61586137519518314), (6, 0.36305088471511754)]
[(1, 0.228169651831442), (6, 0.47033005568924757)]
[(0, 0.33647726720268095), (6, 0.3700619971924981)]
[(6, 0.45492107518546748)]
[(4, 0.30608063566762672), (6, 0.30675108173440291)]
[(4, 0.50287167288647527), (6, 0.26952578687763812)]
[(4, 0.6880814579062543)]
[(2, 0.22183191151903245), (4, 0.36901454811608925), (6, 0.31196730677259721)]
[(4, 0.3808101003837846), (6, 0.35088558048820101)]
[(4, 0.40115377266800523), (5, 0.27609864300180414)]
[(5, 0.42746122216351184), (6, 0.32533842869293494)]
[(0, 0.20399625726308646), (5, 0.31725563992466166)]
[(3, 0.32474834970818006)]
[(2, 0.24635775001982471), (6, 0.4684093321843209)]
[(3, 0.41212719765006151)]
[(3, 0.44255832304499465)]
[(3, 0.66643103382876778), (4, 0.29770251280047499)]
[(6, 0.49369558092833671)]
[(2, 0.53106005952519397), (6, 0.44239855929813643)]
[(0, 0.36128091195870149), (4, 0.20947260132529799)]
[(4, 0.61583197713768534), (6, 0.36307932636053225)]
[(1, 0.22816856855682915), (6, 0.47032973409268891)]
[(0, 0.33647812392698218), (6, 0.37006193743849813)]
[(6, 0.45491785409477586)]
[(4, 0.30608581706718579), (6, 0.30675174163388153)]
[(4, 0.50287843488711981), (6, 0.26952726803482546)]
[(4, 0.68808102504183066)]
[(2, 0.22182483803039998), (4, 0.36903663939846126), (6, 0.31195213211633177)]
[(4, 0.38080981533955399), (6, 0.35088549808210934)]
[(4, 0.40115510760220607), (5, 0.2761014702129333)]
[(5, 0.4274652361593172), (6, 0.32533453498235226)]
[(0, 0.20399433779645051), (5, 0.31724414329074369)]
[(3, 0.32474536857128239)]
[(2, 0.24635708343929949), (6, 0.46840754433992132)]
[(3, 0.41212939834102275)]
[(3, 0.44255785615227272)]
[(3, 0.66641927544100488), (4, 0.29771323455123988)]
[(6, 0.49369661686205296)]
[(2, 0.53109771028038932), (6, 0.44236092321267945)]
[(0, 0.36127883866269006), (4, 0.2094731931394673)]
[(4, 0.61585996258270792), (6, 0.3630522827544746)]
[(1, 0.22816734235028469), (6, 0.47032937447971879)]
[(0, 0.33647718156445), (6, 0.37006187704175914)]
[(6, 0.45492363774463451)]
[(4, 0.30608299119315802), (6, 0.30675234687877656)]
[(4, 0.50288859838287348), (6, 0.26952949405721116)]
[(4, 0.68808185104141517)]
[(2, 0.22181603597689162), (4, 0.36903427943815431), (6, 0.31197089318830268)]
[(4, 0.38081006417390711), (6, 0.35088557399456555)]
[(4, 0.40115597430108507), (5, 0.27610323101319573)]
[(5, 0.42746233810759426), (6, 0.3253372189904446)]
[(0, 0.20399572758997261), (5, 0.31724815489689578)]
[(3, 0.32474809763717694)]
[(2, 0.24635689927664595), (6, 0.46840704808300782)]
[(3, 0.41213287582893759)]
[(3, 0.44255531770908813)]
[(3, 0.66642489896045698), (4, 0.29770830239294266)]
[(6, 0.49368892911646339)]
[(2, 0.53108122430778082), (6, 0.44237740594507025)]
[(0, 0.36128118361025019), (4, 0.20947270793258777)]
[(4, 0.61584766316346851), (6, 0.36306429775533927)]
[(1, 0.2281711251324651), (6, 0.47033049877787148)]
[(0, 0.33647731015891941), (6, 0.37006239687999354)]
[(6, 0.45491999447883019)]
[(4, 0.30608118842977966), (6, 0.30675203252941269)]
[(4, 0.5028791077427186), (6, 0.26952741541058406)]
[(4, 0.68808117577345518)]
[(2, 0.22183105864393809), (4, 0.36902193421324225), (6, 0.31195931912975527)]
[(4, 0.38080969906844364), (6, 0.35088546225056311)]
[(4, 0.40115532435801415), (5, 0.27610196726621578)]
[(5, 0.42746102268186975), (6, 0.32533614909304004)]
[(0, 0.20399522110466584), (5, 0.31726230676272593)]
[(3, 0.32474676710713002)]
[(2, 0.24635739401595141), (6, 0.46840837615192732)]
[(3, 0.41212633605831123)]
[(3, 0.44255537681523088)]
[(3, 0.66642691581911462), (4, 0.29770660558934992)]
[(6, 0.49368858209820349)]
[(2, 0.53108930965877676), (6, 0.44236932246879662)]
[(0, 0.3612783096137549), (4, 0.20947422050916517)]
[(4, 0.61584062880103319), (6, 0.36307116608893797)]
[(1, 0.22817270199755804), (6, 0.47033097919504402)]
[(0, 0.33647698142622079), (6, 0.37006251937112339)]
[(6, 0.45492374599763513)]
[(4, 0.30608195206021549), (6, 0.30675190330383317)]
[(4, 0.50289333897126309), (6, 0.26953053226434437)]
[(4, 0.68808124614839161)]
[(2, 0.22182120238903108), (4, 0.36904286916534412), (6, 0.31195068120497621)]
[(4, 0.38080035209821994), (6, 0.35088267272885459)]
[(4, 0.40115410896252512), (5, 0.27609940275826378)]
[(5, 0.42746091784701318), (6, 0.32533848728722259)]
[(0, 0.20399338723285942), (5, 0.31725871248825238)]
[(3, 0.32474465664992103)]
[(2, 0.24635616394839005), (6, 0.46840507376006468)]
[(3, 0.41212943462738783)]
[(3, 0.44255796480077408)]
[(3, 0.66643157680290077), (4, 0.29770272253925828)]
[(6, 0.49369823194144535)]
[(2, 0.53106037322129673), (6, 0.44239824417048418)]
[(0, 0.36127846193179347), (4, 0.20947459902620288)]
[(4, 0.6158614252276654), (6, 0.3630508362811331)]
[(1, 0.22816878032745258), (6, 0.47032979877665576)]
[(0, 0.33647825578701995), (6, 0.37006257199620385)]
[(6, 0.45491780877046345)]
[(4, 0.3060836761309001), (6, 0.3067531187901727)]
[(4, 0.50289271548039305), (6, 0.26953039572085313)]
[(4, 0.68808186612410493)]
[(2, 0.22182711900470498), (4, 0.36902340512790033), (6, 0.31196434222631514)]
[(4, 0.38080476874870767), (6, 0.3508839577030709)]
[(4, 0.40115218803339237), (5, 0.27609462494188197)]
[(5, 0.42744943779622202), (6, 0.32533649934193398)]
[(0, 0.20402691436939568), (5, 0.31712423454042943)]
[(3, 0.32474185694372026)]
[(2, 0.24635630689528779), (6, 0.46840546052215049)]
[(3, 0.41212795413484316)]
[(3, 0.44255599588070338)]
[(3, 0.66642725559116955), (4, 0.2977044776616482)]
[(6, 0.4936939474643669)]
[(2, 0.53105006361070695), (6, 0.44240855467463414)]
[(0, 0.36128066159116434), (4, 0.20947218280268645)]
[(4, 0.61585960104487003), (6, 0.3630526426611751)]
[(1, 0.22816849376789988), (6, 0.47032971323997402)]
[(0, 0.33647771611704519), (6, 0.37006295236146847)]
[(6, 0.45492477230078532)]
[(4, 0.30608163784101999), (6, 0.30675152929621902)]
[(4, 0.50288440511580756), (6, 0.26952857567150335)]
[(4, 0.68808101171764258)]
[(2, 0.22182935323587763), (4, 0.36900375817356001), (6, 0.31198655499964317)]
[(4, 0.38080992307405648), (6, 0.35088553581646881)]
[(4, 0.4011534692781582), (5, 0.27609793535698807)]
[(5, 0.42746441315102379), (6, 0.32533262926375617)]
[(0, 0.20399382452699896), (5, 0.31726278026958488)]
[(3, 0.32474581496485755)]
[(2, 0.24635759861600215), (6, 0.46840892520484612)]
[(3, 0.41212660885255425)]
[(3, 0.44255452327567868)]
[(3, 0.66642615606330247), (4, 0.29770651761425548)]
[(6, 0.49369545169580331)]
[(2, 0.53107460053733324), (6, 0.44238402702966517)]
[(0, 0.3612786255774299), (4, 0.20947426096678148)]
[(4, 0.61585825960773533), (6, 0.3630539622803714)]
[(1, 0.22817297057393174), (6, 0.47033106171004774)]
[(0, 0.33647834604968624), (6, 0.37006296874434413)]
[(6, 0.45491878750016007)]
[(4, 0.30608254160020115), (6, 0.30675246179258936)]
[(4, 0.50287192301883299), (6, 0.26952584166969262)]
[(4, 0.68808156417754962)]
[(2, 0.22182918234052043), (4, 0.36903331351070201), (6, 0.31194839002783442)]
[(4, 0.38080071912804464), (6, 0.35088277709648685)]
[(4, 0.40115491895938404), (5, 0.27610114183755186)]
[(5, 0.4274527532500087), (6, 0.32533439798193625)]
[(0, 0.20400936049457705), (5, 0.31715847286491877)]
[(3, 0.32474848574903814)]
[(2, 0.24635633665001563), (6, 0.46840553882142749)]
[(3, 0.41212578144212481)]
[(3, 0.44255674061275818)]
[(3, 0.66642358318298411), (4, 0.29770944265619254)]
[(6, 0.49369498218441998)]
[(2, 0.53107634593512765), (6, 0.44238228294419218)]
[(0, 0.36127508668785108), (4, 0.2094746740394042)]
[(4, 0.61585004069847926), (6, 0.36306205348441645)]
[(1, 0.22816907757156668), (6, 0.47032988540904236)]
[(0, 0.33647705960289565), (6, 0.37006208881161512)]
[(6, 0.45492606165055349)]
[(4, 0.30608454698892612), (6, 0.30675203738963353)]
[(4, 0.50287140505533556), (6, 0.26952572820966919)]
[(4, 0.6880811172104192)]
[(2, 0.22183848364060879), (4, 0.36900765025719662), (6, 0.31196508644057419)]
[(4, 0.38080920775505983), (6, 0.35088531113588339)]
[(4, 0.40115659832489076), (5, 0.27610429783261797)]
[(5, 0.42746138995752608), (6, 0.32533858703937768)]
[(0, 0.20399797881839718), (5, 0.31725987737641748)]
[(3, 0.32474579508324086)]
[(2, 0.24635580091052081), (6, 0.46840409997217342)]
[(3, 0.41213273080537194)]
[(3, 0.44255722897419225)]
[(3, 0.66643060999872206), (4, 0.29770353850259451)]
[(6, 0.49369464998047052)]
[(2, 0.53109217074212911), (6, 0.44236646210710046)]
[(0, 0.36127864022316619), (4, 0.20947405485417819)]
[(4, 0.61583746001316197), (6, 0.36307410019063219)]
[(1, 0.22817441895083426), (6, 0.47033151335054957)]
[(0, 0.33647769523134913), (6, 0.37006200423477087)]
[(6, 0.4549200242484488)]
[(4, 0.30608282926609648), (6, 0.30675201172316546)]
[(4, 0.50288981160108348), (6, 0.26952975976162147)]
[(4, 0.68808164392550153)]
[(2, 0.22182570111121139), (4, 0.36903748127663016), (6, 0.31194952030122963)]
[(4, 0.38080400284295318), (6, 0.35088373806049789)]
[(4, 0.40115731408902072), (5, 0.27610557792690421)]
[(5, 0.42745930460823073), (6, 0.32532625029571338)]
[(0, 0.20400379915762518), (5, 0.31722422355822821)]
[(3, 0.32474791590046215)]
[(2, 0.246356925981666), (6, 0.46840711989686296)]
[(3, 0.41213522659909269)]
[(3, 0.44255741308348756)]
[(3, 0.66642874365788773), (4, 0.29770466468697437)]
[(6, 0.49369859682050904)]
[(2, 0.5310896764632812), (6, 0.44236895565116741)]
[(0, 0.36127932379374905), (4, 0.20947384921173459)]
[(4, 0.61584770646537157), (6, 0.36306430530976608)]
[(1, 0.22816783969869117), (6, 0.4703295194979954)]
[(0, 0.33647804914682028), (6, 0.3700631232488113)]
[(6, 0.45492144997236678)]
[(4, 0.30608224296007408), (6, 0.30675192829506581)]
[(4, 0.50287444480542975), (6, 0.26952639405467999)]
[(4, 0.68808148962642779)]
[(2, 0.22182654252749301), (4, 0.36902717579375255), (6, 0.31196179211064534)]
[(4, 0.38081105308985935), (6, 0.35088588631455381)]
[(4, 0.40115478214457972), (5, 0.27610085736473233)]
[(5, 0.42745508826910555), (6, 0.32533288788032505)]
[(0, 0.20399387979408776), (5, 0.31726282990986143)]
[(3, 0.3247477433360369)]
[(2, 0.24635726860212451), (6, 0.46840803869296538)]
[(3, 0.41212670288517189)]
[(3, 0.4425572619258718)]
[(3, 0.66644588291672957), (4, 0.29768967515163325)]
[(6, 0.49368760598124112)]
[(2, 0.5310482963312142), (6, 0.44241031056778568)]
[(0, 0.36127514627846263), (4, 0.20947409881364049)]
[(4, 0.61583540507761136), (6, 0.36307616620337629)]
[(1, 0.22816750357616006), (6, 0.47032942192976562)]
[(0, 0.33647854739918437), (6, 0.37006255829201856)]
[(6, 0.45491623871256914)]
[(4, 0.3060841151533728), (6, 0.30675409277163046)]
[(4, 0.50289168698603415), (6, 0.2695301704796868)]
[(4, 0.68808163860580163)]
[(2, 0.2218379412302211), (4, 0.36900415483498478), (6, 0.31197092185504643)]
[(4, 0.38080429727684217), (6, 0.35088381917201877)]
[(4, 0.40115417562458666), (5, 0.2760995513925118)]
[(5, 0.42746050905345834), (6, 0.32534062082624937)]
[(0, 0.20402819859771709), (5, 0.31712703629876354)]
[(3, 0.32474657610755125)]
[(2, 0.24635603180018345), (6, 0.46840471874149864)]
[(3, 0.41213015991782326)]
[(3, 0.44255846799169091)]
[(3, 0.66643210869619363), (4, 0.29770227777584957)]
[(6, 0.49369589469369868)]
[(2, 0.53104732171071811), (6, 0.44241128829110282)]
[(0, 0.36127803759882771), (4, 0.20947174452361828)]
[(4, 0.61586006898536871), (6, 0.36305218081960883)]
[(1, 0.22817080076737309), (6, 0.47033040054721581)]
[(0, 0.33647836488366706), (6, 0.37006289660217445)]
[(6, 0.45492029986449523)]
[(4, 0.30608604911609688), (6, 0.30675222867543472)]
[(4, 0.50289344239915745), (6, 0.2695305549154095)]
[(4, 0.68808173550574514)]
[(2, 0.22183300759421334), (4, 0.36902036067226807), (6, 0.31195854377030674)]
[(4, 0.38079931059562738), (6, 0.350882376572414)]
[(4, 0.40115393123714488), (5, 0.27609899798166321)]
[(5, 0.42745997263090341), (6, 0.32534156982503093)]
[(0, 0.20399594215935765), (5, 0.31725211241517631)]
[(3, 0.32474361627591147)]
[(2, 0.24635643295753415), (6, 0.46840579697577789)]
[(3, 0.41213353495606048)]
[(3, 0.44255549784052656)]
[(3, 0.66642735588588886), (4, 0.29770575258898402)]
[(6, 0.4936951630317698)]
[(2, 0.53104821441835592), (6, 0.44241039502031687)]
[(0, 0.36127785938038964), (4, 0.20947350606943954)]
[(4, 0.6158363614333916), (6, 0.36307524276438768)]
[(1, 0.22816772815987288), (6, 0.47032948751580383)]
[(0, 0.33647798738404866), (6, 0.37006279747812337)]
[(6, 0.45491241801114851)]
[(4, 0.30608586586686004), (6, 0.30675084848944711)]
[(4, 0.50288326849690823), (6, 0.26952832672828336)]
[(4, 0.68808149025011545)]
[(2, 0.22182711968507732), (4, 0.36903180223662657), (6, 0.31195444373607606)]
[(4, 0.38080358400692549), (6, 0.35088360660397938)]
[(4, 0.40115318291716978), (5, 0.27609714266363827)]
[(5, 0.42746038400503045), (6, 0.32533893905558531)]
[(0, 0.20402452147673519), (5, 0.31712182180878656)]
[(3, 0.32474345496491591)]
[(2, 0.24635585895571663), (6, 0.46840425742224745)]
[(3, 0.4121315874879069)]
[(3, 0.44255439523866869)]
[(3, 0.66643042157550803), (4, 0.29770336067766368)]
[(6, 0.49369752646431875)]
[(2, 0.53105578217290406), (6, 0.44240283047054296)]
[(0, 0.36127945037429593), (4, 0.20947421029353094)]
[(4, 0.61583290024078019), (6, 0.36307834455031307)]
[(1, 0.22817655833290992), (6, 0.470332189454926)]
[(0, 0.33647873270694117), (6, 0.37006470491533938)]
[(6, 0.45492164786609218)]
[(4, 0.30608319294459441), (6, 0.30675270453903497)]
[(4, 0.50287046569597516), (6, 0.26952552244242278)]
[(4, 0.68808136021472577)]
[(2, 0.22182230743057674), (4, 0.36902827943157224), (6, 0.31196668602978572)]
[(4, 0.38080399129396497), (6, 0.35088373497761832)]
[(4, 0.40115758068388674), (5, 0.27610602684112301)]
[(5, 0.42746060589959606), (6, 0.32534060915953134)]
[(0, 0.20401143368242036), (5, 0.31715484805111138)]
[(3, 0.32474821895921019)]
[(2, 0.24635657565709132), (6, 0.46840618067492013)]
[(3, 0.41213519602263515)]
[(3, 0.44255570242526759)]
[(3, 0.6664339885109466), (4, 0.29770025912930392)]
[(6, 0.49368668918669795)]
[(2, 0.53105335818872268), (6, 0.44240525523206814)]
[(0, 0.36127581643136236), (4, 0.2094738104404078)]
[(4, 0.61584061972796589), (6, 0.36307117351465323)]
[(1, 0.22817064550503344), (6, 0.47033035443238769)]
[(0, 0.33647818442384597), (6, 0.37006205647020551)]
[(6, 0.45491926156289997)]
[(4, 0.30607912026484163), (6, 0.30675077554436447)]
[(4, 0.50288528967926693), (6, 0.26952876940689502)]
[(4, 0.68808180984078304)]
[(2, 0.22183024081253153), (4, 0.36902443078254915), (6, 0.31195835350958934)]
[(4, 0.3808092838205584), (6, 0.35088533493138524)]
[(4, 0.40115345711972566), (5, 0.27609788983688888)]
[(5, 0.42746034263565813), (6, 0.32532464905727909)]
[(0, 0.2040128625509329), (5, 0.31714334342117811)]
[(3, 0.324744107536865)]
[(2, 0.24635579277316391), (6, 0.46840407997115624)]
[(3, 0.41212826403077185)]
[(3, 0.44256018920794071)]
[(3, 0.66644483673093324), (4, 0.2976907065132397)]
[(6, 0.49369607108524205)]
[(2, 0.53107481651311927), (6, 0.44238381107719671)]
[(0, 0.36127546184097764), (4, 0.20947394662057975)]
[(4, 0.61585035090859053), (6, 0.36306173505318007)]
[(1, 0.22816765862272542), (6, 0.47032946675224546)]
[(0, 0.33647791501946217), (6, 0.37006198462155482)]
[(6, 0.45491998772747533)]
[(4, 0.30608133466199955), (6, 0.3067513818622648)]
[(4, 0.50288833904993036), (6, 0.26952943726062922)]
[(4, 0.68808153882614143)]
[(2, 0.22182295899327373), (4, 0.36903921891496683), (6, 0.31195068562938522)]
[(4, 0.38080685728394598), (6, 0.35088459078764245)]
[(4, 0.40115288930262261), (5, 0.27609648627211264)]
[(5, 0.42746090085841143), (6, 0.32534252002728609)]
[(0, 0.20400398840426676), (5, 0.31719012737493957)]
[(3, 0.3247474547073802)]
[(2, 0.24635635771292005), (6, 0.46840559444871094)]
[(3, 0.41212743635240384)]
[(3, 0.442559856507177)]
[(3, 0.66643338887090398), (4, 0.29770035271461504)]
[(6, 0.49369579356039234)]
[(2, 0.53107510909849687), (6, 0.44238351734774428)]
[(0, 0.36128284818330653), (4, 0.20947155976703405)]
[(4, 0.61584875099631764), (6, 0.36306330645251278)]
[(1, 0.22817771409452611), (6, 0.47033256052662564)]
[(0, 0.33647810560379787), (6, 0.37006206527281099)]
[(6, 0.45492295326359039)]
[(4, 0.30608472808621401), (6, 0.30675186044050951)]
[(4, 0.50287229455491211), (6, 0.26952592305393397)]
[(4, 0.68808097258668433)]
[(2, 0.22182979936789601), (4, 0.36902529172261944), (6, 0.31195809240727113)]
[(4, 0.38080520985519495), (6, 0.35088409841808998)]
[(4, 0.40115401881944407), (5, 0.27609914211593034)]
[(5, 0.42746344890975596), (6, 0.32533845464376393)]
[(0, 0.2039964758624381), (5, 0.31725483016682077)]
[(3, 0.32474815662027628)]
[(2, 0.24635701086863801), (6, 0.46840734895538999)]
[(3, 0.41213017531638729)]
[(3, 0.44255674952003538)]
[(3, 0.66642297555871155), (4, 0.29770938199747266)]
[(6, 0.493697819078523)]
[(2, 0.53107452607960726), (6, 0.44238410156732833)]
[(0, 0.3612772835475736), (4, 0.20947369904742782)]
[(4, 0.61584186889698733), (6, 0.36306995789760971)]
[(1, 0.22817241287298612), (6, 0.47033089048348331)]
[(0, 0.33647817487182718), (6, 0.37006320112073027)]
[(6, 0.45491749608807802)]
[(4, 0.30608297375029453), (6, 0.30675127326955121)]
[(4, 0.50288034926339886), (6, 0.26952768734232141)]
[(4, 0.6880814074736924)]
[(2, 0.22181895994675979), (4, 0.3690510831904108), (6, 0.31194382061246528)]
[(4, 0.38079996029924096), (6, 0.35088255998080348)]
[(4, 0.40115217374069478), (5, 0.27609458136070136)]
[(5, 0.42746451947770853), (6, 0.32533269595017306)]
[(0, 0.20402768217586506), (5, 0.31712891352248063)]
[(3, 0.3247479391915582)]
[(2, 0.24635651533844699), (6, 0.46840601787723096)]
[(3, 0.41212714159127151)]
[(3, 0.44255720822711347)]
[(3, 0.66642677702854924), (4, 0.29770640372491858)]
[(6, 0.49369583208975976)]
[(2, 0.53108086581648972), (6, 0.4423777636865362)]
[(0, 0.36127742674044444), (4, 0.20947234451324129)]
[(4, 0.61585624112223847), (6, 0.36305591382977853)]
[(1, 0.22817785924818521), (6, 0.47033260707286151)]
[(0, 0.33647814430316209), (6, 0.37006235093339279)]
[(6, 0.45492161394778363)]
[(4, 0.30607945499508871), (6, 0.30675002371533328)]
[(4, 0.50287906707599317), (6, 0.26952740650436097)]
[(4, 0.68808168525879643)]
[(2, 0.22182626902415756), (4, 0.36902803349803437), (6, 0.31196026651160541)]
[(4, 0.38080038007701084), (6, 0.35088268092640079)]
[(4, 0.40115437280998456), (5, 0.27609999018687431)]
[(5, 0.42746653935618617), (6, 0.32532922321739344)]
[(0, 0.20399593134258931), (5, 0.31725855582080675)]
[(3, 0.32474780202753423)]
[(2, 0.24635783591202398), (6, 0.46840956223668762)]
[(3, 0.4121262222549098)]
[(3, 0.44255699858724568)]
[(3, 0.66644094489733074), (4, 0.29769422961400932)]
[(6, 0.49369580688160913)]
[(2, 0.53104734974768775), (6, 0.44241125873706111)]
[(0, 0.36127949579002588), (4, 0.20947341691127361)]
[(4, 0.61585540321886778), (6, 0.36305678298638111)]
[(1, 0.2281682359572926), (6, 0.4703296366692763)]
[(0, 0.3364784321811693), (6, 0.37006349620887569)]
[(6, 0.45491831474841965)]
[(4, 0.30607788157571708), (6, 0.30675155635724466)]
[(4, 0.50288578716554511), (6, 0.26952887836428835)]
[(4, 0.68808151064429945)]
[(2, 0.2218205615061406), (4, 0.36905353818046138), (6, 0.31193745569595627)]
[(4, 0.38080649848550219), (6, 0.35088448152019763)]
[(4, 0.40115221511187471), (5, 0.27609469999990982)]
[(5, 0.42744981274584487), (6, 0.32533586858446634)]
[(0, 0.20402826018348602), (5, 0.31712899503449044)]
[(3, 0.32474799827195416)]
[(2, 0.24635569122588402), (6, 0.46840380581321428)]
[(3, 0.41213301356391013)]
[(3, 0.44255486263025701)]
[(3, 0.66644725565094387), (4, 0.29768829577558942)]
[(6, 0.49369631949287279)]
[(2, 0.5310806603887781), (6, 0.44237796873545698)]
[(0, 0.36127481630370473), (4, 0.20947474168705041)]
[(4, 0.61585407528425151), (6, 0.36305808996720201)]
[(1, 0.22817786421413128), (6, 0.47033260887351291)]
[(0, 0.33647870103350008), (6, 0.37006245520507736)]
[(6, 0.45491841770061447)]
[(4, 0.30608385501072305), (6, 0.30675147329822461)]
[(4, 0.50287073402094284), (6, 0.26952558121835024)]
[(4, 0.6880815323635977)]
[(2, 0.22182081708765641), (4, 0.36904498067891034), (6, 0.31194848618852256)]
[(4, 0.38079967957803573), (6, 0.35088248023821322)]
[(4, 0.4011541316916783), (5, 0.27609939358175412)]
[(5, 0.42745984494536887), (6, 0.32533898579955134)]
[(0, 0.20399390482940702), (5, 0.31726667552208454)]
[(3, 0.32474209175662017)]
[(2, 0.24635696407740992), (6, 0.46840722162659265)]
[(3, 0.41213252201148026)]
[(3, 0.44255739387247389)]
[(3, 0.66643876567475835), (4, 0.29769629462030844)]
[(6, 0.49369723401844184)]
[(2, 0.53105294679008175), (6, 0.44240567054265117)]
[(0, 0.36127733750938373), (4, 0.20947337579105724)]
[(4, 0.61584490532351666), (6, 0.36306704737347345)]
[(1, 0.22816877406061264), (6, 0.47032979602067793)]
[(0, 0.33647830691702812), (6, 0.37006288511111951)]
[(6, 0.45491760939133585)]
[(4, 0.30608659489608303), (6, 0.30675201423532888)]
[(4, 0.50288244149696648), (6, 0.26952814559635957)]
[(4, 0.68808113978970131)]
[(2, 0.22182550160211556), (4, 0.36904263669266368), (6, 0.31194262430733788)]
[(4, 0.38080003336311186), (6, 0.35088258107337916)]
[(4, 0.40115375799422648), (5, 0.27609859680358567)]
[(5, 0.42746004639347462), (6, 0.32532846170123542)]
[(0, 0.20400317053874098), (5, 0.3172627931712842)]
[(3, 0.32474709735550761)]
[(2, 0.24635669391817358), (6, 0.46840649829129494)]
[(3, 0.41212695141604755)]
[(3, 0.44255968322525641)]
[(3, 0.66642641780628242), (4, 0.29770698619358216)]
[(6, 0.49369028604261272)]
[(2, 0.5310803970082274), (6, 0.44237823246073643)]
[(0, 0.36127821123764187), (4, 0.20947437552502085)]
[(4, 0.61586214043691445), (6, 0.36305012140110487)]
[(1, 0.22816756924017426), (6, 0.47032944174951391)]
[(0, 0.33647805583865653), (6, 0.37006170131758648)]
[(6, 0.45492693641709769)]
[(4, 0.30608546071665726), (6, 0.30675193305867071)]
[(4, 0.50287787902768255), (6, 0.26952714628204011)]
[(4, 0.68808143120024945)]
[(2, 0.22182083231718649), (4, 0.3690494983094007), (6, 0.31194245277080013)]
[(4, 0.38080662367935425), (6, 0.350884517015988)]
[(4, 0.40115423124773636), (5, 0.27609968234449733)]
[(5, 0.42746561631108249), (6, 0.32533043601788092)]
[(0, 0.2039949605690268), (5, 0.31726300178312949)]
[(3, 0.3247477971623054)]
[(2, 0.24635753320100132), (6, 0.46840875193606341)]
[(3, 0.41212815761349564)]
[(3, 0.44255645048970377)]
[(3, 0.66642723620910982), (4, 0.29770623774668858)]
[(6, 0.49369553896777135)]
[(2, 0.53109791067705547), (6, 0.44236072270436683)]
[(0, 0.36128035137342662), (4, 0.20947291985940109)]
[(4, 0.61584616752866073), (6, 0.36306582844422625)]
[(1, 0.22817423761113506), (6, 0.47033145596118409)]
[(0, 0.33647932427460175), (6, 0.37006423048307624)]
[(6, 0.45491803559468502)]
[(4, 0.30608249026049444), (6, 0.30675117365977556)]
[(4, 0.50288975056528595), (6, 0.26952974639479493)]
[(4, 0.68808138110268902)]
[(2, 0.22182123407787033), (4, 0.36902873036191836), (6, 0.3119682169714032)]
[(4, 0.38080025210761148), (6, 0.35088264499129729)]
[(4, 0.40115345436864447), (5, 0.276097841719812)]
[(5, 0.42745725505963938), (6, 0.32534603373840609)]
[(0, 0.20399798707619374), (5, 0.31725772982405032)]
[(3, 0.32474602076620346)]
[(2, 0.24635579106451652), (6, 0.46840407328380934)]
[(3, 0.41213455395379872)]
[(3, 0.4425597303502406)]
[(3, 0.66644324173804281), (4, 0.29769217545202892)]
[(6, 0.49369767151980115)]
[(2, 0.53109423497144659), (6, 0.44236439798435767)]
[(0, 0.36128106714684677), (4, 0.2094702832412613)]
[(4, 0.61583399991012477), (6, 0.36307736162954418)]
[(1, 0.22817023574811376), (6, 0.47033023017327236)]
[(0, 0.33647825182527913), (6, 0.37006305889816382)]
[(6, 0.45491878399604452)]
[(4, 0.30608195918463349), (6, 0.30675159207366032)]
[(4, 0.50287373911411226), (6, 0.26952623947854476)]
[(4, 0.68808168629941557)]
[(2, 0.22181946934909033), (4, 0.36905495796725923), (6, 0.31193754723227557)]
[(4, 0.38080118844795557), (6, 0.35088291186901832)]
[(4, 0.40115245450931747), (5, 0.2760953550680233)]
[(5, 0.42746302109754786), (6, 0.32533464438288884)]
[(0, 0.20399661395280719), (5, 0.31725642567882001)]
[(3, 0.32473303331390896)]
[(2, 0.24635771652939159), (6, 0.46840924174049742)]
[(3, 0.41212692644954968)]
[(3, 0.4425586657282401)]
[(3, 0.66642413530862943), (4, 0.29770926886610521)]
[(6, 0.49369706517663847)]
[(2, 0.53109725363230942), (6, 0.44236137975006595)]
[(0, 0.36127446030378058), (4, 0.20947419383379509)]
[(4, 0.6158594010460281), (6, 0.36305283788285642)]
[(1, 0.22817492380886167), (6, 0.47033166960108685)]
[(0, 0.33647875917029735), (6, 0.37006291540846104)]
[(6, 0.45492198844308274)]
[(4, 0.30608238375698177), (6, 0.30675314588084135)]
[(4, 0.50287483002054123), (6, 0.26952647843328065)]
[(4, 0.68808164356603219)]
[(2, 0.22181028179865958), (4, 0.36905447564785121), (6, 0.31195373330091913)]
[(4, 0.38080961152570725), (6, 0.35088543331790983)]
[(4, 0.40115224565505936), (5, 0.27609477698961438)]
[(5, 0.42745313742965163), (6, 0.3253355243790324)]
[(0, 0.2039988226922316), (5, 0.31727074046976184)]
[(3, 0.32474859088921371)]
[(2, 0.24635788448243762), (6, 0.46840969245841269)]
[(3, 0.41212719275235749)]
[(3, 0.44255973069833543)]
[(3, 0.66643101003608296), (4, 0.29770301388433756)]
[(6, 0.49369107030978332)]
[(2, 0.53107986132893947), (6, 0.4423787682278762)]
[(0, 0.36127837177552546), (4, 0.20947220907746347)]
[(4, 0.61585122581839313), (6, 0.36306088206288289)]
[(1, 0.22817790351257078), (6, 0.4703326230739151)]
[(0, 0.33647829671544971), (6, 0.37006258448183482)]
[(6, 0.45492224989065905)]
[(4, 0.30608583613007628), (6, 0.30675299311963583)]
[(4, 0.50289291527099556), (6, 0.26953043947492006)]
[(4, 0.68808182763677517)]
[(2, 0.22181923736462075), (4, 0.36905272297149061), (6, 0.311941174155205)]
[(4, 0.38080328273749853), (6, 0.35088352389867566)]
[(4, 0.40115541137563054), (5, 0.27610212645422622)]
[(5, 0.42745848572506018), (6, 0.32534545693151845)]
[(0, 0.20399660155497837), (5, 0.31725643222457772)]
[(3, 0.32474424228253351)]
[(2, 0.24635594384977103), (6, 0.46840448334406132)]
[(3, 0.41213084720562021)]
[(3, 0.442558262527111)]
[(3, 0.66643222417702819), (4, 0.29770194870739014)]
[(6, 0.49369385187983461)]
[(2, 0.53109157424283893), (6, 0.44236705833893997)]
[(0, 0.36128010565682328), (4, 0.20947369379731889)]
[(4, 0.61584474548102541), (6, 0.36306714954999447)]
[(1, 0.22816705760062167), (6, 0.47032929134914825)]
[(0, 0.33647904168408582), (6, 0.37006350551415063)]
[(6, 0.45492234620832678)]
[(4, 0.30608276718954924), (6, 0.30675221582050266)]
[(4, 0.50288583141172061), (6, 0.26952888805538922)]
[(4, 0.68808143921255849)]
[(2, 0.22182907558329773), (4, 0.3690340114177077), (6, 0.31194770502048136)]
[(4, 0.38080448857067406), (6, 0.35088388361809464)]
[(4, 0.40115572024511842), (5, 0.27610266871330569)]
[(5, 0.42745844456660542), (6, 0.32534384285173834)]
[(0, 0.20402621727179868), (5, 0.3171288347120188)]
[(3, 0.32474857591209938)]
[(2, 0.24635669087799306), (6, 0.46840649126269002)]
[(3, 0.41212629338276613)]
[(3, 0.44255943753010385)]
[(3, 0.66644420225984402), (4, 0.29769124099354399)]
[(6, 0.49369595600130778)]
[(2, 0.53105248995638166), (6, 0.4424061279873665)]
[(0, 0.36127674147529648), (4, 0.20947362098503011)]
[(4, 0.61584981930502547), (6, 0.36306222288893886)]
[(1, 0.2281729361662789), (6, 0.47033105067268122)]
[(0, 0.33647821094349867), (6, 0.37006290361586081)]
[(6, 0.45492155700320858)]
[(4, 0.30608591206873703), (6, 0.30675256344204704)]
[(4, 0.50289219552975128), (6, 0.26953028185174394)]
[(4, 0.68808118533829321)]
[(2, 0.22181857370135699), (4, 0.36903964987299004), (6, 0.311958703968437)]
[(4, 0.38081002690779275), (6, 0.35088556348756467)]
[(4, 0.40115335577148337), (5, 0.27609764412661314)]
[(5, 0.42745945155325099), (6, 0.32534396426058604)]
[(0, 0.20399841228931725), (5, 0.31721785688876203)]
[(3, 0.32474237819016133)]
[(2, 0.24635740254277616), (6, 0.468408399678506)]
[(3, 0.41212688635518169)]
[(3, 0.44255427947004328)]
[(3, 0.66643383489475894), (4, 0.29770045338030748)]
[(6, 0.49369706617096104)]
[(2, 0.53108524609632612), (6, 0.44237338554279809)]
[(0, 0.36127814382886253), (4, 0.20947347580490233)]
[(4, 0.61585179213665087), (6, 0.36306033211677646)]
[(1, 0.22816797560330809), (6, 0.47032955990639019)]
[(0, 0.3364766731888969), (6, 0.37006172763953266)]
[(6, 0.45491758300962282)]
[(4, 0.30608261761699568), (6, 0.30675249185528447)]
[(4, 0.50287869898316329), (6, 0.2695273258802291)]
[(4, 0.68808162684308638)]
[(2, 0.22181593162949337), (4, 0.36905740637473394), (6, 0.31194097025853174)]
[(4, 0.38080751553276415), (6, 0.35088479022581975)]
[(4, 0.40115220853444744), (5, 0.27609468446268837)]
[(5, 0.42746504755435133), (6, 0.32532797491203996)]
[(0, 0.20399512061426137), (5, 0.31725369290595679)]
[(3, 0.32474981821449539)]
[(2, 0.24635715099584657), (6, 0.46840772299417383)]
[(3, 0.41212582620258786)]
[(3, 0.44255201898707319)]
[(3, 0.66644315615421035), (4, 0.29769223814643464)]
[(6, 0.4936951275019888)]
[(2, 0.53108327752801443), (6, 0.44237535342026912)]
[(0, 0.36127976301714509), (4, 0.20947395701119295)]
[(4, 0.6158501722739782), (6, 0.3630619245024741)]
[(1, 0.22817706761339246), (6, 0.47033235114516159)]
[(0, 0.33647795447476309), (6, 0.37006208118409706)]
[(6, 0.45491734154322233)]
[(4, 0.30608470547724959), (6, 0.30675158782685091)]
[(4, 0.50288146266304068), (6, 0.26952793120710744)]
[(4, 0.68808153952552353)]
[(2, 0.22182517604669788), (4, 0.3690405740330272), (6, 0.31194627439402201)]
[(4, 0.38079947953442872), (6, 0.35088242329645741)]
[(4, 0.40115580552204727), (5, 0.27610291699601397)]
[(5, 0.42746182358253909), (6, 0.32533445082227175)]
[(0, 0.20399857765102367), (5, 0.31725707127021296)]
[(3, 0.32474600244970186)]
[(2, 0.24635714253245511), (6, 0.46840770260097825)]
[(3, 0.41212924930730727)]
[(3, 0.44255784742396703)]
[(3, 0.66643887444437555), (4, 0.29769610510719902)]
[(6, 0.49369443565079568)]
[(2, 0.53109533666906805), (6, 0.44236329673927066)]
[(0, 0.36127785321865419), (4, 0.20947360729848041)]
[(4, 0.61586119061757105), (6, 0.36305107618003207)]
[(1, 0.22817278673682176), (6, 0.47033100435710906)]
[(0, 0.33647743205530412), (6, 0.37006243921868009)]
[(6, 0.45492491851919914)]
[(4, 0.30607811568137494), (6, 0.30675409661405134)]
[(4, 0.50287613280768129), (6, 0.26952676379670065)]
[(4, 0.68808173853675114)]
[(2, 0.22181785616231475), (4, 0.36905878040346252), (6, 0.31193367860029564)]
[(4, 0.38080077386402444), (6, 0.35088279316857485)]
[(4, 0.40115480060891046), (5, 0.27610085296627951)]
[(5, 0.4274614021759372), (6, 0.32533669174481017)]
[(0, 0.20400990827089943), (5, 0.3171663000660162)]
[(3, 0.3247439519490814)]
[(2, 0.24635642408109362), (6, 0.46840577219913226)]
[(3, 0.4121298212270334)]
[(3, 0.44255595480769738)]
[(3, 0.66644065374834394), (4, 0.29769463050894873)]
[(6, 0.49369627552319639)]
[(2, 0.53108738875511552), (6, 0.44237124359723135)]
[(0, 0.3612775812654711), (4, 0.20947415354543106)]
[(4, 0.6158450727435959), (6, 0.36306683356144315)]
[(1, 0.22816907978269221), (6, 0.47032988626527839)]
[(0, 0.33647902984811517), (6, 0.37006256317713204)]
[(6, 0.45491704216985357)]
[(4, 0.30608472830535871), (6, 0.30675350610350893)]
[(4, 0.50287844080142308), (6, 0.26952726932999094)]
[(4, 0.68808125019475808)]
[(2, 0.22182426235002414), (4, 0.36903812851641682), (6, 0.31195131746744004)]
[(4, 0.38081058648470284), (6, 0.35088573672020551)]
[(4, 0.4011565916823458), (5, 0.2761043295176655)]
[(5, 0.42746004362510326), (6, 0.3253409741319897)]
[(0, 0.20399531479063504), (5, 0.31726732925198042)]
[(3, 0.32474668108762017)]
[(2, 0.24635604037291239), (6, 0.46840474213477001)]
[(3, 0.41213288245272733)]
[(3, 0.44255818766058519)]
[(3, 0.66644101405728762), (4, 0.2976941425276628)]
[(6, 0.49368643128822226)]
[(2, 0.53109630248043127), (6, 0.44236233054644181)]
[(0, 0.36127906648459462), (4, 0.20947335589221744)]
[(4, 0.61583286070787435), (6, 0.36307842981468896)]
[(1, 0.2281673471029213), (6, 0.47032937521719803)]
[(0, 0.336477856716971), (6, 0.3700618472330891)]
[(6, 0.45491767720041487)]
[(4, 0.30608356529595865), (6, 0.30675258535435396)]
[(4, 0.50289290499705641), (6, 0.26953043722483894)]
[(4, 0.68808168773000544)]
[(2, 0.2218259414732752), (4, 0.3690338697924021), (6, 0.31195393835888269)]
[(4, 0.38080530835821041), (6, 0.35088412879413255)]
[(4, 0.40115622135474066), (5, 0.27610364076240662)]
[(5, 0.42746125850469557), (6, 0.32534079736801247)]
[(0, 0.20399520787765515), (5, 0.31726078714988803)]
[(3, 0.32474406340074885)]
[(2, 0.24635563240562453), (6, 0.46840364823401642)]
[(3, 0.41213538140857703)]
[(3, 0.44255573096884682)]
[(3, 0.66644594764726273), (4, 0.29768956956406856)]
[(6, 0.49368584374395297)]
[(2, 0.53106360749961878), (6, 0.44239501387912389)]
[(0, 0.36127763065168028), (4, 0.20947393824831864)]
[(4, 0.61585217369484857), (6, 0.36305991089357015)]
[(1, 0.22816694592198628), (6, 0.47032925848853907)]
[(0, 0.33647819913463251), (6, 0.37006275371025887)]
[(6, 0.45491872221447788)]
[(4, 0.3060876412743318), (6, 0.30675122158274948)]
[(4, 0.50289014713068891), (6, 0.26952983324472712)]
[(4, 0.68808166203652854)]
[(2, 0.22182407386138228), (4, 0.36903645830961124), (6, 0.3119540362600649)]
[(4, 0.38080485206129544), (6, 0.35088398443701807)]
[(4, 0.40115264974742737), (5, 0.27609586565855815)]
[(5, 0.42746193876278804), (6, 0.32532614237355384)]
[(0, 0.20400204059369784), (5, 0.31719241011544708)]
[(3, 0.32474723907395653)]
[(2, 0.24635671928283007), (6, 0.46840656617631388)]
[(3, 0.41212985477325598)]
[(3, 0.44255691149290932)]
[(3, 0.66644453850710195), (4, 0.29769086063001365)]
[(6, 0.49369558240526784)]
[(2, 0.53107638323698181), (6, 0.44238224495899964)]
[(0, 0.36127666476401221), (4, 0.20947448199142299)]
[(4, 0.61583054635039247), (6, 0.36308050527352476)]
[(1, 0.22817176670989309), (6, 0.4703306918032244)]
[(0, 0.33647803707776813), (6, 0.37006229892427228)]
[(6, 0.45491962603833835)]
[(4, 0.30608486032403176), (6, 0.30675221426746596)]
[(4, 0.50288807446064865), (6, 0.26952937931292864)]
[(4, 0.68808166465200493)]
[(2, 0.22182730174893592), (4, 0.36903762545702851), (6, 0.31194619726638861)]
[(4, 0.3807994892261658), (6, 0.35088242673752507)]
[(4, 0.40115329345899547), (5, 0.27609749894904873)]
[(5, 0.42745478162214223), (6, 0.32534059039777219)]
[(0, 0.20399500140418142), (5, 0.31724706556464072)]
[(3, 0.32474495972729556)]
[(2, 0.24635793835499428), (6, 0.46840983779935602)]
[(3, 0.41212917331394872)]
[(3, 0.4425576413021699)]
[(2, 0.57104593745662369)]
