[(2, 0.57142854912866392)]
[(3, 0.53428368557957961), (4, 0.33852892688470754)]
[(3, 0.27756837148126812), (6, 0.5859218099889143)]
[(6, 0.80461066145614069)]
[(6, 0.48654222508416844)]
[(2, 0.57429634499362114), (6, 0.32626371639509294)]
[(0, 0.46190971379227497)]
[(0, 0.35238974487415986), (4, 0.33056347230345345)]
[(4, 0.21441112050097025), (6, 0.51614531953997211)]
[(0, 0.28394348684419118), (6, 0.56290056960996171)]
[(0, 0.23100526243690955), (6, 0.56756723231233852)]
[(0, 0.24791391830565618), (2, 0.34183266417257779), (6, 0.31759805721154594)]
[(2, 0.42672511366175403), (6, 0.26361515684109149)]
[(4, 0.47127557334645076), (6, 0.41256375463033867)]
[(4, 0.61206903192130369), (6, 0.22137680631596104)]
[(4, 0.4115064887964579), (6, 0.36697356871741732)]
[(4, 0.50967274868065116), (6, 0.37803448300249182)]
[(4, 0.39640715402720261), (6, 0.37753228639224268)]
[(4, 0.29260446083957448), (6, 0.55506679689078664)]
[(3, 0.23807435265504834), (4, 0.50867906194596268), (6, 0.2002764183511144)]
[(4, 0.4702879817090605), (6, 0.32953221054080745)]
[(3, 0.53428412711119555), (4, 0.33852477521556923)]
[(3, 0.27754411755576786), (6, 0.58592698261120058)]
[(6, 0.80462875896003805)]
[(6, 0.4865417658985729)]
[(2, 0.57429743337102668), (6, 0.32627181584099652)]
[(0, 0.46189537905534755)]
[(0, 0.35238393758708536), (4, 0.33055850989640079)]
[(4, 0.21440954054201103), (6, 0.51614477696093886)]
[(0, 0.28387460748852539), (6, 0.56289913768686273)]
[(0, 0.23100581789292901), (6, 0.56757458454029386)]
[(0, 0.24792690906619699), (2, 0.34180682293441556), (6, 0.31760938416280032)]
[(2, 0.42672571801084019), (6, 0.26361498547486639)]
[(4, 0.47127413946556856), (6, 0.41256317709392587)]
[(4, 0.61206108989979346), (6, 0.22137242921308267)]
[(4, 0.41151295308656127), (6, 0.36697390817848702)]
[(4, 0.50967540526338639), (6, 0.37803864704117091)]
[(4, 0.39641975198239393), (6, 0.37752731354981278)]
[(4, 0.2926176765753144), (6, 0.55507327211311597)]
[(3, 0.23804459020405766), (4, 0.50866954824061983), (6, 0.20031396734112358)]
[(4, 0.47028818007057888), (6, 0.32953428604952889)]
[(3, 0.53428287784379824), (4, 0.33852195013919967)]
[(3, 0.27757249430722147), (6, 0.58592093374394716)]
[(6, 0.80462586510835343)]
[(6, 0.48654237743179929)]
[(2, 0.57429634250046857), (6, 0.32626378282862484)]
[(0, 0.46189872265692739)]
[(0, 0.35238267092279701), (4, 0.33055684791009327)]
[(4, 0.21440922343175126), (6, 0.51614645170261064)]
[(0, 0.28420469956696348), (6, 0.56290577503581452)]
[(0, 0.23100498131065447), (6, 0.5675632857873425)]
[(0, 0.24792432394894615), (2, 0.34181192908900054), (6, 0.31760759931715782)]
[(2, 0.42672774051066786), (6, 0.26362131135237155)]
[(4, 0.47127011367299043), (6, 0.41256156637087421)]
[(4, 0.612060851475423), (6, 0.22137498977358996)]
[(4, 0.41150640356999535), (6, 0.36697356776233242)]
[(4, 0.5096724100440283), (6, 0.37803391857122687)]
[(4, 0.39645606999103189), (6, 0.3775205716694045)]
[(4, 0.292585972777748), (6, 0.55505773124489377)]
[(3, 0.2380522137225502), (4, 0.50867573816676359), (6, 0.20030066792306517)]
[(4, 0.47028718990077828), (6, 0.32953469140235248)]
[(3, 0.53428518665018443), (4, 0.33852647097295718)]
[(3, 0.27755263584649259), (6, 0.58592517423181256)]
[(6, 0.80460499307123701)]
[(6, 0.48654564483425017)]
[(2, 0.57429634098928395), (6, 0.32626800981759746)]
[(0, 0.46191874766073321)]
[(0, 0.35238421891244265), (4, 0.33055811135784618)]
[(4, 0.2144109068017136), (6, 0.51614668814811593)]
[(0, 0.28271768581828505), (6, 0.56287159610556803)]
[(0, 0.23100507589471486), (6, 0.56756501712679686)]
[(0, 0.24792046058391187), (2, 0.34181967767349281), (6, 0.31760386004959901)]
[(2, 0.42672459435844062), (6, 0.26361344294835332)]
[(4, 0.47127680058994265), (6, 0.4125642695557466)]
[(4, 0.61206006993597317), (6, 0.22137558094243737)]
[(4, 0.41151236911072608), (6, 0.36697399497580419)]
[(4, 0.50967908715947108), (6, 0.3780438011799217)]
[(4, 0.3964249666096602), (6, 0.37752930974266807)]
[(4, 0.2925714049425735), (6, 0.55505060007973661)]
[(3, 0.23804763557218245), (4, 0.50867340249155368), (6, 0.20030648291476474)]
[(4, 0.4702881225877622), (6, 0.32953239381142085)]
[(3, 0.53428378096759055), (4, 0.3385281228486024)]
[(3, 0.27755551123331335), (6, 0.58592456383756908)]
[(6, 0.80461557326770738)]
[(6, 0.4865376852536939)]
[(2, 0.57429536488067157), (6, 0.32625670126880829)]
[(0, 0.46191109577801953)]
[(0, 0.35238617110492521), (4, 0.3305603615594549)]
[(4, 0.2144126871233086), (6, 0.51614553634261207)]
[(0, 0.28389865746075976), (6, 0.56289964043497609)]
[(0, 0.23100500418459424), (6, 0.56756316991104327)]
[(0, 0.24792214249825856), (2, 0.34181632281749896), (6, 0.31760537889512686)]
[(2, 0.42672948464921717), (6, 0.2636252298376478)]
[(4, 0.47126859656126513), (6, 0.41256097331886116)]
[(4, 0.61206170248251224), (6, 0.22137313929756058)]
[(4, 0.41151266952300908), (6, 0.3669739945518003)]
[(4, 0.50967832458453199), (6, 0.37804278425527504)]
[(4, 0.39641970182993908), (6, 0.3775420705829664)]
[(4, 0.29255583078654995), (6, 0.55504290864427663)]
[(3, 0.23805062501531607), (4, 0.50867155702565092), (6, 0.20030640714079753)]
[(4, 0.47028816771866133), (6, 0.32953479819221715)]
[(3, 0.5342836487367415), (4, 0.33852678420262827)]
[(3, 0.27755115096488675), (6, 0.58592548589619964)]
[(6, 0.80462331390660691)]
[(6, 0.48659049901667978)]
[(2, 0.57429537378418305), (6, 0.32626800993169969)]
[(0, 0.46191154751557262)]
[(0, 0.35238894390581871), (4, 0.33056261389120722)]
[(4, 0.21441027381328129), (6, 0.51614543323948825)]
[(0, 0.28348745737004372), (6, 0.56289064197109728)]
[(0, 0.23100572496791902), (6, 0.56757484894046983)]
[(0, 0.24793933635126361), (2, 0.34178171508659261), (6, 0.31762055762717406)]
[(2, 0.42673143872581326), (6, 0.26362987589436693)]
[(4, 0.47127172661853828), (6, 0.41256221208423)]
[(4, 0.61206816714779111), (6, 0.22137536273020167)]
[(4, 0.41150896518820457), (6, 0.36697364679230499)]
[(4, 0.50967402569352382), (6, 0.37803653782250846)]
[(4, 0.39642005052900431), (6, 0.37753812505297729)]
[(4, 0.29258348690591962), (6, 0.55505646161910149)]
[(3, 0.23805204661921364), (4, 0.50867366348950538), (6, 0.20030094402696158)]
[(4, 0.47028671176909248), (6, 0.32953043459751746)]
[(3, 0.53428488270260988), (4, 0.33852920623413169)]
[(3, 0.27753635886939582), (6, 0.58592867329846554)]
[(6, 0.80461473448308207)]
[(6, 0.48658198739976355)]
[(2, 0.57429679523596788), (6, 0.32626734807264574)]
[(0, 0.46188871234195045)]
[(0, 0.35238454977338213), (4, 0.33055840749121362)]
[(4, 0.21441099624951071), (6, 0.51614492917160382)]
[(0, 0.28418982559272871), (6, 0.5629054883111867)]
[(0, 0.2310053293500092), (6, 0.5675676800822127)]
[(0, 0.24791347892482385), (2, 0.34183353216350731), (6, 0.31759765332893336)]
[(2, 0.42672243568951052), (6, 0.2636096782265247)]
[(4, 0.47127362798394123), (6, 0.41256297626708127)]
[(4, 0.61207085237083025), (6, 0.22137626486830025)]
[(4, 0.41150587256336674), (6, 0.36697351902224917)]
[(4, 0.50967491318144187), (6, 0.3780379064330725)]
[(4, 0.39643004234517598), (6, 0.37752565449738712)]
[(4, 0.29260248125178689), (6, 0.55506583047438041)]
[(3, 0.2380464755602639), (4, 0.50866996879703663), (6, 0.20031133105510415)]
[(4, 0.47028739282561977), (6, 0.32953146160471442)]
[(3, 0.53428467122804979), (4, 0.33852922604614466)]
[(3, 0.27754547222161857), (6, 0.58592665380748565)]
[(6, 0.80461591387534492)]
[(6, 0.48654549122132024)]
[(2, 0.57429494221374155), (6, 0.32625400394556614)]
[(0, 0.46190701311265558)]
[(0, 0.3523899593794475), (4, 0.33056362824825108)]
[(4, 0.21440869827500869), (6, 0.51614599032265829)]
[(0, 0.28279825956399512), (6, 0.56287371879056369)]
[(0, 0.23100550685730473), (6, 0.56756971435693337)]
[(0, 0.24793019093457763), (2, 0.34180020509403009), (6, 0.31761240824755538)]
[(2, 0.42672306428108819), (6, 0.26360897025380314)]
[(4, 0.47126111858658704), (6, 0.4125581040860456)]
[(4, 0.61207878212864009), (6, 0.22138613909835664)]
[(4, 0.41151186115394095), (6, 0.36697391440480526)]
[(4, 0.50968731822143543), (6, 0.37805350999639059)]
[(4, 0.39643251939548474), (6, 0.37753174743526913)]
[(4, 0.29255174162669711), (6, 0.55504095757419525)]
[(3, 0.23805266150854407), (4, 0.50867541039731823), (6, 0.20030037026189543)]
[(4, 0.47028832598131709), (6, 0.32953455207674059)]
[(3, 0.53428501379143301), (4, 0.33852705383510096)]
[(3, 0.27757395444676092), (6, 0.58592058481835374)]
[(6, 0.8046149547796182)]
[(6, 0.48653569094050109)]
[(2, 0.57429470230612034), (6, 0.32625151371662481)]
[(0, 0.46191892008289637)]
[(0, 0.35238793207713398), (4, 0.33056225691292601)]
[(4, 0.21440831879235472), (6, 0.51614704768445729)]
[(0, 0.28428300825140207), (6, 0.56290726502490485)]
[(0, 0.23100519528204957), (6, 0.56756594798080839)]
[(0, 0.24791874004039824), (2, 0.34182312101122875), (6, 0.31760221070124045)]
[(2, 0.42672166007492485), (6, 0.2636066928551441)]
[(4, 0.47126956146582999), (6, 0.41256135189681231)]
[(4, 0.61207345880740016), (6, 0.22137762914625228)]
[(4, 0.411505049660148), (6, 0.36697349167615601)]
[(4, 0.50967959442400113), (6, 0.37804446458783059)]
[(4, 0.39642600274656536), (6, 0.37752705165764683)]
[(4, 0.29260854102130091), (6, 0.55506879192584158)]
[(3, 0.23805541945907394), (4, 0.50866977813485525), (6, 0.20030014642567898)]
[(4, 0.47028711303806603), (6, 0.32953081774046239)]
[(3, 0.53428178404799109), (4, 0.33852627412822317)]
[(3, 0.27752649552637543), (6, 0.58593070627093891)]
[(6, 0.80462800859173689)]
[(6, 0.48653413343381052)]
[(2, 0.57429631449498098), (6, 0.32626355934969548)]
[(0, 0.46188738846917354)]
[(0, 0.35238310637369258), (4, 0.33055702705047957)]
[(4, 0.21440931321531168), (6, 0.51614645412752846)]
[(0, 0.28366898839729382), (6, 0.56289471907479061)]
[(0, 0.23100546233326774), (6, 0.56757005540303884)]
[(0, 0.24793803317800236), (2, 0.34178437743147294), (6, 0.31761940803223432)]
[(2, 0.42673091225083887), (6, 0.26362849081443812)]
[(4, 0.47126184194458398), (6, 0.4125583836139779)]
[(4, 0.61206571806754773), (6, 0.22137335642477757)]
[(4, 0.41150698245793749), (6, 0.36697351832603881)]
[(4, 0.50968762024215175), (6, 0.37805383010530408)]
[(4, 0.39650443494529425), (6, 0.37751644044974092)]
[(4, 0.29261614416718013), (6, 0.55507251768159238)]
[(3, 0.2380697060217048), (4, 0.50867514866010888), (6, 0.20028140476849582)]
[(4, 0.4702865239962371), (6, 0.32953039251901739)]
[(3, 0.53428313385843429), (4, 0.33852579923887433)]
[(3, 0.27756191899746291), (6, 0.58592316438606995)]
[(6, 0.80461405169053346)]
[(6, 0.48654481442524222)]
[(2, 0.57429473187662838), (6, 0.32625182548238957)]
[(0, 0.46189872162967827)]
[(0, 0.35238768151988403), (4, 0.33056141541770456)]
[(4, 0.21440635133020769), (6, 0.51614545313162563)]
[(0, 0.28230021127134924), (6, 0.56286013376901756)]
[(0, 0.23100556335039674), (6, 0.56757081274776289)]
[(0, 0.24792127227792923), (2, 0.34181807982834411), (6, 0.31760443102784863)]
[(2, 0.42672661997209294), (6, 0.26361797449879609)]
[(4, 0.47127625190704192), (6, 0.41256404359908522)]
[(4, 0.61206187833057923), (6, 0.22137968699563301)]
[(4, 0.41150917291546651), (6, 0.3669733113165205)]
[(4, 0.50967992550299868), (6, 0.37804489179969103)]
[(4, 0.39642531346956467), (6, 0.37752645272859631)]
[(4, 0.29262277517935875), (6, 0.55507575654311447)]
[(3, 0.23805155303538231), (4, 0.50867020161431764), (6, 0.20030425285768508)]
[(4, 0.47028695604971799), (6, 0.32953150875771808)]
[(3, 0.53428227736661915), (4, 0.33852214022850446)]
[(3, 0.27754459319047459), (6, 0.58592691247110373)]
[(6, 0.80461216034246874)]
[(6, 0.48653545166831907)]
[(2, 0.57429403725414951), (6, 0.32624665324193802)]
[(0, 0.46192062527510436)]
[(0, 0.35239006255027561), (4, 0.33056363989701115)]
[(4, 0.21441105437978983), (6, 0.51614592849420715)]
[(0, 0.28544898078360487), (6, 0.562925330154326)]
[(0, 0.23100517305957752), (6, 0.56756641705957755)]
[(0, 0.24791271524969569), (2, 0.3418350361984091), (6, 0.3175969793129016)]
[(2, 0.42672150963487665), (6, 0.26360701041453927)]
[(4, 0.471274109676314), (6, 0.41256316289706191)]
[(4, 0.61207174559688593), (6, 0.22137548327596662)]
[(4, 0.4115104830800318), (6, 0.36697379150476761)]
[(4, 0.50967891804050824), (6, 0.37804357763636698)]
[(4, 0.3964330270655404), (6, 0.37752391916727729)]
[(4, 0.29259928370331401), (6, 0.55506426235602913)]
[(3, 0.23807090972970496), (4, 0.50867389366948568), (6, 0.20028209489009199)]
[(4, 0.47028732950827506), (6, 0.32953264573591556)]
[(3, 0.53428691242546067), (4, 0.33853251924696853)]
[(3, 0.27753237516738954), (6, 0.58592944939323588)]
[(6, 0.80461553282044906)]
[(6, 0.48653554722774223)]
[(2, 0.57429441837503381), (6, 0.32624947794490738)]
[(0, 0.46189494362344558)]
[(0, 0.35238892766395608), (4, 0.33056221987130707)]
[(4, 0.21441059038865878), (6, 0.51614560779760843)]
[(0, 0.28385141722726076), (6, 0.56289865009954154)]
[(0, 0.23100525185166573), (6, 0.56756755914574775)]
[(0, 0.24791924530278098), (2, 0.34182211766288217), (6, 0.31760263674078032)]
[(2, 0.42672519011571997), (6, 0.26361542173952379)]
[(4, 0.47126259612798815), (6, 0.41255865529515506)]
[(4, 0.61206974256710733), (6, 0.22137632683150618)]
[(4, 0.41151336077417433), (6, 0.36697407521412945)]
[(4, 0.50967404079419754), (6, 0.3780365627196926)]
[(4, 0.39641836105966122), (6, 0.37752743145852935)]
[(4, 0.29260133116758036), (6, 0.55506525577116739)]
[(3, 0.23806208079758326), (4, 0.50867297011617751), (6, 0.20029201118334103)]
[(4, 0.47028668548196606), (6, 0.3295300329945271)]
[(3, 0.53428330208870767), (4, 0.33852261965270591)]
[(3, 0.27753739889666079), (6, 0.58592847126056624)]
[(6, 0.80461900720921253)]
[(6, 0.48653993667674156)]
[(2, 0.57429758337209436), (6, 0.32627298198473859)]
[(0, 0.46190451075509431)]
[(0, 0.35239011929808883), (4, 0.33056341969568592)]
[(4, 0.21440803465462396), (6, 0.51614456480585469)]
[(0, 0.28395194317573208), (6, 0.56290074371950849)]
[(0, 0.23100566899171376), (6, 0.5675733133038553)]
[(0, 0.24791419495768433), (2, 0.34183206543400579), (6, 0.31759859870094143)]
[(2, 0.4267315578947074), (6, 0.26363037868397493)]
[(4, 0.47127081383418018), (6, 0.41256184129103196)]
[(4, 0.61206500813201048), (6, 0.22137853895084555)]
[(4, 0.41151019173748837), (6, 0.36697380904129417)]
[(4, 0.50968471816453553), (6, 0.37805065990437564)]
[(4, 0.39641415245699491), (6, 0.37753265689386395)]
[(4, 0.29261997017073549), (6, 0.55507439672584813)]
[(3, 0.23804939740243672), (4, 0.50867391636712), (6, 0.20030417145635468)]
[(4, 0.47028824045977785), (6, 0.3295344648960693)]
[(3, 0.53428563970719356), (4, 0.3385276733085944)]
[(3, 0.2775500960989194), (6, 0.58592569774825198)]
[(6, 0.80461365014065389)]
[(6, 0.4865353850064596)]
[(2, 0.57429703287660416), (6, 0.32626905283004409)]
[(0, 0.46189676277386665)]
[(0, 0.35238828671467909), (4, 0.33056169394380164)]
[(4, 0.21441293236820638), (6, 0.51614614317843543)]
[(0, 0.28277833995732909), (6, 0.56287319675605918)]
[(0, 0.23100567918128015), (6, 0.56757255386139172)]
[(0, 0.24791336421024388), (2, 0.34183376001711535), (6, 0.31759753106566746)]
[(2, 0.42673204866565539), (6, 0.26362808640509766)]
[(4, 0.47126146898054244), (6, 0.41255823331629909)]
[(4, 0.61206763517062035), (6, 0.22137534245842622)]
[(4, 0.41150707879977239), (6, 0.3669735860807285)]
[(4, 0.50968122020372431), (6, 0.37804652611460271)]
[(4, 0.39644692789868791), (6, 0.37753333962156149)]
[(4, 0.29259609247368934), (6, 0.55506269065510594)]
[(3, 0.23804918585954066), (4, 0.5086735184200617), (6, 0.20030808283397022)]
[(4, 0.47028727397020692), (6, 0.32953110779815759)]
[(3, 0.53428594697983556), (4, 0.33853068314907619)]
[(3, 0.27755675752256054), (6, 0.58592427385724888)]
[(6, 0.80461449627296822)]
[(6, 0.48653874474706493)]
[(2, 0.57429625946506779), (6, 0.32626346617928798)]
[(0, 0.46192053097776919)]
[(0, 0.35238773735620665), (4, 0.33056121043507614)]
[(4, 0.21441144826641939), (6, 0.51614702257844691)]
[(0, 0.28353702186883445), (6, 0.56289177134414359)]
[(0, 0.23100531364429105), (6, 0.5675681125325065)]
[(0, 0.24791042066483268), (2, 0.34183952496574838), (6, 0.31759519112843182)]
[(2, 0.42673117096472379), (6, 0.26362703407932347)]
[(4, 0.47126585197397963), (6, 0.41255989954903455)]
[(4, 0.61205936310161557), (6, 0.2213745962384143)]
[(4, 0.4115071861327052), (6, 0.36697360586248484)]
[(4, 0.50968105754087678), (6, 0.37804632416032624)]
[(4, 0.39642820253413547), (6, 0.37754641782576492)]
[(4, 0.29257477524019376), (6, 0.55505224605450787)]
[(3, 0.23805231165319826), (4, 0.50867199702482269), (6, 0.20030373189290016)]
[(4, 0.47028810175606878), (6, 0.32953270394594431)]
[(3, 0.53428453535532094), (4, 0.33852861035805681)]
[(3, 0.27755896549458892), (6, 0.58592381787493553)]
[(6, 0.80462721311419405)]
[(6, 0.48653922078728723)]
[(2, 0.57429850188028542), (6, 0.32628053953492231)]
[(0, 0.46191818347223051)]
[(0, 0.35238601904889871), (4, 0.33055978738787106)]
[(4, 0.21440966018626789), (6, 0.5161452527607131)]
[(0, 0.2845299935049061), (6, 0.56291174584408765)]
[(0, 0.23100484405507185), (6, 0.5675618967033802)]
[(0, 0.24792562975761639), (2, 0.34180938539101885), (6, 0.31760827374538259)]
[(2, 0.42673012449009329), (6, 0.26362773383816818)]
[(4, 0.47126860300822221), (6, 0.41256097463081481)]
[(4, 0.61207998382908979), (6, 0.22138372669437589)]
[(4, 0.41150507105978246), (6, 0.366973490213858)]
[(4, 0.5096675672577099), (6, 0.37802480524979437)]
[(4, 0.39639692391280418), (6, 0.37754555161520842)]
[(4, 0.29260710833247222), (6, 0.55506808458876811)]
[(3, 0.23806075977449886), (4, 0.50867250804006148), (6, 0.20029410798818906)]
[(4, 0.47028748285308392), (6, 0.32953270047866851)]
[(3, 0.53428582457792151), (4, 0.33852947309086767)]
[(3, 0.27755279850442066), (6, 0.58592514581164656)]
[(6, 0.80461263336485811)]
[(6, 0.48656207720690564)]
[(2, 0.57429651613157329), (6, 0.32626499872582992)]
[(0, 0.46192030409219592)]
[(0, 0.35238643412479981), (4, 0.33056029459131658)]
[(4, 0.21441058096122093), (6, 0.51614522505955107)]
[(0, 0.28513746357789549), (6, 0.56292129319562045)]
[(0, 0.23100501541369392), (6, 0.56756394567089063)]
[(0, 0.24792104272361204), (2, 0.341818538080079), (6, 0.31760423064503573)]
[(2, 0.42673113661967993), (6, 0.26362591141074854)]
[(4, 0.47127194604380024), (6, 0.41256229385631776)]
[(4, 0.61206782747675548), (6, 0.22138797331190149)]
[(4, 0.41151193084487198), (6, 0.3669739061487991)]
[(4, 0.50966844473418138), (6, 0.37802662759896588)]
[(4, 0.39643221579370919), (6, 0.37754602494269235)]
[(4, 0.29256660111418531), (6, 0.5550482362412007)]
[(3, 0.23806769557412283), (4, 0.50867256844542508), (6, 0.20028500870453952)]
[(4, 0.47028656384578876), (6, 0.32953110930687668)]
[(3, 0.53428457988434586), (4, 0.33852224301753858)]
[(3, 0.27755285472925012), (6, 0.58592511780522882)]
[(6, 0.80462658280479948)]
[(6, 0.48653406427935486)]
[(2, 0.57429850947155525), (6, 0.32627979515523498)]
[(0, 0.46189198939241649)]
[(0, 0.35238527076516374), (4, 0.33055922704654517)]
[(4, 0.21441113977182188), (6, 0.51614522292602927)]
[(0, 0.28447370832865809), (6, 0.56291075426641857)]
[(0, 0.23100563819989467), (6, 0.56757153886638789)]
[(0, 0.24791727741594718), (2, 0.34182600303008598), (6, 0.31760103305580789)]
[(2, 0.4267210307317551), (6, 0.26360518986524356)]
[(4, 0.4712726581588873), (6, 0.41256257683529857)]
[(4, 0.61206650292332909), (6, 0.22138918762705645)]
[(4, 0.41150667563949966), (6, 0.36697359594740309)]
[(4, 0.50967100803273846), (6, 0.37803149785561546)]
[(4, 0.39643805772560342), (6, 0.37752538647596129)]
[(4, 0.29253410657422857), (6, 0.55503224857457989)]
[(3, 0.23805249392123323), (4, 0.5086755571719952), (6, 0.20030059351663579)]
[(4, 0.47028782800224234), (6, 0.32953395143073205)]
[(3, 0.53428452035290419), (4, 0.33852389580980663)]
[(3, 0.27755133505408364), (6, 0.58592544985714534)]
[(6, 0.80462370214429701)]
[(6, 0.48653975864108978)]
[(2, 0.5742977528919333), (6, 0.3262744637667005)]
[(0, 0.4619084615894728)]
[(0, 0.35238290209500156), (4, 0.3305573283246101)]
[(4, 0.21441088267929631), (6, 0.51614567241511777)]
[(0, 0.2827151016444453), (6, 0.56287152754017278)]
[(0, 0.23100485427061354), (6, 0.56756141403772964)]
[(0, 0.24793680657803893), (2, 0.34178684583956409), (6, 0.31761843535051915)]
[(2, 0.42672571609720683), (6, 0.26361531100751068)]
[(4, 0.47127255222788639), (6, 0.41256255021450289)]
[(4, 0.61206220568657277), (6, 0.22137617005954263)]
[(4, 0.41150890007911284), (6, 0.36697368822934212)]
[(4, 0.50967262572603433), (6, 0.37803427996999817)]
[(4, 0.3964634800891263), (6, 0.37752739936515078)]
[(4, 0.2925808643670656), (6, 0.55505522869459101)]
[(3, 0.23805129957187812), (4, 0.50866817047635482), (6, 0.20030643120242936)]
[(4, 0.47028750226679661), (6, 0.32953350409998822)]
[(3, 0.53428503952749851), (4, 0.33852906768032875)]
[(3, 0.2775517382322315), (6, 0.58592536908538584)]
[(6, 0.80459884514584767)]
[(6, 0.48658694342545361)]
[(2, 0.57429457697857023), (6, 0.32625079228036563)]
[(0, 0.46190047875359869)]
[(0, 0.35238833765770239), (4, 0.33056179334187374)]
[(4, 0.21441172685227219), (6, 0.51614663267682581)]
[(0, 0.28400408760215867), (6, 0.56290180913495391)]
[(0, 0.23100505324161658), (6, 0.56756422452034316)]
[(0, 0.24791109990235344), (2, 0.3418382054036439), (6, 0.31759569145653005)]
[(2, 0.42672538369702351), (6, 0.26361482543099873)]
[(4, 0.47127236174376064), (6, 0.41256246067630797)]
[(4, 0.61207174859820412), (6, 0.22137884390832485)]
[(4, 0.41150648955044034), (6, 0.36697359826586995)]
[(4, 0.50968448502244557), (6, 0.37805039564266257)]
[(4, 0.39640598439309138), (6, 0.37754099844216704)]
[(4, 0.29257219010032565), (6, 0.55505087247886487)]
[(3, 0.23805485788675568), (4, 0.50867205320564024), (6, 0.20030031794422112)]
[(4, 0.47028723787124338), (6, 0.32953173841999184)]
[(3, 0.53428311863007516), (4, 0.33852303260735467)]
[(3, 0.2775600738414033), (6, 0.58592357761680447)]
[(6, 0.8046175014201814)]
[(6, 0.48653816763617569)]
[(2, 0.57429816314853932), (6, 0.32627826820764555)]
[(0, 0.46189772035445309)]
[(0, 0.35238448234568648), (4, 0.33055811586123796)]
[(4, 0.21440759210989743), (6, 0.51614531769940342)]
[(0, 0.28380909692579065), (6, 0.56289775320532576)]
[(0, 0.23100573618742312), (6, 0.56757430942408327)]
[(0, 0.24792614110559263), (2, 0.34180833754495249), (6, 0.31760882218274777)]
[(2, 0.42673194244323875), (6, 0.26363121977588921)]
[(4, 0.4712749941982729), (6, 0.41256352137156582)]
[(4, 0.61206428011612113), (6, 0.22137329076805404)]
[(4, 0.41151334731764522), (6, 0.36697401878170632)]
[(4, 0.50967367735212399), (6, 0.37803598835179203)]
[(4, 0.39646436687028846), (6, 0.3775420553100271)]
[(4, 0.29261628475097801), (6, 0.55507258141392268)]
[(3, 0.2380669166419086), (4, 0.50866403384724113), (6, 0.20029228896350371)]
[(4, 0.47028772893711812), (6, 0.32953181780919027)]
[(3, 0.53428558892070199), (4, 0.3385276621655362)]
[(3, 0.27752720130913178), (6, 0.58593053679256979)]
[(6, 0.80461515744011536)]
[(6, 0.4865582908364926)]
[(2, 0.57429614053788247), (6, 0.32626231058751887)]
[(0, 0.46190994883344738)]
[(0, 0.35238240278052296), (4, 0.33055638910701496)]
[(4, 0.2144089956782855), (6, 0.51614505505174457)]
[(0, 0.28476307610567647), (6, 0.56291566232741752)]
[(0, 0.23100504474387187), (6, 0.56756410573271809)]
[(0, 0.24791936394698516), (2, 0.34182187740253206), (6, 0.31760275431529705)]
[(2, 0.42672977845021831), (6, 0.26362682388162717)]
[(4, 0.47126158077980529), (6, 0.41255827556600183)]
[(4, 0.61206023156551637), (6, 0.2213735216384192)]
[(4, 0.4115130511612336), (6, 0.3669740816653102)]
[(4, 0.50968084953249526), (6, 0.378046064114684)]
[(4, 0.3964307076713644), (6, 0.37752295513955231)]
[(4, 0.2925997776560797), (6, 0.55506450341704672)]
[(3, 0.2380602924700678), (4, 0.50867347953946218), (6, 0.20029314552430086)]
[(4, 0.47028786279277596), (6, 0.32953239643812648)]
[(3, 0.53428513680818257), (4, 0.33852348401131749)]
[(3, 0.27755568402743774), (6, 0.58592450953129582)]
[(6, 0.80462568717291016)]
[(6, 0.48654086394066548)]
[(2, 0.5742966668770827), (6, 0.32626644085439771)]
[(0, 0.46188880216006434)]
[(0, 0.35238353867118699), (4, 0.33055757490452753)]
[(4, 0.21440663452408498), (6, 0.51614550815064775)]
[(0, 0.28273737350073352), (6, 0.56287211748487154)]
[(0, 0.23100513076652082), (6, 0.56756507915979704)]
[(0, 0.24791132779806666), (2, 0.34183776728872589), (6, 0.31759581063672693)]
[(2, 0.42672660706981513), (6, 0.26361775218166933)]
[(4, 0.47126927428343041), (6, 0.41256123745315987)]
[(4, 0.61206230570299269), (6, 0.22137316561876433)]
[(4, 0.411506257691031), (6, 0.36697355945661519)]
[(4, 0.50968237086009882), (6, 0.37804792817461075)]
[(4, 0.39642757778715354), (6, 0.37753666596756325)]
[(4, 0.29253283698277366), (6, 0.55503162164797426)]
[(3, 0.23805473648009845), (4, 0.50867447486444795), (6, 0.2003023171025885)]
[(4, 0.4702876467863315), (6, 0.3295313469548366)]
[(3, 0.53428441811094374), (4, 0.33852380712440366)]
[(3, 0.27755463602367103), (6, 0.58592474276932516)]
[(6, 0.80462900387635006)]
[(6, 0.48659318947128749)]
[(2, 0.57428048389754383), (6, 0.32633701977994706)]
[(0, 0.46191240801292621)]
[(0, 0.3523907869235352), (4, 0.33056399463833697)]
[(4, 0.21440495633535855), (6, 0.51614641014862661)]
[(0, 0.28454349786259725), (6, 0.56291198112584262)]
[(0, 0.23100488689604856), (6, 0.56756195706722024)]
[(0, 0.24792705192773323), (2, 0.34180650208213498), (6, 0.31760974752853882)]
[(2, 0.42672450942614659), (6, 0.26361298600664035)]
[(4, 0.47126062099447463), (6, 0.41255791958873655)]
[(4, 0.61206834846307911), (6, 0.22138498865417514)]
[(4, 0.41150727690891792), (6, 0.36697363472525046)]
[(4, 0.50967232989560607), (6, 0.37803378503919993)]
[(4, 0.39642136536672939), (6, 0.37753773104576605)]
[(4, 0.29262009032844999), (6, 0.55507445019051194)]
[(3, 0.23805163376082666), (4, 0.50867471600372838), (6, 0.20030148815659216)]
[(4, 0.47028769228515621), (6, 0.3295326053803147)]
[(3, 0.53428413586393186), (4, 0.33852123973270121)]
[(3, 0.27755146183289747), (6, 0.58592542474421039)]
[(6, 0.80461442774659531)]
[(6, 0.48654396644230952)]
[(2, 0.57429636373952997), (6, 0.32626395305932709)]
[(0, 0.46191167724982241)]
[(0, 0.35238497480138758), (4, 0.33055895113591272)]
[(4, 0.21441022230423196), (6, 0.5161471212440788)]
[(0, 0.2843654814508943), (6, 0.56290879843355335)]
[(0, 0.23100547014567047), (6, 0.56757033714150407)]
[(0, 0.24792549074693357), (2, 0.34180964420183368), (6, 0.31760813384950354)]
[(2, 0.42672193910953404), (6, 0.26360570635121378)]
[(4, 0.47127355829981749), (6, 0.41256295059635018)]
[(4, 0.61206396670860574), (6, 0.22137748566548754)]
[(4, 0.4115112465892945), (6, 0.3669737014126721)]
[(4, 0.50967309595535693), (6, 0.37803505316343333)]
[(4, 0.39642370351198464), (6, 0.37754765456567385)]
[(4, 0.29259191587081096), (6, 0.55506064820408807)]
[(3, 0.23805452976425054), (4, 0.50866897616145434), (6, 0.2003021608587362)]
[(4, 0.47028709260724649), (6, 0.32953056040579259)]
[(3, 0.53428568316492231), (4, 0.33853035649075719)]
[(3, 0.27753611407843015), (6, 0.58592870900552219)]
[(6, 0.80461982401979837)]
[(6, 0.48655013384345641)]
[(2, 0.5742978644382627), (6, 0.32627508891957802)]
[(0, 0.46191307396493658)]
[(0, 0.35238864265259306), (4, 0.33056285916304801)]
[(4, 0.21441253796208948), (6, 0.51614602405345444)]
[(0, 0.28349048614502498), (6, 0.56289071133075341)]
[(0, 0.23100558420479647), (6, 0.56757168249626855)]
[(0, 0.24792005509498413), (2, 0.34182050838970329), (6, 0.31760335766000303)]
[(2, 0.42672276472964954), (6, 0.26361010637300486)]
[(4, 0.47127302297459378), (6, 0.41256273426687912)]
[(4, 0.61207296299234837), (6, 0.22137782918385038)]
[(4, 0.41151089962065607), (6, 0.3669736677966976)]
[(4, 0.50968846856456385), (6, 0.3780547173283903)]
[(4, 0.39639613944168378), (6, 0.37753854680900328)]
[(4, 0.29254119671674056), (6, 0.55503574544642187)]
[(3, 0.238051810470154), (4, 0.50867557578966061), (6, 0.20030096397409303)]
[(4, 0.47028753396346046), (6, 0.32953231623682755)]
[(3, 0.53428603516706397), (4, 0.33853015812428711)]
[(3, 0.27757042927772546), (6, 0.58592133967096671)]
[(6, 0.80462298557985745)]
[(6, 0.48653966810424359)]
[(2, 0.57429617112383824), (6, 0.32626277317748031)]
[(0, 0.46191728827858913)]
[(0, 0.35238455820336451), (4, 0.33055814334035466)]
[(4, 0.21440209378319824), (6, 0.51614286244900487)]
[(0, 0.28363901395443808), (6, 0.56289405714238605)]
[(0, 0.23100534821216528), (6, 0.56756863636654087)]
[(0, 0.24792359722835822), (2, 0.34181341444422453), (6, 0.31760673213129215)]
[(2, 0.42672672359524649), (6, 0.26361802930111028)]
[(4, 0.47126086563569941), (6, 0.4125580194518384)]
[(4, 0.61206187167477832), (6, 0.22137328191424077)]
[(4, 0.41151123111317589), (6, 0.36697366572912449)]
[(4, 0.5096747702371025), (6, 0.37803769195210207)]
[(4, 0.39639062800985214), (6, 0.37753882701519009)]
[(4, 0.29251793890737954), (6, 0.55502433421684338)]
[(3, 0.23806362023537991), (4, 0.50867334022553212), (6, 0.20029048245690237)]
[(4, 0.47028766763089552), (6, 0.32953219058842842)]
[(3, 0.53428599186272918), (4, 0.33852652886441742)]
[(3, 0.27755365350120664), (6, 0.58592494632178138)]
[(6, 0.80461673607865536)]
[(6, 0.48653370024757814)]
[(2, 0.57429437847023901), (6, 0.32625484371981478)]
[(0, 0.46192477805885768)]
[(0, 0.35238995545521046), (4, 0.33056325063260794)]
[(4, 0.21441023760397929), (6, 0.51614496379426544)]
[(0, 0.28587192166868125), (6, 0.56292981328187486)]
[(0, 0.23100513768921255), (6, 0.56756614146226225)]
[(0, 0.24791054607070831), (2, 0.34183930275683655), (6, 0.31759514768867042)]
[(2, 0.42672715858226345), (6, 0.26361970440372029)]
[(4, 0.47126197710730616), (6, 0.41255842173786972)]
[(4, 0.61206629652052968), (6, 0.22138148576732428)]
[(4, 0.4115086959638532), (6, 0.36697361284683222)]
[(4, 0.50966921384260355), (6, 0.37802815436990395)]
[(4, 0.39640115977429086), (6, 0.37754438157205045)]
[(4, 0.29258153377576307), (6, 0.55505556837223025)]
[(3, 0.23805417927461844), (4, 0.50867558561711146), (6, 0.2003024854315249)]
[(4, 0.47028824246451606), (6, 0.32953483256761534)]
[(3, 0.53428509912715927), (4, 0.33852480028208004)]
[(3, 0.27756670406596146), (6, 0.58592217570059435)]
[(6, 0.80462659779627432)]
[(6, 0.48658234084589008)]
[(2, 0.5742954531643103), (6, 0.32625717743750232)]
[(0, 0.46190891409675194)]
[(0, 0.35239016631231801), (4, 0.33056343352868967)]
[(4, 0.21441108856666022), (6, 0.51614547947514)]
[(0, 0.28376579955593445), (6, 0.56289682616824133)]
[(0, 0.23100523567104594), (6, 0.56756578536528024)]
[(0, 0.24793110673602228), (2, 0.34179836559005039), (6, 0.31761328375989023)]
[(2, 0.42672355026946235), (6, 0.26361133068300835)]
[(4, 0.47126043035516429), (6, 0.41255784697545794)]
[(4, 0.6120705549514881), (6, 0.22137779589840084)]
[(4, 0.41150842210274513), (6, 0.36697368323430074)]
[(4, 0.50966516980749943), (6, 0.37801928433713383)]
[(4, 0.39640519380797817), (6, 0.37754260086510449)]
[(4, 0.29260652289520289), (6, 0.55506779850457011)]
[(3, 0.23804079799353206), (4, 0.50867004828729134), (6, 0.20031720872843112)]
[(4, 0.4702877305484871), (6, 0.32953146361586139)]
[(3, 0.53428485186756924), (4, 0.33853134773824928)]
[(3, 0.27753864008802998), (6, 0.58592816794595737)]
[(6, 0.80462561236988261)]
[(6, 0.48654066027417681)]
[(2, 0.57429657836639925), (6, 0.32626602069858557)]
[(0, 0.46190674215495359)]
[(0, 0.35238729728012963), (4, 0.33056078628067515)]
[(4, 0.21440981647955518), (6, 0.51614628439992027)]
[(0, 0.28322785405848488), (6, 0.56288453145873141)]
[(0, 0.23100526993704043), (6, 0.56756651110530798)]
[(0, 0.2479235824987899), (2, 0.3418134563951733), (6, 0.31760655358872192)]
[(2, 0.42672162600823405), (6, 0.26360665487140705)]
[(4, 0.47126884949513825), (6, 0.41256107082742133)]
[(4, 0.6120631190191177), (6, 0.22137928622916761)]
[(4, 0.41150972522657042), (6, 0.3669735024236257)]
[(4, 0.50966978073757241), (6, 0.37802924167786084)]
[(4, 0.39643785777850743), (6, 0.37752276673299651)]
[(4, 0.29257547548908674), (6, 0.55505259645288818)]
[(3, 0.23806591652398085), (4, 0.50867372531667132), (6, 0.20028650267186623)]
[(4, 0.47028700288743563), (6, 0.32953282865105249)]
[(3, 0.53428550819935827), (4, 0.33852216997038503)]
[(3, 0.27754676130954842), (6, 0.58592641655013278)]
[(6, 0.80462061339715518)]
[(6, 0.48654060562141316)]
[(2, 0.5742966473040878), (6, 0.32626623150895667)]
[(0, 0.46190025947161134)]
[(0, 0.35238686425559784), (4, 0.33056070409601479)]
[(4, 0.21440793551027304), (6, 0.51614609859979299)]
[(0, 0.2865232840522664), (6, 0.5629342898004065)]
[(0, 0.23100569909799346), (6, 0.56757324016537491)]
[(0, 0.24793018812824569), (2, 0.34180023592625303), (6, 0.317612377229335)]
[(2, 0.42672696624644973), (6, 0.26361885563302434)]
[(4, 0.47127017955313621), (6, 0.41256159401626252)]
[(4, 0.61207264068303591), (6, 0.22137707331794473)]
[(4, 0.41151002592722097), (6, 0.36697376925915892)]
[(4, 0.50967429110525753), (6, 0.37803695042263824)]
[(4, 0.39641505052845993), (6, 0.37754191352803129)]
[(4, 0.29260495915689694), (6, 0.55506703895313203)]
[(3, 0.23807016655408572), (4, 0.50867629839512274), (6, 0.20028250288113797)]
[(4, 0.47028666492146076), (6, 0.32953074622319301)]
[(3, 0.53428518660427293), (4, 0.33853228418550568)]
[(3, 0.27754057005010174), (6, 0.58592776702640326)]
[(6, 0.80461445846637281)]
[(6, 0.4865426288310134)]
[(2, 0.57429549594004503), (6, 0.32625750750783966)]
[(0, 0.46190991078600468)]
[(0, 0.35238418354598899), (4, 0.33055815931823312)]
[(4, 0.21441054841630269), (6, 0.51614617660218987)]
[(0, 0.2839566540503185), (6, 0.56290084055226053)]
[(0, 0.23100542581395442), (6, 0.56756896237103049)]
[(0, 0.24792988675178762), (2, 0.34180082743999363), (6, 0.3176121135793008)]
[(2, 0.42672081401198286), (6, 0.26360456929744447)]
[(4, 0.47127210683167486), (6, 0.41256236193475837)]
[(4, 0.61206580061306071), (6, 0.22137583631296567)]
[(4, 0.41150871436573278), (6, 0.36697370025733583)]
[(4, 0.50968162172349962), (6, 0.37804702064572787)]
[(4, 0.3964418299357596), (6, 0.37753903716917514)]
[(4, 0.29260298060699069), (6, 0.55506601555084412)]
[(3, 0.23805556393524197), (4, 0.50867250135224684), (6, 0.20029885142901058)]
[(4, 0.47028695171745849), (6, 0.32953010901463953)]
[(3, 0.53428564894084618), (4, 0.33852837511978973)]
[(3, 0.27754493110559203), (6, 0.58592683313128635)]
[(6, 0.8046185089451281)]
[(6, 0.48654055150124759)]
[(2, 0.57429781712947769), (6, 0.32627463578529975)]
[(0, 0.46191085676442439)]
[(0, 0.35238327201385361), (4, 0.33055714360054422)]
[(4, 0.21440999402756328), (6, 0.5161468251570237)]
[(0, 0.28472972000623437), (6, 0.56291512080778505)]
[(0, 0.23100517787932087), (6, 0.5675657495035098)]
[(0, 0.24791683628483513), (2, 0.34182689703500557), (6, 0.31760054514815389)]
[(2, 0.42673322266090991), (6, 0.26363044279138997)]
[(4, 0.47127455451248657), (6, 0.41256334712370368)]
[(4, 0.61205932252471518), (6, 0.22137318465126402)]
[(4, 0.41151349441095925), (6, 0.36697411588450918)]
[(4, 0.50966940007983619), (6, 0.37802851668534648)]
[(4, 0.39644539823027108), (6, 0.37752495694268873)]
[(4, 0.29251302399469975), (6, 0.55502192224865776)]
[(3, 0.23806066953305652), (4, 0.50867388649285683), (6, 0.20029485030885333)]
[(4, 0.47028769003288834), (6, 0.32953359170243796)]
[(3, 0.53428606446687199), (4, 0.33852356817244461)]
[(3, 0.27756026605702272), (6, 0.58592351751495153)]
[(6, 0.80462008545462671)]
[(6, 0.4865901896537243)]
[(2, 0.57429886541446495), (6, 0.32628243484364172)]
[(0, 0.46191164897658166)]
[(0, 0.35238808723985632), (4, 0.33056157165561295)]
[(4, 0.21440656972370986), (6, 0.51614628730817236)]
[(0, 0.28380399512839932), (6, 0.56289764446615442)]
[(0, 0.23100558053133133), (6, 0.56757203069770468)]
[(0, 0.24793021373413587), (2, 0.34180015385652984), (6, 0.31761248645305623)]
[(2, 0.42673075199967447), (6, 0.26362868424177111)]
[(4, 0.47126736162980709), (6, 0.41256048885386754)]
[(4, 0.61207781896923896), (6, 0.22138098002968276)]
[(4, 0.41150543958345198), (6, 0.36697355320663794)]
[(4, 0.50968884519473145), (6, 0.37805510739305387)]
[(4, 0.39646366752304685), (6, 0.37753969143478738)]
[(4, 0.29260434588665069), (6, 0.5550667347099274)]
[(3, 0.23805318751849536), (4, 0.50867100263760667), (6, 0.20030310816792848)]
[(4, 0.47028691519623733), (6, 0.32953211214486178)]
[(3, 0.53428265512992923), (4, 0.33852992261535064)]
[(3, 0.27753101255753609), (6, 0.58592977806235591)]
[(6, 0.80461823517902131)]
[(6, 0.48655972781667234)]
[(2, 0.57429746656084779), (6, 0.32627205958620326)]
[(0, 0.46191444991950109)]
[(0, 0.35238346872306936), (4, 0.33055744453527841)]
[(4, 0.21441070686090269), (6, 0.51614572391705005)]
[(0, 0.28363717209292844), (6, 0.56289401632178881)]
[(0, 0.23100534347025356), (6, 0.5675690240279786)]
[(0, 0.24792800479859031), (2, 0.34180458400674729), (6, 0.31761056106479763)]
[(2, 0.4267214569272364), (6, 0.26360562188806863)]
[(4, 0.47127598662087916), (6, 0.41256392803966518)]
[(4, 0.61206505169736369), (6, 0.2213763847214584)]
[(4, 0.41151195276966979), (6, 0.36697386821536887)]
[(4, 0.50966576151287701), (6, 0.3780207251579254)]
[(4, 0.39644390837225751), (6, 0.37752541256310607)]
[(4, 0.29259767390582442), (6, 0.55506345647943423)]
[(3, 0.23806017978425539), (4, 0.50867116800968948), (6, 0.20029424331070006)]
[(4, 0.47028750521611196), (6, 0.3295323347633512)]
[(3, 0.53428305195327841), (4, 0.33852175032405535)]
[(3, 0.27754290707489065), (6, 0.58592724674368546)]
[(6, 0.80461253633151963)]
[(6, 0.48653271889041411)]
[(2, 0.57429452245118828), (6, 0.32625031560517614)]
[(0, 0.46191765174168486)]
[(0, 0.35238926331560266), (4, 0.33056262993605973)]
[(4, 0.21441106078993807), (6, 0.51614731074487397)]
[(0, 0.28205038482972272), (6, 0.56285291118290659)]
[(0, 0.23100571114415458), (6, 0.56757228423926454)]
[(0, 0.24791707721463002), (2, 0.3418264131224954), (6, 0.31760077566592693)]
[(2, 0.42672204651900697), (6, 0.26360706017439989)]
[(4, 0.4712764203809624), (6, 0.41256411007829763)]
[(4, 0.61206291380549871), (6, 0.22137235975491687)]
[(4, 0.411507652837796), (6, 0.3669735997559227)]
[(4, 0.50967610457156232), (6, 0.37803967658419746)]
[(4, 0.39643198705841698), (6, 0.37752359382569423)]
[(4, 0.29251127533304894), (6, 0.55502105047546235)]
[(3, 0.2380533334563647), (4, 0.5086748196416967), (6, 0.20029943955148927)]
[(4, 0.47028750444146061), (6, 0.32953213469596659)]
[(3, 0.53428606623452235), (4, 0.3385283916416818)]
[(3, 0.27753093933500167), (6, 0.58592984985924934)]
[(6, 0.8046279147602865)]
[(6, 0.48654905731788378)]
[(2, 0.5742966831965588), (6, 0.32626620376081611)]
[(0, 0.46189160788043115)]
[(0, 0.35238563590923316), (4, 0.33055943774045443)]
[(4, 0.21440937242916916), (6, 0.51614503168194015)]
[(0, 0.28277762494069086), (6, 0.56287317798404057)]
[(0, 0.23100508005105616), (6, 0.56756427794100894)]
[(0, 0.24793100300688461), (2, 0.34179858854033934), (6, 0.31761306604696909)]
[(2, 0.42672339713060409), (6, 0.26361134274967141)]
[(4, 0.47127302569203505), (6, 0.41256273211707473)]
[(4, 0.61207411726519234), (6, 0.22138807639452018)]
[(4, 0.41151368278838396), (6, 0.36697412957146258)]
[(4, 0.50966641038987015), (6, 0.37802224599160272)]
[(4, 0.39643297327722882), (6, 0.37753861946663186)]
[(4, 0.29255354492025998), (6, 0.55504185042033438)]
[(3, 0.23804643306888257), (4, 0.5086704590241049), (6, 0.20031127670804008)]
[(4, 0.4702869299904795), (6, 0.32953125967204056)]
[(3, 0.53428604627693421), (4, 0.33853221467022299)]
[(3, 0.27756210350212535), (6, 0.58592314327103867)]
[(6, 0.80460847181862571)]
[(6, 0.48654466678012459)]
[(2, 0.5742986319216935), (6, 0.32628077161495916)]
[(0, 0.46190240874789562)]
[(0, 0.35238237009460482), (4, 0.3305565176010018)]
[(4, 0.21441005015777689), (6, 0.51614573062816183)]
[(0, 0.28429205062221924), (6, 0.56290743494838857)]
[(0, 0.23100489261397947), (6, 0.56756177834037913)]
[(0, 0.24791309783529977), (2, 0.3418342753619118), (6, 0.31759736781892722)]
[(2, 0.42672242786752101), (6, 0.2636084974121719)]
[(4, 0.47126956305192763), (6, 0.41256135196304278)]
[(4, 0.61205937986619474), (6, 0.22137603729577818)]
[(4, 0.41150920740682473), (6, 0.36697365346030369)]
[(4, 0.50967540322677385), (6, 0.37803864427729367)]
[(4, 0.39641755800549688), (6, 0.37752481419035772)]
[(4, 0.29257254421135814), (6, 0.55505109985179701)]
[(3, 0.23805478683679135), (4, 0.50867337015202951), (6, 0.20030077790444911)]
[(4, 0.4702874235359813), (6, 0.32953225973463085)]
[(3, 0.53428392916788559), (4, 0.33852424793974606)]
[(3, 0.27757605313942285), (6, 0.58592017758503212)]
[(6, 0.80462183026554202)]
[(6, 0.48653937503979716)]
[(2, 0.57429542804758993), (6, 0.32625722983021632)]
[(0, 0.46191130672392017)]
[(0, 0.35238844462637409), (4, 0.33056219420485866)]
[(4, 0.21441164043403022), (6, 0.51614512886382524)]
[(0, 0.28676136921374373), (6, 0.56293513190636757)]
[(0, 0.23100526542521657), (6, 0.56756686393152778)]
[(0, 0.24791313439634782), (2, 0.34183421343045761), (6, 0.3175973149978189)]
[(2, 0.42673246997551373), (6, 0.26362882644178193)]
[(4, 0.47126137065627255), (6, 0.41255819617378053)]
[(4, 0.61206578336034911), (6, 0.22138669779684739)]
[(4, 0.41151142991133893), (6, 0.36697382999971212)]
[(4, 0.5096701900658811), (6, 0.37803000922430124)]
[(4, 0.39642926833022452), (6, 0.37753802049539081)]
[(4, 0.29262258222373688), (6, 0.55507567168110639)]
[(3, 0.23805385834067483), (4, 0.50866946234237376), (6, 0.20030342266409004)]
[(4, 0.47028741339147173), (6, 0.32953244854499003)]
[(3, 0.53428528895258587), (4, 0.33852664229834184)]
[(3, 0.27757079342007462), (6, 0.58592130734383829)]
[(6, 0.80461710918234208)]
[(6, 0.4865368513888661)]
[(2, 0.5742947817481846), (6, 0.32625219408624462)]
[(0, 0.46191397451098082)]
[(0, 0.35238476151446185), (4, 0.33055836351213624)]
[(4, 0.21441204558492744), (6, 0.51614455716095453)]
[(0, 0.28360432343005826), (6, 0.56289328546845097)]
[(0, 0.2310053567862442), (6, 0.56756940466040695)]
[(0, 0.24792612002382092), (2, 0.34180839359881893), (6, 0.31760878190391045)]
[(2, 0.42673187349501374), (6, 0.2636288178346447)]
[(4, 0.47126075268448431), (6, 0.4125579674101712)]
[(4, 0.61206333351672249), (6, 0.22137454332651296)]
[(4, 0.41150704637296098), (6, 0.3669734918123469)]
[(4, 0.50967045801973054), (6, 0.37803050494110119)]
[(4, 0.39644137644378236), (6, 0.37752860887176232)]
[(4, 0.29261430966005569), (6, 0.55507162005351229)]
[(3, 0.2380464837942019), (4, 0.50866920404786831), (6, 0.20031156958925012)]
[(4, 0.4702875671156227), (6, 0.32953161063073771)]
[(3, 0.53428496781503587), (4, 0.33853187896341908)]
[(3, 0.27755697203990592), (6, 0.58592424685094735)]
[(6, 0.80461824826980222)]
[(6, 0.48654526403369719)]
[(2, 0.57429678019320529), (6, 0.32626696809314792)]
[(0, 0.46191558930864041)]
[(0, 0.35238825191963885), (4, 0.33056177596781916)]
[(4, 0.21440864909263443), (6, 0.51614599783801207)]
[(0, 0.2835938456312338), (6, 0.56289305121789324)]
[(0, 0.23100516950536262), (6, 0.56756565147124727)]
[(0, 0.24793716251941061), (2, 0.34178612038872314), (6, 0.31761872377565481)]
[(2, 0.42673081573235039), (6, 0.26362567294484707)]
[(4, 0.47127103589167973), (6, 0.41256193097301286)]
[(4, 0.61207004828183142), (6, 0.22137633755466185)]
[(4, 0.41150771743080866), (6, 0.36697361908127812)]
[(4, 0.50967431137413721), (6, 0.3780369839149868)]
[(4, 0.39643633414050311), (6, 0.3775382874122778)]
[(4, 0.29254675542685277), (6, 0.5550384467411611)]
[(3, 0.23804642842163953), (4, 0.50866797094550698), (6, 0.20031166669959075)]
[(4, 0.47028660327840333), (6, 0.32953061416293306)]
[(3, 0.53428442566111334), (4, 0.33852386233118803)]
[(3, 0.27754654065775647), (6, 0.58592648360345867)]
[(6, 0.80462059057372126)]
[(6, 0.48653465997407336)]
[(2, 0.57429431074767057), (6, 0.32624874395593184)]
[(0, 0.46189343546215433)]
[(0, 0.35238745308056024), (4, 0.3305609589726422)]
[(4, 0.21441498006040444), (6, 0.51614660483995367)]
[(0, 0.28455036334197353), (6, 0.56291210034986705)]
[(0, 0.23100533253670699), (6, 0.5675684913995499)]
[(0, 0.247938130035878), (2, 0.34178417000109335), (6, 0.31761955882832726)]
[(2, 0.42672520877009895), (6, 0.26361468888329104)]
[(4, 0.47127421956783316), (6, 0.41256321411216235)]
[(4, 0.61206145283809321), (6, 0.22137293871404981)]
[(4, 0.4115075749299274), (6, 0.36697357431532918)]
[(4, 0.50967111645762364), (6, 0.37803169007031928)]
[(4, 0.3964265279037873), (6, 0.37753632564060552)]
[(4, 0.29260479418804169), (6, 0.55506696045322723)]
[(3, 0.23805352272090533), (4, 0.50867428852943475), (6, 0.20029916836860731)]
[(4, 0.47028688914998112), (6, 0.32953113954480606)]
[(3, 0.53428286589095308), (4, 0.33852642408247879)]
[(3, 0.27756542308792487), (6, 0.58592242677597173)]
[(6, 0.80460698606389158)]
[(6, 0.48654254485505438)]
[(2, 0.57429850478183431), (6, 0.32627976557963961)]
[(0, 0.46189133789002018)]
[(0, 0.35238847484190744), (4, 0.33056178428894095)]
[(4, 0.21441093309271697), (6, 0.51614664121057985)]
[(0, 0.28170540532409366), (6, 0.5628425043584947)]
[(0, 0.2310050922438919), (6, 0.56756550457114874)]
[(0, 0.24792498546373115), (2, 0.34181063569486858), (6, 0.31760787919272071)]
[(2, 0.42672684322476462), (6, 0.26361908425253705)]
[(4, 0.47127217546510353), (6, 0.41256238444389531)]
[(4, 0.61205842751991613), (6, 0.22138607926230106)]
[(4, 0.41151213250697105), (6, 0.36697376990341118)]
[(4, 0.50967559559092401), (6, 0.37803892879036621)]
[(4, 0.39641305260902315), (6, 0.37754888043592721)]
[(4, 0.29259509030184105), (6, 0.55506220424318575)]
[(3, 0.23805902495368633), (4, 0.5086732284402149), (6, 0.20029502443455061)]
[(4, 0.47028745250746889), (6, 0.32953369190085036)]
[(3, 0.53428499328087231), (4, 0.33852404259891083)]
[(3, 0.27755737941913466), (6, 0.58592415651143936)]
[(6, 0.80461576183556716)]
[(6, 0.48653857172910153)]
[(2, 0.5742966320895333), (6, 0.32626592960547407)]
[(0, 0.46191512201243579)]
[(0, 0.35238310113574128), (4, 0.33055715989356521)]
[(4, 0.21440748312788818), (6, 0.5161453318427135)]
[(0, 0.28373775736043677), (6, 0.56289622068961365)]
[(0, 0.23100553434339058), (6, 0.56757115830890326)]
[(0, 0.2479274427756456), (2, 0.34180574243022699), (6, 0.3176099475893403)]
[(2, 0.4267296071671085), (6, 0.26362456682019464)]
[(4, 0.47127661868811838), (6, 0.41256418666416644)]
[(4, 0.61206107161961798), (6, 0.22137541182173168)]
[(4, 0.41150945796669031), (6, 0.36697356121076413)]
[(4, 0.50966615388360637), (6, 0.3780216549510414)]
[(4, 0.39640152806195667), (6, 0.37754754485345443)]
[(4, 0.29261587379960347), (6, 0.55507238209482723)]
[(3, 0.23804586446427983), (4, 0.50866914148184628), (6, 0.20031099533150235)]
[(4, 0.47028722388740318), (6, 0.32953276630508277)]
[(3, 0.53428493092416984), (4, 0.33852605259467872)]
[(3, 0.27752974443419598), (6, 0.5859300906124485)]
[(6, 0.80461877874272514)]
[(6, 0.48654403005462382)]
[(2, 0.57429552500781611), (6, 0.3262576331347653)]
[(0, 0.46191715290547514)]
[(0, 0.35238464598664082), (4, 0.33055857461520888)]
[(4, 0.21440787376149997), (6, 0.51614571737024084)]
[(0, 0.28374468593355945), (6, 0.56289637065899967)]
[(0, 0.23100518002481246), (6, 0.56756530999902866)]
[(0, 0.24792514439114915), (2, 0.34181032960369029), (6, 0.31760793265207732)]
[(2, 0.42672990954202489), (6, 0.2636233910830168)]
[(4, 0.47127478480894469), (6, 0.41256344679947238)]
[(4, 0.61206036060466895), (6, 0.22137329768055061)]
[(4, 0.41150528073437237), (6, 0.36697285627826531)]
[(4, 0.50966669655930674), (6, 0.37802289859419852)]
[(4, 0.39639936865478814), (6, 0.37754755289172842)]
[(4, 0.29260693609125032), (6, 0.55506800602417639)]
[(3, 0.23806097359260892), (4, 0.50867264756244901), (6, 0.20029379229152119)]
[(4, 0.47028817347374297), (6, 0.32953434819676541)]
[(3, 0.53428306899807521), (4, 0.33852523425818848)]
[(3, 0.27752766676988067), (6, 0.58593044047542919)]
[(6, 0.80461420673783524)]
[(6, 0.48654294896569111)]
[(2, 0.57429651979878138), (6, 0.32626501386471379)]
[(0, 0.46191245564281258)]
[(0, 0.35238857438053633), (4, 0.33056233901885995)]
[(4, 0.21441362628188007), (6, 0.51614654326150766)]
[(0, 0.28418676239258917), (6, 0.56290542911538366)]
[(0, 0.23100559125150952), (6, 0.56757201011331648)]
[(0, 0.24792550375637606), (2, 0.34180963773009809), (6, 0.3176081917791948)]
[(2, 0.42672810547833684), (6, 0.26362111512425473)]
[(4, 0.4712630069986099), (6, 0.41255880802649902)]
[(4, 0.61207416029900985), (6, 0.22138372804019182)]
[(4, 0.41151343276238178), (6, 0.36697407604541027)]
[(4, 0.50968452746356241), (6, 0.37805044426023954)]
[(4, 0.39642161926115954), (6, 0.37753173340796675)]
[(4, 0.29259954717609854), (6, 0.55506437734975311)]
[(3, 0.23805878822723786), (4, 0.50866878899431378), (6, 0.20029662664754191)]
[(4, 0.47028822929325165), (6, 0.32953444035330692)]
[(3, 0.53428561755843973), (4, 0.33853272134162227)]
[(3, 0.27755800339267056), (6, 0.58592402721976145)]
[(6, 0.80461442558339402)]
[(6, 0.48654355422848672)]
[(2, 0.57429811110160744), (6, 0.32627685125690398)]
[(0, 0.46189714949464789)]
[(0, 0.35238933148106844), (4, 0.33056264373515853)]
[(4, 0.21441029345192428), (6, 0.51614557705758424)]
[(0, 0.28263394043395423), (6, 0.56286935880843092)]
[(0, 0.23100513118219618), (6, 0.56756631730203844)]
[(0, 0.24792710785397792), (2, 0.34180641265703143), (6, 0.31760962762892048)]
[(2, 0.42673270276026093), (6, 0.26363303940931587)]
[(4, 0.47126155359584798), (6, 0.41255827417564916)]
[(4, 0.61205734209328155), (6, 0.22137861458394781)]
[(4, 0.41150510191053818), (6, 0.36697351955879376)]
[(4, 0.50968119331701223), (6, 0.37804649240513721)]
[(4, 0.39645737996628694), (6, 0.37753552381708794)]
[(4, 0.29259711225278129), (6, 0.55506319686926753)]
[(3, 0.23805110252765158), (4, 0.50867181172780462), (6, 0.20030621367823465)]
[(4, 0.47028731417039504), (6, 0.32953271260450651)]
[(3, 0.53428594368905991), (4, 0.33852708485458388)]
[(3, 0.27753748308181947), (6, 0.58592841400726003)]
[(6, 0.80462297789858073)]
[(6, 0.48653621077268761)]
[(2, 0.57429826579491783), (6, 0.32627800380797467)]
[(0, 0.46189037595842153)]
[(0, 0.35238525236796597), (4, 0.33055879422765461)]
[(4, 0.2144086620603699), (6, 0.51614569157957835)]
[(0, 0.2825321741772106), (6, 0.56286659784496273)]
[(0, 0.2310054015830994), (6, 0.56756941513642056)]
[(0, 0.24792884930095291), (2, 0.34180289643604139), (6, 0.31761120210694366)]
[(2, 0.42672643008036754), (6, 0.26361745219775429)]
[(4, 0.47127422158534565), (6, 0.41256320706395061)]
[(4, 0.6120757877519446), (6, 0.22138544632845344)]
[(4, 0.41150538451527924), (6, 0.36697356983142604)]
[(4, 0.50967321740409577), (6, 0.37803524962594087)]
[(4, 0.39645022277935282), (6, 0.37753727962165495)]
[(4, 0.2925754640516135), (6, 0.55505249730424522)]
[(3, 0.23806063447644737), (4, 0.50867319099123898), (6, 0.20029491243198455)]
[(4, 0.47028756078234357), (6, 0.32953300549189607)]
[(3, 0.53428233542954673), (4, 0.33852154749515079)]
[(3, 0.2775599027801392), (6, 0.58592361174697938)]
[(6, 0.8046178355366026)]
[(6, 0.48653298396013273)]
[(2, 0.57429566616139716), (6, 0.32625867366820988)]
[(0, 0.46189788413634175)]
[(0, 0.35238350396977386), (4, 0.33055757131088792)]
[(4, 0.21440629690790361), (6, 0.51614590165585816)]
[(0, 0.28261256818331359), (6, 0.56286878279992858)]
[(0, 0.23100510159531687), (6, 0.56756374619720229)]
[(0, 0.24791654651949266), (2, 0.34182746803767888), (6, 0.31760032445713876)]
[(2, 0.42672247366543126), (6, 0.26360698674836458)]
[(4, 0.47126891278599675), (6, 0.41256109050802114)]
[(4, 0.61206126065426048), (6, 0.22137802513074673)]
[(4, 0.41150725780434416), (6, 0.36697356626106592)]
[(4, 0.50967854656637401), (6, 0.37804308352508481)]
[(4, 0.39642090802163144), (6, 0.37754042885923017)]
[(4, 0.29258675450005767), (6, 0.55505811900703628)]
[(3, 0.23805821253885109), (4, 0.50867651019711635), (6, 0.20029749904382654)]
[(4, 0.47028775903144221), (6, 0.32953245025855898)]
[(3, 0.534283891966983), (4, 0.33852626893763788)]
[(3, 0.27756457478210395), (6, 0.5859226052548222)]
[(6, 0.80461918387343889)]
[(6, 0.48658990355117659)]
[(2, 0.5742941563075179), (6, 0.32624782262816621)]
[(0, 0.46189714519278557)]
[(0, 0.35238916351337007), (4, 0.33056247778983733)]
[(4, 0.21441207834879289), (6, 0.51614591905982576)]
[(0, 0.28344885474885628), (6, 0.56288975402773189)]
[(0, 0.23100513153276001), (6, 0.56756586039179002)]
[(0, 0.2479236716048214), (2, 0.3418133034192089), (6, 0.3176065274839035)]
[(2, 0.4267232678132612), (6, 0.26361013476153344)]
[(4, 0.47127000314077905), (6, 0.41256152877459923)]
[(4, 0.61206087583046043), (6, 0.22137424418192633)]
[(4, 0.41150642557546396), (6, 0.36697354224609852)]
[(4, 0.50967998004774351), (6, 0.37804496239767132)]
[(4, 0.39639422030931976), (6, 0.37753863584530734)]
[(4, 0.29259437793372972), (6, 0.55506184783282875)]
[(3, 0.23804303201530733), (4, 0.50866768700117826), (6, 0.2003163773298656)]
[(4, 0.47028837741931817), (6, 0.32953369994895126)]
[(3, 0.5342849757546646), (4, 0.33852619343189905)]
[(3, 0.27755732305152941), (6, 0.58592416165287653)]
[(6, 0.80462498829527063)]
[(6, 0.48654194197652717)]
[(2, 0.57429774126796829), (6, 0.32627409330252671)]
[(0, 0.46189304233287637)]
[(0, 0.35238396422768326), (4, 0.33055790753879333)]
[(4, 0.2144120265992242), (6, 0.51614542668360852)]
[(0, 0.28424377544622753), (6, 0.56290652265686691)]
[(0, 0.2310053653443189), (6, 0.5675676622797714)]
[(0, 0.24791189499321348), (2, 0.34183664932959018), (6, 0.31759631154592405)]
[(2, 0.42672769533900762), (6, 0.26361997403235499)]
[(4, 0.47126960985936911), (6, 0.41256137143030414)]
[(4, 0.61207700714562185), (6, 0.22138897871241861)]
[(4, 0.41150802240681184), (6, 0.36697365800422521)]
[(4, 0.5096757367137339), (6, 0.37803913795843552)]
[(4, 0.39644665737029727), (6, 0.37753420300763896)]
[(4, 0.29261663615215339), (6, 0.55507275986314897)]
[(3, 0.23804804901393786), (4, 0.50867268803297572), (6, 0.20030622565739073)]
[(4, 0.47028791828128486), (6, 0.32953437698699367)]
[(3, 0.53428574469613599), (4, 0.33852401070914989)]
[(3, 0.2775525748486446), (6, 0.58592517993881821)]
[(6, 0.80462123780599981)]
[(6, 0.48654166490457779)]
[(2, 0.57429499013195018), (6, 0.32625385748338703)]
[(0, 0.461905590834708)]
[(0, 0.35238570277465164), (4, 0.33056089677625988)]
[(4, 0.21441128545275179), (6, 0.51614580077014671)]
[(0, 0.28317501198180356), (6, 0.56288324804961032)]
[(0, 0.23100522881001259), (6, 0.56756700146188754)]
[(0, 0.24791037041632452), (2, 0.34183964570746089), (6, 0.31759500182658901)]
[(2, 0.42672738904133078), (6, 0.26361928089352349)]
[(4, 0.47126282289039412), (6, 0.41255875411758541)]
[(4, 0.612084585336934), (6, 0.22138189782187678)]
[(4, 0.41151363683639547), (6, 0.36697408710193258)]
[(4, 0.50966932979210766), (6, 0.37802838021113211)]
[(4, 0.3964802884728551), (6, 0.37753425994711926)]
[(4, 0.29260524038058439), (6, 0.55506717280649409)]
[(3, 0.23805847861191515), (4, 0.5086699473942079), (6, 0.20029788464715398)]
[(4, 0.4702871325494436), (6, 0.32953103805782397)]
[(3, 0.53428495323244285), (4, 0.33852619102547937)]
[(3, 0.27754817792038672), (6, 0.58592613787607695)]
[(6, 0.8046241615406412)]
[(6, 0.48653929086927311)]
[(2, 0.57429526026144762), (6, 0.32625597310165111)]
[(0, 0.46190176133337979)]
[(0, 0.3523904121158013), (4, 0.33056366372702967)]
[(4, 0.21440145125881685), (6, 0.51614446566130345)]
[(0, 0.28295136190726944), (6, 0.56287767059741234)]
[(0, 0.23100540897066127), (6, 0.56756986883963201)]
[(0, 0.24791051810251763), (2, 0.34183935781860175), (6, 0.31759510590689166)]
[(2, 0.42672598134027201), (6, 0.26361634004404927)]
[(4, 0.47127313630990586), (6, 0.41256277232908556)]
[(4, 0.61207501078792081), (6, 0.22137855589022318)]
[(4, 0.41150548018388683), (6, 0.36697347280781117)]
[(4, 0.50967304920934375), (6, 0.37803497580294365)]
[(4, 0.39647642592395255), (6, 0.37753087186271261)]
[(4, 0.2926035823407232), (6, 0.55506636193082504)]
[(3, 0.23804728534892056), (4, 0.50867032076519381), (6, 0.20031205209170586)]
[(4, 0.47028788768778196), (6, 0.32953323412829255)]
[(3, 0.53428380074949056), (4, 0.33852182711620249)]
[(3, 0.27756252591697511), (6, 0.58592303802476964)]
[(6, 0.8046269604157269)]
[(6, 0.486580721840147)]
[(2, 0.57429838130688637), (6, 0.32627895896936632)]
[(0, 0.4619161814915046)]
[(0, 0.35238860255268201), (4, 0.33056196317540937)]
[(4, 0.21440776044158336), (6, 0.51614540058716218)]
[(0, 0.28462637101885924), (6, 0.56291340259673572)]
[(0, 0.23100533862023423), (6, 0.56756819870713027)]
[(0, 0.24792634018506507), (2, 0.34180794571414258), (6, 0.31760905069919504)]
[(2, 0.42672470402103557), (6, 0.26361422443300714)]
[(4, 0.47127013790771755), (6, 0.41256157422964956)]
[(4, 0.61208229951781568), (6, 0.22138317058679829)]
[(4, 0.41151226289138187), (6, 0.366973902614326)]
[(4, 0.50966715543312757), (6, 0.37802391275090541)]
[(4, 0.39642332827679505), (6, 0.37752403048412098)]
[(4, 0.29259054815111013), (6, 0.55505997188850231)]
[(3, 0.23805053048339264), (4, 0.50866938408581786), (6, 0.20030803540546502)]
[(4, 0.47028834717974721), (6, 0.32953399387036841)]
[(3, 0.53428583487707881), (4, 0.33852810072948614)]
[(3, 0.27753640032018556), (6, 0.58592865266913263)]
[(6, 0.80461657284129828)]
[(6, 0.48658614132703215)]
[(2, 0.57429815153337926), (6, 0.32627714471256797)]
[(0, 0.46190540193959245)]
[(0, 0.35239049302328845), (4, 0.3305637350693133)]
[(4, 0.21440559994575251), (6, 0.51614636357141142)]
[(0, 0.28439829710676906), (6, 0.56290939826290576)]
[(0, 0.23100521759697873), (6, 0.56756596304136664)]
[(0, 0.247924683924971), (2, 0.34181123100803235), (6, 0.31760765488977849)]
[(2, 0.42672113638207715), (6, 0.26360502011939507)]
[(4, 0.47127233170775346), (6, 0.41256244870000713)]
[(4, 0.6120786632286177), (6, 0.22138145305442944)]
[(4, 0.41151321269100377), (6, 0.36697403041384402)]
[(4, 0.50966766680640507), (6, 0.37802501245434361)]
[(4, 0.39639636151767799), (6, 0.3775446290177803)]
[(4, 0.29261637835762683), (6, 0.55507264162996495)]
[(3, 0.23805892106321486), (4, 0.50867178706884608), (6, 0.20029506946506404)]
[(4, 0.47028780018304933), (6, 0.32953294206363226)]
[(3, 0.53428516049537045), (4, 0.33853033434005764)]
[(3, 0.27753322207123743), (6, 0.5859293497964817)]
[(6, 0.80461221542472294)]
[(6, 0.48654386657905008)]
[(2, 0.57429728312341777), (6, 0.32627151398605592)]
[(0, 0.4619164713917252)]
[(0, 0.35238517443683648), (4, 0.33055908727294303)]
[(4, 0.21440600953499769), (6, 0.51614550736750409)]
[(0, 0.28303427355411681), (6, 0.56287976554336561)]
[(0, 0.23100517103023349), (6, 0.56756575407078369)]
[(0, 0.24792110206007337), (2, 0.34181842482474722), (6, 0.31760427202341723)]
[(2, 0.42672206261812001), (6, 0.26360822443438903)]
[(4, 0.47126586002368698), (6, 0.41255989537268589)]
[(4, 0.61206328322447523), (6, 0.2213776487374006)]
[(4, 0.41151029663750205), (6, 0.36697383041034337)]
[(4, 0.50967830853249452), (6, 0.37804276274399423)]
[(4, 0.3964004935973558), (6, 0.37753986689704516)]
[(4, 0.29252960113363308), (6, 0.55503002907099208)]
[(3, 0.23805201993933134), (4, 0.50867441165058025), (6, 0.20030076057173302)]
[(4, 0.4702873644360846), (6, 0.3295312716706767)]
[(3, 0.5342844676693963), (4, 0.33852560345252541)]
[(3, 0.27756201137018355), (6, 0.58592315202873491)]
[(6, 0.80461361791649755)]
[(6, 0.48654375118436394)]
[(2, 0.57429408942904969), (6, 0.3262518470593555)]
[(0, 0.46188991925095285)]
[(0, 0.35238537026635569), (4, 0.33055924451646662)]
[(4, 0.2144056179199352), (6, 0.51614415009014392)]
[(0, 0.28431616451010872), (6, 0.56290788593132834)]
[(0, 0.23100538760723613), (6, 0.56756826173275488)]
[(0, 0.24792878315743622), (2, 0.3418030244442104), (6, 0.31761126450546795)]
[(2, 0.4267223061123987), (6, 0.2636077233890729)]
[(4, 0.47127403528407452), (6, 0.41256314439027075)]
[(4, 0.61207683165051552), (6, 0.22138860053667556)]
[(4, 0.41150505307860652), (6, 0.36697345094524703)]
[(4, 0.50968777550377165), (6, 0.37805399444670329)]
[(4, 0.39643827097308826), (6, 0.37753851412779788)]
[(4, 0.2926247954184667), (6, 0.55507676487974034)]
[(3, 0.23805884148690815), (4, 0.50867241915630268), (6, 0.20029617263343183)]
[(4, 0.47028739884291249), (6, 0.32953190215942751)]
[(3, 0.53428417571332321), (4, 0.3385235598609509)]
[(3, 0.27754641909416156), (6, 0.58592651578330157)]
[(6, 0.80462334336605879)]
[(6, 0.48653919518214972)]
[(2, 0.57429696818263487), (6, 0.32627970701346892)]
[(0, 0.46191590496902385)]
[(0, 0.35238639755662526), (4, 0.33055991448808081)]
[(4, 0.21440978781697645), (6, 0.51614650944809071)]
[(0, 0.28321646478316986), (6, 0.56288425596180514)]
[(0, 0.23100578437975636), (6, 0.56757459589864889)]
[(0, 0.24792166094873325), (2, 0.34181728328464356), (6, 0.31760490261300933)]
[(2, 0.42672827004962061), (6, 0.26362172442708537)]
[(4, 0.47127367075896809), (6, 0.41256298715020134)]
[(4, 0.61206300855632534), (6, 0.22137628642250584)]
[(4, 0.41150724690466245), (6, 0.36697354236675178)]
[(4, 0.50966527708918052), (6, 0.3780195498759823)]
[(4, 0.39642366581722455), (6, 0.377542743237679)]
[(4, 0.29262119206359721), (6, 0.55507499069389321)]
[(3, 0.23805530012260764), (4, 0.50866973953534511), (6, 0.20030181493805158)]
[(4, 0.47028702040008658), (6, 0.32953187260933958)]
[(3, 0.534285514632033), (4, 0.33852816559299737)]
[(3, 0.2775554955644941), (6, 0.58592456240430901)]
[(6, 0.80462127150787865)]
[(6, 0.48654514665045906)]
[(2, 0.57429732099822772), (6, 0.32627097261529869)]
[(0, 0.46191584959088294)]
[(0, 0.35238301616174866), (4, 0.33055719274269374)]
[(4, 0.21441184945668287), (6, 0.51614673794548793)]
[(0, 0.2842009765364395), (6, 0.56290570337810486)]
[(0, 0.23100544358979738), (6, 0.56757004517127108)]
[(0, 0.2479289404559763), (2, 0.34180273109466197), (6, 0.31761129631438245)]
[(2, 0.42672347461037824), (6, 0.26361114402782104)]
[(4, 0.47126161906360714), (6, 0.41255828997916344)]
[(4, 0.61207058144391779), (6, 0.22137820638098174)]
[(4, 0.41151065833887179), (6, 0.36697384029311436)]
[(4, 0.50968059423739198), (6, 0.37804574334616037)]
[(4, 0.39641729147316523), (6, 0.37753551771027111)]
[(4, 0.29260731310612792), (6, 0.55506819341385816)]
[(3, 0.23805401564487857), (4, 0.50867257952284772), (6, 0.20030013958646037)]
[(4, 0.47028697325478086), (6, 0.32953171692803584)]
[(3, 0.53428422962876831), (4, 0.33852417843121535)]
[(3, 0.2775299699578509), (6, 0.58593007073213565)]
[(6, 0.80460973277390957)]
[(6, 0.48653624514379318)]
[(2, 0.57429475304219912), (6, 0.32625202382992669)]
[(0, 0.46191759290457679)]
[(0, 0.35238804239515797), (4, 0.3305616921879338)]
[(4, 0.21440940985100213), (6, 0.51614478179642043)]
[(0, 0.28485043496759577), (6, 0.56291705008927184)]
[(0, 0.23100538634110049), (6, 0.56756846732428357)]
[(0, 0.24793656739652364), (2, 0.34178734146664175), (6, 0.31761810581329042)]
[(2, 0.42672564130600416), (6, 0.26361597572410328)]
[(4, 0.47127485649150785), (6, 0.41256347541942551)]
[(4, 0.612062923571418), (6, 0.22138753361264876)]
[(4, 0.41150698245458034), (6, 0.36697359476147806)]
[(4, 0.50968392355535386), (6, 0.37804975309966571)]
[(4, 0.39644873021327776), (6, 0.37754118712071988)]
[(4, 0.29252703763644261), (6, 0.55502880991370129)]
[(3, 0.2380433545663958), (4, 0.50866789152109992), (6, 0.2003148828635691)]
[(4, 0.47028753321506711), (6, 0.32953170942258198)]
[(3, 0.53428300168514686), (4, 0.33852875927522358)]
[(3, 0.277525669232356), (6, 0.58593098978199809)]
[(6, 0.80462263738458983)]
[(6, 0.48653914348857724)]
[(2, 0.57429770977676564), (6, 0.32627395023710543)]
[(0, 0.46188777178771007)]
[(0, 0.35238196939808009), (4, 0.33055658430123874)]
[(4, 0.21441328207912225), (6, 0.51614504172146081)]
[(0, 0.28346160341522814), (6, 0.5628900480805159)]
[(0, 0.23100518386168667), (6, 0.56756570654429073)]
[(0, 0.24791310933394936), (2, 0.34183425100453024), (6, 0.31759741798038632)]
[(2, 0.42672930239376988), (6, 0.26362480155841372)]
[(4, 0.47126521929368498), (6, 0.41255966423497287)]
[(4, 0.61206673563207692), (6, 0.22137552363895438)]
[(4, 0.41150751955503795), (6, 0.36697354986972947)]
[(4, 0.50968110207422057), (6, 0.37804637901099647)]
[(4, 0.39646214337514313), (6, 0.37753591401836617)]
[(4, 0.29260786347013351), (6, 0.55506845693563134)]
[(3, 0.23804970425908342), (4, 0.50867401663111744), (6, 0.20030398540604741)]
[(4, 0.4702875537505995), (6, 0.32953242272268474)]
[(3, 0.53428648152720137), (4, 0.33852753292905025)]
[(3, 0.27755174301051366), (6, 0.58592536524940275)]
[(6, 0.80461264158576162)]
[(6, 0.48653674413391756)]
[(2, 0.57429639116857401), (6, 0.32626431310618315)]
[(0, 0.46188994271764244)]
[(0, 0.35238430833136802), (4, 0.33055831189562929)]
[(4, 0.21440857289585691), (6, 0.51614496775740804)]
[(0, 0.28305412919411255), (6, 0.56288026249166945)]
[(0, 0.23100544817465343), (6, 0.56756953443692726)]
[(0, 0.24793621861527884), (2, 0.34178804424187642), (6, 0.31761800859011852)]
[(2, 0.42672430301344211), (6, 0.26361392515106891)]
[(4, 0.47127158196984825), (6, 0.41256214778311762)]
[(4, 0.61206373095842848), (6, 0.22137590317355271)]
[(4, 0.41150492401954597), (6, 0.36697352748796663)]
[(4, 0.50968492351319516), (6, 0.37805089241270551)]
[(4, 0.39642588320476357), (6, 0.37752209567004891)]
[(4, 0.29255477698364224), (6, 0.55504245063971269)]
[(3, 0.23805463952009445), (4, 0.50867337787136147), (6, 0.20029937819407595)]
[(4, 0.47028709541672076), (6, 0.32953166208060558)]
[(3, 0.53428449810457401), (4, 0.33852167551067514)]
[(3, 0.2775291776288249), (6, 0.58593023134075706)]
[(6, 0.80461961428479067)]
[(6, 0.48659137017461301)]
[(2, 0.5742962398415522), (6, 0.32626319079737282)]
[(0, 0.46191776730960921)]
[(0, 0.3523883151544896), (4, 0.33056177377831725)]
[(4, 0.2144060422609585), (6, 0.51614554022941905)]
[(0, 0.28563202236252977), (6, 0.56292741515645206)]
[(0, 0.23100517292980319), (6, 0.5675653802496855)]
[(0, 0.24792152409393062), (2, 0.34181753450647295), (6, 0.31760501082252446)]
[(2, 0.42672479958271337), (6, 0.26361314724199686)]
[(4, 0.47126060699394062), (6, 0.41255791332179403)]
[(4, 0.61208000518706496), (6, 0.22138383453540222)]
[(4, 0.41151372030598976), (6, 0.36697408354873079)]
[(4, 0.50968526669082281), (6, 0.3780512764190167)]
[(4, 0.39644016794715797), (6, 0.37754275145745153)]
[(4, 0.29253601582221267), (6, 0.55503321139696449)]
[(3, 0.23806200502288299), (4, 0.50867265577926135), (6, 0.20029207472770025)]
[(4, 0.47028768313431302), (6, 0.32953342585227807)]
[(3, 0.5342850852617641), (4, 0.33852477584782481)]
[(3, 0.27756880024279385), (6, 0.58592170837108348)]
[(6, 0.80462734640346523)]
[(6, 0.4865450774953049)]
[(2, 0.57429616141438877), (6, 0.32626579563357194)]
[(0, 0.46190889455241624)]
[(0, 0.35238253694463395), (4, 0.33055663651972306)]
[(4, 0.21440623990997482), (6, 0.51614553113216988)]
[(0, 0.2831756380522768), (6, 0.56288326333293359)]
[(0, 0.23100530170705169), (6, 0.56756627810873572)]
[(0, 0.24793335565246141), (2, 0.34179382778694878), (6, 0.31761521408489229)]
[(2, 0.42672277165382683), (6, 0.26360891590161034)]
[(4, 0.47126081982085344), (6, 0.41255799249175523)]
[(4, 0.6120631228613439), (6, 0.22137263065204751)]
[(4, 0.4115071338810391), (6, 0.36697359447047323)]
[(4, 0.50967939570615539), (6, 0.37804420585283577)]
[(4, 0.39642443358025903), (6, 0.37753351913121069)]
[(4, 0.2925090545340841), (6, 0.55501998909808403)]
[(3, 0.23805285320424768), (4, 0.50867402408041906), (6, 0.20030187479173855)]
[(4, 0.47028709949275449), (6, 0.32953153839360572)]
[(4, 0.57142837942821967)]
