[(2, 0.57142854912866392)]
[(3, 0.35255995600844509), (6, 0.34817412979948947)]
[(6, 0.85340895859325983)]
[(2, 0.46209469851159085), (6, 0.33571614199260197)]
[(0, 0.26420860179468486), (4, 0.26928972485917962), (6, 0.26838545567159433)]
[(0, 0.28799749397938662), (6, 0.48884207738686269)]
[(4, 0.42365463250518859), (6, 0.27028334715303104)]
[(3, 0.21345196868157029), (4, 0.32831433708253538), (5, 0.21975707858534674)]
[(6, 0.64986282644242832)]
[(3, 0.3681546997421114), (6, 0.32320826556345678)]
[(3, 0.53940681592987139), (6, 0.20521949758332964)]
[(3, 0.72355429351673339)]
[(6, 0.44214163123241834)]
[(1, 0.56072354500777433)]
[(1, 0.42283825374426753), (3, 0.26583690927306153)]
[(1, 0.48956677903734513)]
[(1, 0.49489474607423006), (6, 0.23667523353144279)]
[(1, 0.44812213859136257)]
[(1, 0.2286038829827379), (3, 0.21668020077504657), (5, 0.3057430281402671)]
[(5, 0.56803206920416927)]
[(5, 0.38330574943097712), (6, 0.23067937066765823)]
[(3, 0.35256356484028079), (6, 0.34817278340224989)]
[(6, 0.85340734024358811)]
[(2, 0.46209290479138737), (6, 0.33571193216770878)]
[(0, 0.26420986673195945), (4, 0.26929267770290166), (6, 0.26838754985876462)]
[(0, 0.28799693554122519), (6, 0.4888399958678985)]
[(4, 0.42365260491801626), (6, 0.27028475184247236)]
[(3, 0.21345218334857519), (4, 0.32831430891581526), (5, 0.21975724501901631)]
[(6, 0.64986105369470426)]
[(3, 0.36815367846485841), (6, 0.32320749512197028)]
[(3, 0.53940555778647314), (6, 0.20521905748239547)]
[(3, 0.72353344848879941)]
[(6, 0.44214563321103961)]
[(1, 0.56072408387918959)]
[(1, 0.4228463091549115), (3, 0.26582913978453254)]
[(1, 0.48949494586146058)]
[(1, 0.49489430073796914), (6, 0.23667526260726968)]
[(1, 0.44807830254075942)]
[(1, 0.22859078559050244), (3, 0.21668559258736023), (5, 0.30577370908133805)]
[(5, 0.56801691568026069)]
[(5, 0.38330705175422519), (6, 0.23067918790596678)]
[(3, 0.35256811369517427), (6, 0.34817089219037384)]
[(6, 0.85340476483240424)]
[(2, 0.46209356896646664), (6, 0.3357123791531782)]
[(0, 0.26420937117031212), (4, 0.26929124098561008), (6, 0.26838670817486954)]
[(0, 0.28799660990095804), (6, 0.48883862810172307)]
[(4, 0.42365353419902957), (6, 0.27028408629946238)]
[(3, 0.21345208512102501), (4, 0.32831411390316984), (5, 0.21975648181246737)]
[(6, 0.64985987402530776)]
[(3, 0.36815462503581742), (6, 0.3232082081653555)]
[(3, 0.53940456265709302), (6, 0.20521863210436936)]
[(3, 0.72355614814507796)]
[(6, 0.4421419040072419)]
[(1, 0.56072453783742404)]
[(1, 0.42282952913062694), (3, 0.26584567023592104)]
[(1, 0.48956240442901977)]
[(1, 0.49490688335994143), (6, 0.23667622328801163)]
[(1, 0.44812225252423171)]
[(1, 0.22859385547614292), (3, 0.21668370175354018), (5, 0.3057749617798603)]
[(5, 0.56802096608197372)]
[(5, 0.38330573609054142), (6, 0.23067937291983351)]
[(3, 0.35256550009859511), (6, 0.34817188423428241)]
[(6, 0.85340475398216176)]
[(2, 0.4620942032136055), (6, 0.33571244917494358)]
[(0, 0.26420981051250081), (4, 0.26929227723147586), (6, 0.26838735047301188)]
[(0, 0.2879969024519265), (6, 0.48883995957989579)]
[(4, 0.42365535697682882), (6, 0.27028290449945591)]
[(3, 0.21345107638394428), (4, 0.32831429025360925), (5, 0.21975665247711429)]
[(6, 0.64985445820754917)]
[(3, 0.36815505654323105), (6, 0.32320853153061851)]
[(3, 0.53940137642876318), (6, 0.20521750308064882)]
[(3, 0.72353758567073212)]
[(6, 0.44214239244901155)]
[(1, 0.56072377502870896)]
[(1, 0.42284462516921711), (3, 0.26583062345079572)]
[(1, 0.4894943159390473)]
[(1, 0.49490130969797252), (6, 0.23667578053133653)]
[(1, 0.44808911337029433)]
[(1, 0.22860096998613572), (3, 0.21668121527821493), (5, 0.30577817647778399)]
[(5, 0.56802430861652653)]
[(5, 0.38331270237333792), (6, 0.23067923419115721)]
[(3, 0.35256360645094958), (6, 0.34817262354638895)]
[(6, 0.85340465337099447)]
[(2, 0.46209405558808142), (6, 0.33571245268017286)]
[(0, 0.26420879649856693), (4, 0.26928949520630752), (6, 0.26838572509217401)]
[(0, 0.28799683415541516), (6, 0.48883959656128717)]
[(4, 0.42365333519029991), (6, 0.27028422635650623)]
[(3, 0.21345131004106496), (4, 0.32831445917803276), (5, 0.21975725368433116)]
[(6, 0.64985976818484881)]
[(3, 0.36815511059307632), (6, 0.32320857326866431)]
[(3, 0.53940890947251308), (6, 0.20522024577806949)]
[(3, 0.72353527369494364)]
[(6, 0.44214288606189167)]
[(1, 0.56072474095200664)]
[(1, 0.42284560323799553), (3, 0.26582979639804288)]
[(1, 0.4895042627936681)]
[(1, 0.49489927822578328), (6, 0.236675583486955)]
[(1, 0.44811668437538466)]
[(1, 0.22859967154920602), (3, 0.21668242411489128), (5, 0.30577139548469573)]
[(5, 0.56802669812483497)]
[(5, 0.38331204113028972), (6, 0.23067913645578325)]
[(3, 0.35255872670210975), (6, 0.34817473596699561)]
[(6, 0.85340601791463522)]
[(2, 0.46209337641706949), (6, 0.33571484608010832)]
[(0, 0.26420941629322781), (4, 0.26929001812573733), (6, 0.26838653857012718)]
[(0, 0.28799764106030212), (6, 0.48884304637341608)]
[(4, 0.42365550667417762), (6, 0.27028281938216925)]
[(3, 0.21345164444871476), (4, 0.32831428636234755), (5, 0.21975693508020766)]
[(6, 0.64986200012977158)]
[(3, 0.36815314760630158), (6, 0.3232070641915743)]
[(3, 0.53940435052216806), (6, 0.20521857193845008)]
[(3, 0.72351772902816958)]
[(6, 0.4421433480465094)]
[(1, 0.56072394196690445)]
[(1, 0.42283074729032233), (3, 0.26584449732114379)]
[(1, 0.4894978371588608)]
[(1, 0.49489869991783936), (6, 0.23667556434700063)]
[(1, 0.44810943358458788)]
[(1, 0.22859530599852118), (3, 0.21668546824621188), (5, 0.30577548531020582)]
[(5, 0.56810037654846468)]
[(5, 0.38330684410483346), (6, 0.23067922987346715)]
[(3, 0.35256466195227104), (6, 0.34817207693948771)]
[(6, 0.85340991586129333)]
[(2, 0.4620946094143541), (6, 0.33571499283770961)]
[(0, 0.26420949799021587), (4, 0.26929047586703736), (6, 0.26838676212084889)]
[(0, 0.28799757708703355), (6, 0.4888427480830399)]
[(4, 0.42365521791971894), (6, 0.2702829857378175)]
[(3, 0.21345144679076564), (4, 0.32831414975744799), (5, 0.21975644936108468)]
[(6, 0.64985691064900908)]
[(3, 0.36815001995044477), (6, 0.32320471613655022)]
[(3, 0.53940952523825159), (6, 0.20522046300277738)]
[(3, 0.72355056896020598)]
[(6, 0.44214103263869309)]
[(1, 0.56072458366453748)]
[(1, 0.4228307244177088), (3, 0.26584444086554798)]
[(1, 0.48955718109223462)]
[(1, 0.49490013391126192), (6, 0.23667566927800632)]
[(1, 0.44811094553389824)]
[(1, 0.2285938790875994), (3, 0.21668445140170267), (5, 0.30577375509656496)]
[(5, 0.56802320839466558)]
[(5, 0.38330624013500519), (6, 0.23067930294435623)]
[(3, 0.35256426621769338), (6, 0.34817229444158054)]
[(6, 0.85341017535124908)]
[(2, 0.46209327409587547), (6, 0.33571317029580722)]
[(0, 0.26420978907253279), (4, 0.26929213995661067), (6, 0.26838720389009418)]
[(0, 0.28799729743544628), (6, 0.48884140238227003)]
[(4, 0.42365384428975478), (6, 0.2702838713281917)]
[(3, 0.21345204338265389), (4, 0.32831428745845775), (5, 0.2197569350020627)]
[(6, 0.6498684401003223)]
[(3, 0.36815500817227975), (6, 0.32320849392725659)]
[(3, 0.53940865502795798), (6, 0.20522016285743008)]
[(3, 0.72355628455040877)]
[(6, 0.44214394384256139)]
[(1, 0.56072439631943205)]
[(1, 0.42284389743772993), (3, 0.26583149928583555)]
[(1, 0.48954972473075797)]
[(1, 0.49489794039351859), (6, 0.23667547935179051)]
[(1, 0.44811744008444998)]
[(1, 0.22859433763021691), (3, 0.21668440361856697), (5, 0.30577800705767921)]
[(5, 0.56803481273704626)]
[(5, 0.38331225914541212), (6, 0.23067914105164108)]
[(3, 0.35256528600154935), (6, 0.34817194472538199)]
[(6, 0.85340766848136973)]
[(2, 0.46209325240765686), (6, 0.33571353850161861)]
[(0, 0.26420903497128517), (4, 0.26928945178062624), (6, 0.26838604102221492)]
[(0, 0.28799666857492917), (6, 0.48883861805285844)]
[(4, 0.4236544747823674), (6, 0.27028344905128215)]
[(3, 0.21345238752682624), (4, 0.32831414999335801), (5, 0.21975687540083874)]
[(6, 0.64986605061824165)]
[(3, 0.36815643707413359), (6, 0.323209573324581)]
[(3, 0.53940784224478378), (6, 0.20521986634203968)]
[(3, 0.72353814386084303)]
[(6, 0.44214210700241136)]
[(1, 0.56072133569788485)]
[(1, 0.42282830171926644), (3, 0.26584692384797909)]
[(1, 0.48953782763517256)]
[(1, 0.49490121582365509), (6, 0.23667575213913888)]
[(1, 0.44811140070196337)]
[(1, 0.22859112134646875), (3, 0.21668681044670249), (5, 0.30577766904003167)]
[(5, 0.56808745725570275)]
[(5, 0.38330735437672875), (6, 0.23067920623923352)]
[(3, 0.35256772859475716), (6, 0.34817097215166937)]
[(6, 0.85340358854658116)]
[(2, 0.46209412593996729), (6, 0.33571659483028921)]
[(0, 0.26420888596651743), (4, 0.26928984811482337), (6, 0.26838593123299154)]
[(0, 0.28799715258906533), (6, 0.48884090731776447)]
[(4, 0.42365311390413674), (6, 0.27028438380059816)]
[(3, 0.21345131061489331), (4, 0.32831413722783076), (5, 0.2197563496662561)]
[(6, 0.64985770159891021)]
[(3, 0.36815222582267065), (6, 0.32320639776193949)]
[(3, 0.53940551153089922), (6, 0.20521904871866545)]
[(3, 0.72355059729689997)]
[(6, 0.44214372403985686)]
[(1, 0.56072367666117084)]
[(1, 0.42284310466570424), (3, 0.26583226980464647)]
[(1, 0.48953545749625066)]
[(1, 0.49489835405108012), (6, 0.23667552286282234)]
[(1, 0.44808544093239766)]
[(1, 0.22859885502830934), (3, 0.21668435018989354), (5, 0.30577554889098307)]
[(5, 0.5680338234886112)]
[(5, 0.38330813787748769), (6, 0.23067913614907587)]
[(3, 0.35256907125509568), (6, 0.34817043373701878)]
[(6, 0.8534022830076291)]
[(2, 0.46209231680256996), (6, 0.3357147216493136)]
[(0, 0.26420861685471192), (4, 0.26929012341257597), (6, 0.26838518274177109)]
[(0, 0.28799706115790247), (6, 0.48884050480861196)]
[(4, 0.42365501475529033), (6, 0.27028310785104165)]
[(3, 0.21345181947423381), (4, 0.32831414507698559), (5, 0.21975656479251662)]
[(6, 0.64986122281187209)]
[(3, 0.36815326151123035), (6, 0.32320717500329027)]
[(3, 0.53940811302477965), (6, 0.20521996991188354)]
[(3, 0.72351650902941123)]
[(6, 0.4421427931780903)]
[(1, 0.56072501251786122)]
[(1, 0.42283003820412129), (3, 0.26584516471031094)]
[(1, 0.48949664675326304)]
[(1, 0.49489916849729459), (6, 0.23667561391664402)]
[(1, 0.44811930071772721)]
[(1, 0.22859337681884265), (3, 0.21668401868730658), (5, 0.30577078752330633)]
[(5, 0.5680382666594268)]
[(5, 0.38330508015433706), (6, 0.23067946258169375)]
[(3, 0.3525671333770522), (6, 0.34817130577369199)]
[(6, 0.85340715467108696)]
[(2, 0.46209385472021136), (6, 0.33571514806572877)]
[(0, 0.26420926074869233), (4, 0.26929047781041077), (6, 0.26838652298988008)]
[(0, 0.28799681670605698), (6, 0.48883949802554855)]
[(4, 0.42365252204883996), (6, 0.27028481245227043)]
[(3, 0.21345162851022761), (4, 0.3283142696973953), (5, 0.21975691009556142)]
[(6, 0.64985795560326143)]
[(3, 0.36815493297080704), (6, 0.3232084411483559)]
[(3, 0.53940786564333265), (6, 0.20521987198848593)]
[(3, 0.72354037378188973)]
[(6, 0.44214256480309122)]
[(1, 0.56072402993818116)]
[(1, 0.42283344023277669), (3, 0.26584173308701081)]
[(1, 0.48952915433715716)]
[(1, 0.49490610059215717), (6, 0.23667612306452351)]
[(1, 0.44810933396514807)]
[(1, 0.22860173916249465), (3, 0.21668055724819621), (5, 0.30578143403375962)]
[(5, 0.56802168711030721)]
[(5, 0.38331224783620821), (6, 0.23067914678717696)]
[(3, 0.3525685600723884), (6, 0.34817078611611058)]
[(6, 0.85340364131396773)]
[(2, 0.46209426776128093), (6, 0.33571487749576839)]
[(0, 0.26420978510607818), (4, 0.26929288507680471), (6, 0.26838749096566056)]
[(0, 0.28799680012086204), (6, 0.48883942834055932)]
[(4, 0.4236543570673158), (6, 0.27028352615891105)]
[(3, 0.21345108983168234), (4, 0.32831396886590408), (5, 0.21975578680704511)]
[(6, 0.64986788939833517)]
[(3, 0.36815460254558974), (6, 0.32320819250814148)]
[(3, 0.53940201476520699), (6, 0.20521775820937518)]
[(3, 0.72354910624170488)]
[(6, 0.44214249982269427)]
[(1, 0.56072421069995793)]
[(1, 0.42284596609691794), (3, 0.26582942178298891)]
[(1, 0.48956339503339136)]
[(1, 0.49488567311565312), (6, 0.23667463925078716)]
[(1, 0.44811214651048165)]
[(1, 0.22859302578772417), (3, 0.2166848861885475), (5, 0.30577905144585471)]
[(5, 0.56803386933064515)]
[(5, 0.38330845791614265), (6, 0.23067913967213458)]
[(3, 0.35256825914837853), (6, 0.34817084059055936)]
[(6, 0.85340862952311369)]
[(2, 0.46209277084922551), (6, 0.33571170033157821)]
[(0, 0.26420962586057961), (4, 0.26929180637677197), (6, 0.26838711399875659)]
[(0, 0.28799699923286204), (6, 0.48884026346278342)]
[(4, 0.42365540363763776), (6, 0.27028287769657472)]
[(3, 0.21345129026607609), (4, 0.32831422327891441), (5, 0.21975651043264877)]
[(6, 0.64985801055184533)]
[(3, 0.36815426169838444), (6, 0.32320793165542028)]
[(3, 0.53940813577320479), (6, 0.20521996026942943)]
[(3, 0.72353457230522611)]
[(6, 0.44214367198103877)]
[(1, 0.56072192703267798)]
[(1, 0.42283764508205085), (3, 0.26583758191294599)]
[(1, 0.48954564249561167)]
[(1, 0.49488407050858552), (6, 0.23667455182493008)]
[(1, 0.44811160127769256)]
[(1, 0.22859297349187097), (3, 0.21668699602196634), (5, 0.30577238113326566)]
[(5, 0.56803300046821814)]
[(5, 0.38331254606966714), (6, 0.23067919837114076)]
[(3, 0.35256802300036633), (6, 0.34817074957212468)]
[(6, 0.85340516503568598)]
[(2, 0.46209479786139424), (6, 0.33571668243495972)]
[(0, 0.26420790820407852), (4, 0.26928715003462489), (6, 0.26838383319470116)]
[(0, 0.28799689624741509), (6, 0.48883972858740471)]
[(4, 0.42365336233603068), (6, 0.27028420716038876)]
[(3, 0.21345130617745242), (4, 0.32831416511357475), (5, 0.21975625685418437)]
[(6, 0.64986595307732675)]
[(3, 0.36815584296994963), (6, 0.3232091246364413)]
[(3, 0.53940715538538997), (6, 0.20521960687221621)]
[(3, 0.72355032048741752)]
[(6, 0.44214345015457429)]
[(1, 0.56072304361453607)]
[(1, 0.42284643812628087), (3, 0.26582893079038822)]
[(1, 0.48956517215327328)]
[(1, 0.49489446447425733), (6, 0.23667520293571065)]
[(1, 0.44811772076087514)]
[(1, 0.2286039711626203), (3, 0.2166821417174756), (5, 0.30577388988738219)]
[(5, 0.56803499096885723)]
[(5, 0.38330667339592189), (6, 0.23067924978642143)]
[(3, 0.3525678894415285), (6, 0.34817072123802673)]
[(6, 0.85340484574323638)]
[(2, 0.46209459208186265), (6, 0.33571621213528574)]
[(0, 0.26420910033160455), (4, 0.26929118369653177), (6, 0.26838559178687088)]
[(0, 0.28799694816439564), (6, 0.48884010045886772)]
[(4, 0.42365288105000576), (6, 0.27028455122567691)]
[(3, 0.21345179799907149), (4, 0.32831390586105047), (5, 0.21975593632792548)]
[(6, 0.64986422264139576)]
[(3, 0.36815379677276927), (6, 0.32320758249012549)]
[(3, 0.53940794661048785), (6, 0.20521991537763418)]
[(3, 0.72353034612573175)]
[(6, 0.44214147576450907)]
[(1, 0.56072353068944525)]
[(1, 0.42283480530491369), (3, 0.26584042134915248)]
[(1, 0.4895131606345865)]
[(1, 0.49489699922720537), (6, 0.23667543652416825)]
[(1, 0.4481190964196734)]
[(1, 0.22858476978864092), (3, 0.21668461081456808), (5, 0.30576494620547934)]
[(5, 0.56802613226686771)]
[(5, 0.38331274366879803), (6, 0.23067924301819509)]
[(3, 0.35256238843086818), (6, 0.34817314142205386)]
[(6, 0.85340428532398549)]
[(2, 0.46209316464886585), (6, 0.33571229896774291)]
[(0, 0.26420934643022947), (4, 0.26929173678918067), (6, 0.26838691318274505)]
[(0, 0.28799664662932278), (6, 0.48883883091988856)]
[(4, 0.42365504356199341), (6, 0.27028309030785075)]
[(3, 0.21345121806356113), (4, 0.32831432179272535), (5, 0.21975677414442488)]
[(6, 0.64986510742222281)]
[(3, 0.36815528348346255), (6, 0.32320870353204129)]
[(3, 0.53940972884287786), (6, 0.20522053750252578)]
[(3, 0.72355625258784728)]
[(6, 0.44214045605081004)]
[(1, 0.56072376330853235)]
[(1, 0.42284114163784792), (3, 0.26583422446427868)]
[(1, 0.48951306530251315)]
[(1, 0.49489684150530722), (6, 0.23667539921753109)]
[(1, 0.44811006498567263)]
[(1, 0.22858730229638954), (3, 0.21668929795417394), (5, 0.30577158940941029)]
[(5, 0.56803077641828548)]
[(5, 0.38330631313981867), (6, 0.2306792869562706)]
[(3, 0.35256862557857255), (6, 0.34817042352667499)]
[(6, 0.85340394224977922)]
[(2, 0.4620924530912201), (6, 0.33571351464925425)]
[(0, 0.26420917638005287), (4, 0.26928933190441617), (6, 0.26838624059294103)]
[(0, 0.28799769327946212), (6, 0.48884318292871898)]
[(4, 0.42365456743478341), (6, 0.27028338898799825)]
[(3, 0.21345168514641008), (4, 0.32831420501731412), (5, 0.21975672101176399)]
[(6, 0.64985874174975933)]
[(3, 0.36815342943871782), (6, 0.32320730646125201)]
[(3, 0.53940990952481793), (6, 0.20522058286078632)]
[(3, 0.72354575615313188)]
[(6, 0.44214380379455803)]
[(1, 0.56072423083506839)]
[(1, 0.4228435625057107), (3, 0.26583183288960149)]
[(1, 0.48951659853701213)]
[(1, 0.49490226445183999), (6, 0.23667579354080578)]
[(1, 0.44811044811975098)]
[(1, 0.22859365826161357), (3, 0.21668446407018546), (5, 0.30577616507296473)]
[(5, 0.56804632386067655)]
[(5, 0.38331299822543685), (6, 0.23067928900418924)]
[(3, 0.35256442341686617), (6, 0.3481725340409868)]
[(6, 0.85340390097019347)]
[(2, 0.46209447047556573), (6, 0.33571345106069261)]
[(0, 0.26420967605105766), (4, 0.26929262333431198), (6, 0.26838729467207689)]
[(0, 0.28799671573527202), (6, 0.48883851085614688)]
[(4, 0.42365332754902868), (6, 0.27028423176111627)]
[(3, 0.21345182182503317), (4, 0.32831412497598172), (5, 0.21975644787901255)]
[(6, 0.64985817324288675)]
[(3, 0.3681542561485629), (6, 0.3232079273438222)]
[(3, 0.53940887903273038), (6, 0.20522024079109327)]
[(3, 0.7235523299848835)]
[(6, 0.44214118585975626)]
[(1, 0.56072131412267645)]
[(1, 0.42284026453192503), (3, 0.26583512837576712)]
[(1, 0.48950321552047271)]
[(1, 0.49489243143864586), (6, 0.23667507065626608)]
[(1, 0.44811749202246581)]
[(1, 0.22859711557332033), (3, 0.2166833056134074), (5, 0.30577342774063737)]
[(5, 0.56801897872898033)]
[(5, 0.3833053184811851), (6, 0.23067940037229295)]
[(3, 0.35256579221993778), (6, 0.34817188966011559)]
[(6, 0.85340462966466846)]
[(2, 0.46209182603629267), (6, 0.33571208094863553)]
[(0, 0.26420828441169508), (4, 0.26928730065396822), (6, 0.26838438737488962)]
[(0, 0.2879975815465633), (6, 0.4888427517893919)]
[(4, 0.42365388627118866), (6, 0.27028384255768445)]
[(3, 0.21345188745134974), (4, 0.32831427098626215), (5, 0.21975713095750354)]
[(6, 0.64986385529240409)]
[(3, 0.36815143223419311), (6, 0.32320579552248574)]
[(3, 0.53940977817127922), (6, 0.20522052484288292)]
[(3, 0.72352532490862986)]
[(6, 0.44214511483395802)]
[(1, 0.56072417480864256)]
[(1, 0.42283089920295197), (3, 0.26584427949670891)]
[(1, 0.48956421878332151)]
[(1, 0.494902600718712), (6, 0.23667586713988092)]
[(1, 0.44811805136674654)]
[(1, 0.22859772345947327), (3, 0.21668314911521008), (5, 0.30578175588301787)]
[(5, 0.56803309210246666)]
[(5, 0.38330675196302799), (6, 0.23067921683675199)]
[(3, 0.35256687055184427), (6, 0.34817119626147991)]
[(6, 0.85340449788361394)]
[(2, 0.46209627072611026), (6, 0.33571615477235484)]
[(0, 0.26420988693437497), (4, 0.26929142240266607), (6, 0.26838725956934462)]
[(0, 0.28799684798876751), (6, 0.4888396476421365)]
[(4, 0.42365497800091395), (6, 0.2702831303481894)]
[(3, 0.21345183930153855), (4, 0.32831396662796891), (5, 0.21975600468461803)]
[(6, 0.64985638634745702)]
[(3, 0.36815270838474806), (6, 0.32320676140513405)]
[(3, 0.53940916001832329), (6, 0.20522031278516972)]
[(3, 0.72355053356320542)]
[(6, 0.44214345677490396)]
[(1, 0.56072358119324039)]
[(1, 0.42284116479549749), (3, 0.2658340418137709)]
[(1, 0.48950202167127588)]
[(1, 0.49490338610154128), (6, 0.23667592941727544)]
[(1, 0.44812056383553422)]
[(1, 0.22859701449849767), (3, 0.21668511053877687), (5, 0.30577714654798188)]
[(5, 0.56803555904802938)]
[(5, 0.38331269465076856), (6, 0.23067922089670223)]
[(3, 0.35256766197222222), (6, 0.34817109338585767)]
[(6, 0.85340385874638469)]
[(2, 0.46209387839803207), (6, 0.3357139679479898)]
[(0, 0.26420928987314229), (4, 0.26929224043327693), (6, 0.26838624110812692)]
[(0, 0.28799727638643796), (6, 0.48884153211920506)]
[(4, 0.42365513451858877), (6, 0.2702830353992422)]
[(3, 0.21345138891913629), (4, 0.32831384629483096), (5, 0.21975547208642948)]
[(6, 0.64985537316097475)]
[(3, 0.36815178310391894), (6, 0.32320603380106344)]
[(3, 0.53940625890573834), (6, 0.20521931870596871)]
[(3, 0.72353064592670613)]
[(6, 0.44214408823889095)]
[(1, 0.56072372867763687)]
[(1, 0.42284374502420136), (3, 0.26583160287970087)]
[(1, 0.48955490063130791)]
[(1, 0.49489141705379475), (6, 0.2366750151739398)]
[(1, 0.44811529935753153)]
[(1, 0.22859577352798985), (3, 0.21668407071949025), (5, 0.30578007954997788)]
[(5, 0.56803857542686453)]
[(5, 0.38330801495185984), (6, 0.23067907464212362)]
[(3, 0.3525672814538971), (6, 0.34817106422482103)]
[(6, 0.85340403948537968)]
[(2, 0.46209322424046317), (6, 0.33571239561697658)]
[(0, 0.26420876935533133), (4, 0.26928835837644155), (6, 0.26838555087460886)]
[(0, 0.28799756455807446), (6, 0.48884249235939081)]
[(4, 0.42365348101559869), (6, 0.2702841235773113)]
[(3, 0.21345117809261893), (4, 0.32831422614148548), (5, 0.21975649054018037)]
[(6, 0.6498678231417635)]
[(3, 0.3681565808698512), (6, 0.32320968427939062)]
[(3, 0.53940459015392683), (6, 0.20521864500095802)]
[(3, 0.72353734519498403)]
[(6, 0.4421438992814975)]
[(1, 0.56072414608872456)]
[(1, 0.42284464037727421), (3, 0.26583075980723808)]
[(1, 0.48954853181811353)]
[(1, 0.49489770443716169), (6, 0.2366754883956026)]
[(1, 0.44812113931141212)]
[(1, 0.22860528278197442), (3, 0.21668240379220705), (5, 0.30577388581959153)]
[(5, 0.56804925812217066)]
[(5, 0.38330557172150675), (6, 0.23067941267413453)]
[(3, 0.35256338129664222), (6, 0.34817288613560671)]
[(6, 0.85340271495944675)]
[(2, 0.46209444904019636), (6, 0.33571324178199197)]
[(0, 0.26420961131778647), (4, 0.26929484285653421), (6, 0.26838604566548852)]
[(0, 0.28799692137738925), (6, 0.48883998397891665)]
[(4, 0.42365532415876422), (6, 0.2702829234890704)]
[(3, 0.21345206501782835), (4, 0.32831391050145131), (5, 0.21975605460837083)]
[(6, 0.64985640911309006)]
[(3, 0.36815674011833599), (6, 0.32320980186755471)]
[(3, 0.53940851360857345), (6, 0.20522009351433923)]
[(3, 0.72354574612375533)]
[(6, 0.4421386676168757)]
[(1, 0.56072362064622083)]
[(1, 0.42284143886469372), (3, 0.26583393328104588)]
[(1, 0.48953977810141941)]
[(1, 0.49490311240355672), (6, 0.23667588347477619)]
[(1, 0.44811473920811784)]
[(1, 0.22859821681172865), (3, 0.21668449656712196), (5, 0.30577772491106653)]
[(5, 0.56802656092390502)]
[(5, 0.38330882673202843), (6, 0.23067906888373929)]
[(3, 0.35256114531358312), (6, 0.34817385155250924)]
[(6, 0.85340558579211501)]
[(2, 0.46209465381328962), (6, 0.33571651780237244)]
[(0, 0.26420989249066579), (4, 0.2692910102529455), (6, 0.26838724654702245)]
[(0, 0.28799681601171162), (6, 0.48883957740991696)]
[(4, 0.42365427314400289), (6, 0.27028358166059141)]
[(3, 0.21345113893889661), (4, 0.3283142039392884), (5, 0.21975638074487491)]
[(6, 0.64986623301303803)]
[(3, 0.3681509682148903), (6, 0.32320544700147824)]
[(3, 0.53940377094156622), (6, 0.20521837808027082)]
[(3, 0.72352351538486404)]
[(6, 0.44214367506549979)]
[(1, 0.56072381499148494)]
[(1, 0.42283062146013456), (3, 0.26584459385885717)]
[(1, 0.48956208378617444)]
[(1, 0.49490328789817872), (6, 0.23667590012704662)]
[(1, 0.44811855264124706)]
[(1, 0.22860575911662775), (3, 0.21667936384891825), (5, 0.30577338405002863)]
[(5, 0.56802701794055888)]
[(5, 0.38330512459025645), (6, 0.23067942957101689)]
[(3, 0.35256012196292924), (6, 0.34817443535833509)]
[(6, 0.85340597844684329)]
[(2, 0.46209397193752577), (6, 0.3357150210934115)]
[(0, 0.26420964523181423), (4, 0.26929148633584121), (6, 0.26838702053944508)]
[(0, 0.28799804441737598), (6, 0.48884471107454985)]
[(4, 0.42365300142357115), (6, 0.27028446446496152)]
[(3, 0.2134516662729869), (4, 0.3283143469638754), (5, 0.2197569357377161)]
[(6, 0.6498643490568371)]
[(3, 0.36814979105142642), (6, 0.32320453825121559)]
[(3, 0.5394075100305149), (6, 0.20521973764399401)]
[(3, 0.72354629749193833)]
[(6, 0.44213963840330173)]
[(1, 0.56072171565669582)]
[(1, 0.42282931863328072), (3, 0.26584592861601258)]
[(1, 0.48951365068056008)]
[(1, 0.49489662291924424), (6, 0.23667539320041439)]
[(1, 0.44810689281338734)]
[(1, 0.2285898979664987), (3, 0.21668336069639935), (5, 0.30574985714818592)]
[(5, 0.56804496650520475)]
[(5, 0.38330550778868194), (6, 0.23067943731517052)]
[(3, 0.35256874941143101), (6, 0.34817030112206299)]
[(6, 0.85340847137335629)]
[(2, 0.46209413356424978), (6, 0.33571406788833053)]
[(0, 0.26420832866813537), (4, 0.26928758076009662), (6, 0.26838458964129919)]
[(0, 0.28799713199674087), (6, 0.48884084905672381)]
[(4, 0.4236522959138912), (6, 0.27028497869074175)]
[(3, 0.21345262979858087), (4, 0.32831436964681027), (5, 0.21975760527790347)]
[(6, 0.64985344963166047)]
[(3, 0.3681526627271457), (6, 0.32320672525437405)]
[(3, 0.53940517540236577), (6, 0.2052189110076319)]
[(3, 0.72352065717924408)]
[(6, 0.44214179385351182)]
[(1, 0.56072325591647498)]
[(1, 0.4228433214392664), (3, 0.26583211027127579)]
[(1, 0.4895604124026845)]
[(1, 0.49488862048472676), (6, 0.23667484958588811)]
[(1, 0.44811029132800262)]
[(1, 0.22860223218315723), (3, 0.21668239688129698), (5, 0.30577178592782334)]
[(5, 0.56802900241155319)]
[(5, 0.38330567656459941), (6, 0.23067937716791512)]
[(3, 0.35256196158171432), (6, 0.34817280106405224)]
[(6, 0.85340689006384873)]
[(2, 0.4620941038631915), (6, 0.3357150497622034)]
[(0, 0.26420900182558638), (4, 0.26928994959108832), (6, 0.26838607067091563)]
[(0, 0.28799710904425624), (6, 0.48884074602621808)]
[(4, 0.42365344840963587), (6, 0.27028414649482968)]
[(3, 0.21345086390797821), (4, 0.32831397575271393), (5, 0.21975561689734951)]
[(6, 0.64986269403412211)]
[(3, 0.36815160166589739), (6, 0.32320592620491251)]
[(3, 0.53940751660664799), (6, 0.20521974629993847)]
[(3, 0.72355587267131116)]
[(6, 0.44214477713085587)]
[(1, 0.56072304955280594)]
[(1, 0.42283272406063399), (3, 0.26584246734328937)]
[(1, 0.48954837677207408)]
[(1, 0.4949076441850212), (6, 0.23667628602790772)]
[(1, 0.44811750697499408)]
[(1, 0.22859608418683691), (3, 0.21668599944201106), (5, 0.30576904422917878)]
[(5, 0.56802613148864878)]
[(5, 0.38330678552818104), (6, 0.23067922007432973)]
[(3, 0.35256852379685927), (6, 0.34817056497987869)]
[(6, 0.85340550911738655)]
[(2, 0.46209301539577918), (6, 0.33571323943952036)]
[(0, 0.26420866321668285), (4, 0.26928897650603595), (6, 0.26838560646982068)]
[(0, 0.287997258997298), (6, 0.4888414324776324)]
[(4, 0.42365552577524679), (6, 0.27028280870825183)]
[(3, 0.21345141518941269), (4, 0.32831397182020577), (5, 0.21975589268160275)]
[(6, 0.64986144523593281)]
[(3, 0.36815367793212311), (6, 0.32320749195107923)]
[(3, 0.5394068388578388), (6, 0.20521944385527735)]
[(3, 0.72353481412211496)]
[(6, 0.44214273292585055)]
[(1, 0.56072359273121708)]
[(1, 0.42284369395482491), (3, 0.26583173982002622)]
[(1, 0.48955582466730257)]
[(1, 0.49489120417502874), (6, 0.23667501359204804)]
[(1, 0.44811278175507963)]
[(1, 0.22860105849356269), (3, 0.21668126602226948), (5, 0.30577565456419814)]
[(5, 0.56803804343018272)]
[(5, 0.38331200225083384), (6, 0.23067912410697489)]
[(3, 0.35256821217817502), (6, 0.34817074828241695)]
[(6, 0.85340707098282997)]
[(2, 0.46209403610267435), (6, 0.33571455510926806)]
[(0, 0.26420943509677447), (4, 0.26929060858271431), (6, 0.26838670855614333)]
[(0, 0.2879967147392502), (6, 0.48883907798710674)]
[(4, 0.42365418170593983), (6, 0.27028364259486337)]
[(3, 0.21345099447546242), (4, 0.32831435537690512), (5, 0.21975665349283932)]
[(6, 0.64986548150284773)]
[(3, 0.36815494113453651), (6, 0.32320844515415431)]
[(3, 0.53940849729244), (6, 0.20522012027010736)]
[(3, 0.72352127894311458)]
[(6, 0.44214045866136886)]
[(1, 0.56072353766552707)]
[(1, 0.42284655791031811), (3, 0.26582883536482577)]
[(1, 0.48949484582466457)]
[(1, 0.49489613271686828), (6, 0.23667532886762432)]
[(1, 0.44812053950632647)]
[(1, 0.22859028674003348), (3, 0.21668547812495081), (5, 0.30577451332509575)]
[(5, 0.56803792990624469)]
[(5, 0.38330869264855855), (6, 0.23067907924725778)]
[(3, 0.35256557216143963), (6, 0.34817161752393949)]
[(6, 0.85341180724065968)]
[(2, 0.46209406055531349), (6, 0.33571233037794557)]
[(0, 0.26420990848174086), (4, 0.26929443691232718), (6, 0.26838709497616653)]
[(0, 0.28799746831647294), (6, 0.48884213459064874)]
[(4, 0.42365463393116276), (6, 0.27028334623971556)]
[(3, 0.21345097564493701), (4, 0.32831436238278511), (5, 0.21975662947210528)]
[(6, 0.64985603825412852)]
[(3, 0.36815023707741834), (6, 0.32320487092673233)]
[(3, 0.53940864815836076), (6, 0.20522012576623794)]
[(3, 0.72355448149311419)]
[(6, 0.44214222941695419)]
[(1, 0.56072330949440496)]
[(1, 0.42284576021450798), (3, 0.26582966284250542)]
[(1, 0.48949621007841732)]
[(1, 0.49489150907014223), (6, 0.23667503721716665)]
[(1, 0.4480696733537059)]
[(1, 0.22859973213034396), (3, 0.21668322696072748), (5, 0.30577384157787524)]
[(5, 0.56805403668834442)]
[(5, 0.38331288129864594), (6, 0.23067924854076557)]
[(3, 0.35256538655924718), (6, 0.34817211644138224)]
[(6, 0.8534062110262115)]
[(2, 0.46209402258831023), (6, 0.33571243859942823)]
[(0, 0.26420909883158833), (4, 0.26929057534319778), (6, 0.26838610431255561)]
[(0, 0.28799773933342138), (6, 0.48884329996813319)]
[(4, 0.42365439292594848), (6, 0.27028350257968142)]
[(3, 0.2134516187002713), (4, 0.3283143713489336), (5, 0.21975706631668182)]
[(6, 0.6498654112610226)]
[(3, 0.36815562382350298), (6, 0.32320895999955701)]
[(3, 0.53940929178614583), (6, 0.20522037474385099)]
[(3, 0.72355408101037777)]
[(6, 0.44214304217446537)]
[(1, 0.56072364442138689)]
[(1, 0.42282737354407601), (3, 0.26584768936240072)]
[(1, 0.48951303216170999)]
[(1, 0.49489795947435922), (6, 0.23667551125405756)]
[(1, 0.44811482921426449)]
[(1, 0.22859910328238872), (3, 0.21668201065145568), (5, 0.30577828942502316)]
[(5, 0.56805492169720218)]
[(5, 0.38330572607771152), (6, 0.23067939998963879)]
[(3, 0.35256508228037037), (6, 0.34817183705946314)]
[(6, 0.85340825916078666)]
[(2, 0.46209455622512657), (6, 0.33571548352037822)]
[(0, 0.26420870727841517), (4, 0.26928884861830898), (6, 0.26838547059211415)]
[(0, 0.28799689447020788), (6, 0.48883986112314398)]
[(4, 0.42365524745080185), (6, 0.27028296832095217)]
[(3, 0.21345156452887551), (4, 0.32831415032406658), (5, 0.21975643761042951)]
[(6, 0.64985699038357214)]
[(3, 0.36814947552876565), (6, 0.32320430446456433)]
[(3, 0.53940595337933095), (6, 0.20521920665076412)]
[(3, 0.72354933192745063)]
[(6, 0.44214366032557584)]
[(1, 0.56072418007636582)]
[(1, 0.42283224900354127), (3, 0.26584299161877145)]
[(1, 0.4895462656077747)]
[(1, 0.49489561116506736), (6, 0.23667532895751822)]
[(1, 0.44811918790907679)]
[(1, 0.22859699799872191), (3, 0.21668543219589567), (5, 0.30576784965125936)]
[(5, 0.56803989644135955)]
[(5, 0.38330746585719966), (6, 0.23067919211413104)]
[(3, 0.35256842830380025), (6, 0.34817053770861256)]
[(6, 0.85340812113756093)]
[(2, 0.46209483263154838), (6, 0.33571443386121386)]
[(0, 0.26420918426784434), (4, 0.2692904141479372), (6, 0.26838638028196476)]
[(0, 0.2879970096174152), (6, 0.48884027805755609)]
[(4, 0.42365403895404663), (6, 0.27028373865379218)]
[(3, 0.21345071259541926), (4, 0.32831434696421424), (5, 0.21975666443812344)]
[(6, 0.64985866482043719)]
[(3, 0.36815352070869017), (6, 0.32320737445491621)]
[(3, 0.53940959226097329), (6, 0.20522047729333057)]
[(3, 0.72354212063854162)]
[(6, 0.44214717534905723)]
[(1, 0.5607238927645195)]
[(1, 0.42283073568279944), (3, 0.26584451244591578)]
[(1, 0.48950682975985765)]
[(1, 0.49490068091557249), (6, 0.23667569410804984)]
[(1, 0.44809589967355457)]
[(1, 0.22859113911091483), (3, 0.2166872639296239), (5, 0.30577252216535639)]
[(5, 0.56807920200308093)]
[(5, 0.38331237738169982), (6, 0.23067916272512298)]
[(3, 0.35256824589542712), (6, 0.34817080077292245)]
[(6, 0.85340242124813381)]
[(2, 0.46209475089000102), (6, 0.33571510213657979)]
[(0, 0.26420878656557661), (4, 0.2692881067045711), (6, 0.2683854963548824)]
[(0, 0.2879967069412252), (6, 0.4888390332604986)]
[(4, 0.42365421522730634), (6, 0.27028362019994623)]
[(3, 0.21345175204124978), (4, 0.32831399655034793), (5, 0.21975604845576552)]
[(6, 0.6498630793240181)]
[(3, 0.3681552518225486), (6, 0.32320868232805094)]
[(3, 0.53940878082667498), (6, 0.20522019671935396)]
[(3, 0.72355608456966269)]
[(6, 0.44214489234659282)]
[(1, 0.56072225943881837)]
[(1, 0.42284656812634469), (3, 0.26582881023484128)]
[(1, 0.48952457141185823)]
[(1, 0.49490471105972211), (6, 0.23667604208480372)]
[(1, 0.44812127402878932)]
[(1, 0.22859132195360601), (3, 0.21668482801781835), (5, 0.30578173327285241)]
[(5, 0.56802102330873527)]
[(5, 0.38331215587204048), (6, 0.23067916132367344)]
[(3, 0.35256794581528411), (6, 0.34817085151932559)]
[(6, 0.85340364293616544)]
[(2, 0.46209384633493183), (6, 0.3357149371677029)]
[(0, 0.26421008759665437), (4, 0.26929306361737282), (6, 0.26838807473692322)]
[(0, 0.28799691783382575), (6, 0.48883990370445812)]
[(4, 0.42365469966822272), (6, 0.2702833042911153)]
[(3, 0.21345124244763863), (4, 0.32831430185261762), (5, 0.21975675821570165)]
[(6, 0.64986453787974641)]
[(3, 0.36815398579937492), (6, 0.32320772285169008)]
[(3, 0.5394098481106997), (6, 0.20522055977271828)]
[(3, 0.72355700648252597)]
[(6, 0.4421443894059231)]
[(1, 0.56072381292103024)]
[(1, 0.42284559495223617), (3, 0.26582979127237033)]
[(1, 0.48954804394388574)]
[(1, 0.4948922937775791), (6, 0.23667509778574219)]
[(1, 0.44810980173643139)]
[(1, 0.22859055941017398), (3, 0.21668555570032125), (5, 0.30577598766530678)]
[(5, 0.56810004591725816)]
[(5, 0.38330577052585413), (6, 0.23067938157984408)]
[(3, 0.35256618580584809), (6, 0.3481705333816193)]
[(6, 0.85340678078526555)]
[(2, 0.46209300364500394), (6, 0.33571488060305305)]
[(0, 0.26420955324188267), (4, 0.26929283024955336), (6, 0.26838723067235465)]
[(0, 0.28799786314790099), (6, 0.48884389243266368)]
[(4, 0.42365361639059629), (6, 0.27028402891793113)]
[(3, 0.21345154928589891), (4, 0.32831405452306966), (5, 0.21975616713529048)]
[(6, 0.64985844128669279)]
[(3, 0.36815635789337064), (6, 0.32320951447109875)]
[(3, 0.53940546293216884), (6, 0.20521902489257421)]
[(3, 0.72352379065692052)]
[(6, 0.44214497676314113)]
[(1, 0.56072440841210291)]
[(1, 0.42282803902730687), (3, 0.26584720490930674)]
[(1, 0.48952316173123617)]
[(1, 0.49489225697244871), (6, 0.23667509274284684)]
[(1, 0.44808355893614554)]
[(1, 0.22859107506643211), (3, 0.21668517812031485), (5, 0.30577616362781096)]
[(5, 0.56803594279006508)]
[(5, 0.38330855224273885), (6, 0.23067908979315871)]
[(3, 0.35256846293936289), (6, 0.34817059418185797)]
[(6, 0.85340289627362431)]
[(2, 0.46209226211581111), (6, 0.33571358929922884)]
[(0, 0.26420906201468836), (4, 0.26928926988007279), (6, 0.26838556557164384)]
[(0, 0.28799682262596432), (6, 0.48883942665081803)]
[(4, 0.42365324885934696), (6, 0.27028428757562045)]
[(3, 0.21345117155229493), (4, 0.3283143058451326), (5, 0.21975673267273307)]
[(6, 0.6498640499531867)]
[(3, 0.36815455469298808), (6, 0.32320815247906676)]
[(3, 0.53940840319504046), (6, 0.20522007345719118)]
[(3, 0.72355153751090451)]
[(6, 0.44214393559371779)]
[(1, 0.56072354358641274)]
[(1, 0.42284374195953128), (3, 0.26583167207626551)]
[(1, 0.48952594052687048)]
[(1, 0.49488698867510578), (6, 0.23667472043852625)]
[(1, 0.44811266246706805)]
[(1, 0.22860364716747436), (3, 0.21668005221697137), (5, 0.30577893583924026)]
[(5, 0.56809458005723135)]
[(5, 0.3833129693976477), (6, 0.23067928454747266)]
[(3, 0.35256674008264133), (6, 0.348171533649205)]
[(6, 0.85341209800224727)]
[(2, 0.46209608861763612), (6, 0.33571620371746402)]
[(0, 0.26420853995383148), (4, 0.26928860922280273), (6, 0.26838534252997792)]
[(0, 0.28799761248148925), (6, 0.48884269230818866)]
[(4, 0.42365510012778179), (6, 0.27028305606875846)]
[(3, 0.21345180445960898), (4, 0.328314143176336), (5, 0.21975652757932276)]
[(6, 0.64985431089627099)]
[(3, 0.36815612693810817), (6, 0.32320934335614376)]
[(3, 0.53940648634180366), (6, 0.20521938056816247)]
[(3, 0.72355652406886073)]
[(6, 0.4421454113626162)]
[(1, 0.56072467187744646)]
[(1, 0.42284036852030482), (3, 0.26583502839162276)]
[(1, 0.48956646058329495)]
[(1, 0.49488728340021276), (6, 0.23667481024682893)]
[(1, 0.44812111062921839)]
[(1, 0.22860274553091189), (3, 0.21668358282179365), (5, 0.30576939242122736)]
[(5, 0.56803389845263919)]
[(5, 0.38331228851111154), (6, 0.23067918260113024)]
[(3, 0.3525681588288781), (6, 0.34817086214789472)]
[(6, 0.85340335379731413)]
[(2, 0.46209414119220776), (6, 0.33571476189817578)]
[(0, 0.26420824482341343), (4, 0.26928750023461212), (6, 0.26838488151652712)]
[(0, 0.28799697845337202), (6, 0.48884020136303047)]
[(4, 0.42365406989416876), (6, 0.27028371773916116)]
[(3, 0.21345186614770417), (4, 0.32831424543040494), (5, 0.21975689833695899)]
[(6, 0.64985657251404705)]
[(3, 0.36815244686468562), (6, 0.3232065631864805)]
[(3, 0.53940825323728991), (6, 0.20522000974420732)]
[(3, 0.72352325145890928)]
[(6, 0.44213874898145267)]
[(1, 0.5607237265287689)]
[(1, 0.42282785795774597), (3, 0.26584736920564972)]
[(1, 0.48955488077586062)]
[(1, 0.49490150083608514), (6, 0.23667577682468816)]
[(1, 0.44810928867367861)]
[(1, 0.22859067562484428), (3, 0.21668752242672548), (5, 0.30577424628020289)]
[(5, 0.56803322625386043)]
[(5, 0.38330641024731277), (6, 0.23067926496302099)]
[(3, 0.35256409144623158), (6, 0.34817250840656283)]
[(6, 0.85340656452721564)]
[(2, 0.46209462533422546), (6, 0.33571355612863751)]
[(0, 0.26420967376790533), (4, 0.26929237129084338), (6, 0.26838728245839061)]
[(0, 0.28799689938189876), (6, 0.48883984430247007)]
[(4, 0.42365459793475224), (6, 0.27028336934197605)]
[(3, 0.21345086114129408), (4, 0.3283140611977059), (5, 0.21975584830989678)]
[(6, 0.64986834618397227)]
[(3, 0.36815534492550311), (6, 0.3232087510864366)]
[(3, 0.53940728059782528), (6, 0.20521965104224082)]
[(3, 0.72353540739686018)]
[(6, 0.44214055265495456)]
[(1, 0.56072462520467015)]
[(1, 0.42284660401075086), (3, 0.26582879963631134)]
[(1, 0.48956349411154459)]
[(1, 0.49489290154334775), (6, 0.23667514986464264)]
[(1, 0.44810963276359417)]
[(1, 0.22860033625320011), (3, 0.21668411134671967), (5, 0.3057734581246867)]
[(5, 0.56804511860132256)]
[(5, 0.38331220427390034), (6, 0.23067915331650699)]
[(3, 0.3525658564785214), (6, 0.3481715093884919)]
[(6, 0.85340336351733292)]
[(2, 0.46209343011389253), (6, 0.33571250797094981)]
[(0, 0.26420971873532367), (4, 0.26929259704276093), (6, 0.26838722207449023)]
[(0, 0.28799705458978858), (6, 0.48884047838410782)]
[(4, 0.4236543530156337), (6, 0.27028352883302842)]
[(3, 0.21345214304794038), (4, 0.32831412543808891), (5, 0.2197565347218513)]
[(6, 0.64986986302425875)]
[(3, 0.36815590509840046), (6, 0.32320917126874682)]
[(3, 0.53940745817358027), (6, 0.20521972815685993)]
[(3, 0.72353267319471426)]
[(6, 0.44214144920238219)]
[(1, 0.56072380634712227)]
[(1, 0.42284651425475556), (3, 0.26582887064829058)]
[(1, 0.48949369431046169)]
[(1, 0.49489907669773608), (6, 0.23667558595328092)]
[(1, 0.44811757033255772)]
[(1, 0.22859302534331), (3, 0.21668671720098667), (5, 0.30576856820079418)]
[(5, 0.56803709193749286)]
[(5, 0.38330709619540571), (6, 0.23067923167762772)]
[(3, 0.35256402178684387), (6, 0.348172603778579)]
[(6, 0.85340674252745874)]
[(2, 0.46209347109307969), (6, 0.33571473589982831)]
[(0, 0.26420951389965863), (4, 0.2692920663762125), (6, 0.26838698308542064)]
[(0, 0.28799688179792038), (6, 0.48883976634031157)]
[(4, 0.42365540882494412), (6, 0.27028287473344864)]
[(3, 0.2134514911039451), (4, 0.32831412199002424), (5, 0.21975621589830485)]
[(6, 0.64985501828413406)]
[(3, 0.36815529556642734), (6, 0.32320871000629409)]
[(3, 0.53940487566614748), (6, 0.20521879351583866)]
[(3, 0.72354077796502836)]
[(6, 0.44214219895914297)]
[(1, 0.56072364439551392)]
[(1, 0.42283681381199073), (3, 0.26583832932742357)]
[(1, 0.48955260274880535)]
[(1, 0.49489233219612755), (6, 0.23667507396195009)]
[(1, 0.44811397354566246)]
[(1, 0.22859825954703455), (3, 0.21668415304185598), (5, 0.30577619673581086)]
[(5, 0.56805461238342814)]
[(5, 0.38331256472503961), (6, 0.2306792042493874)]
[(3, 0.35255927193117126), (6, 0.34817450667866184)]
[(6, 0.85341113067718588)]
[(2, 0.46209447316260349), (6, 0.33571423653183469)]
[(0, 0.26420941724946467), (4, 0.26929164615476847), (6, 0.26838687509207632)]
[(0, 0.28799668081181679), (6, 0.48883876233016638)]
[(4, 0.42365506202213798), (6, 0.27028307909983412)]
[(3, 0.21345095831245542), (4, 0.32831396969976656), (5, 0.2197557801470276)]
[(6, 0.64985799756785467)]
[(3, 0.36815677363539207), (6, 0.32320982690206412)]
[(3, 0.53940986386603906), (6, 0.20522057019877388)]
[(3, 0.72355628132808625)]
[(6, 0.44214306063154707)]
[(1, 0.56072354553344939)]
[(1, 0.42284608806235413), (3, 0.26582929242445291)]
[(1, 0.48952602886058449)]
[(1, 0.49489487119612591), (6, 0.23667529192917627)]
[(1, 0.44809521845403277)]
[(1, 0.22858789648015723), (3, 0.21668922802766977), (5, 0.30575566075061938)]
[(5, 0.56802760614401626)]
[(5, 0.38331259973544435), (6, 0.23067921020864682)]
[(3, 0.35256518095749811), (6, 0.34817211642540191)]
[(6, 0.85340346642873177)]
[(2, 0.46209273092080616), (6, 0.33571349805401557)]
[(0, 0.26420993754707073), (4, 0.26929283348833466), (6, 0.26838786162560835)]
[(0, 0.2879973679429163), (6, 0.4888417334274201)]
[(4, 0.42365464574701833), (6, 0.27028333867729537)]
[(3, 0.21345106879726705), (4, 0.32831440223917147), (5, 0.21975676912196018)]
[(6, 0.64986837816828691)]
[(3, 0.36815436176433125), (6, 0.32320800668160304)]
[(3, 0.53940736007123702), (6, 0.20521969759421402)]
[(3, 0.7235564060775278)]
[(6, 0.44214932974995663)]
[(1, 0.56072393315014724)]
[(1, 0.42283325216397549), (3, 0.2658419366201798)]
[(1, 0.48951337020195912)]
[(1, 0.49490453708333032), (6, 0.23667599092164021)]
[(1, 0.44811643711314814)]
[(1, 0.22859652115474616), (3, 0.21668314774693515), (5, 0.30577675351698458)]
[(5, 0.56805475118856197)]
[(5, 0.38330527721157154), (6, 0.23067941741364628)]
[(3, 0.35256524878943241), (6, 0.34817203181266065)]
[(6, 0.85340307068469157)]
[(2, 0.46209361569503515), (6, 0.33571405571498603)]
[(0, 0.26420879541959275), (4, 0.26928924957411038), (6, 0.26838526029396709)]
[(0, 0.28799775388397286), (6, 0.4888432531626804)]
[(4, 0.4236528510655016), (6, 0.27028457290453622)]
[(3, 0.21345146335056744), (4, 0.32831407862313972), (5, 0.21975633895704333)]
[(6, 0.64986783194564546)]
[(3, 0.36815478768862747), (6, 0.32320833045374819)]
[(3, 0.53940733841290012), (6, 0.20521969047865027)]
[(3, 0.72354155290353839)]
[(6, 0.44214144429241309)]
[(1, 0.56072350748715183)]
[(1, 0.42283850817248303), (3, 0.26583664648433963)]
[(1, 0.48949657278355613)]
[(1, 0.49489499574799617), (6, 0.2366752947453927)]
[(1, 0.44811650485631899)]
[(1, 0.2285989501507599), (3, 0.21668318726496427), (5, 0.30577741201779102)]
[(5, 0.568037020712859)]
[(5, 0.38330627815689511), (6, 0.2306792739920662)]
[(3, 0.35256837679542985), (6, 0.34817072834581791)]
[(6, 0.85340696969230012)]
[(2, 0.46209255313374503), (6, 0.3357118372495192)]
[(0, 0.26420857616241911), (4, 0.26928886690809228), (6, 0.26838546590818685)]
[(0, 0.28799682546625299), (6, 0.48883948972988334)]
[(4, 0.42365341236354193), (6, 0.27028417186171727)]
[(3, 0.21345218006976036), (4, 0.32831411869134336), (5, 0.2197567096666255)]
[(6, 0.64985645429480232)]
[(3, 0.36815353992930921), (6, 0.3232073908770654)]
[(3, 0.53940616453650136), (6, 0.20521926747482036)]
[(3, 0.72355659134348238)]
[(6, 0.44214944376965509)]
[(1, 0.56072341476095122)]
[(1, 0.42284437874894693), (3, 0.26583098174309744)]
[(1, 0.48956395940809355)]
[(1, 0.49490754635335094), (6, 0.2366762627278875)]
[(1, 0.44811393049693055)]
[(1, 0.22859009217828058), (3, 0.21668559992942657), (5, 0.30577430050876203)]
[(5, 0.56803709759567422)]
[(5, 0.38331248157032893), (6, 0.23067916931000143)]
[(3, 0.35256747957696327), (6, 0.34817078922372097)]
[(6, 0.85340266571116619)]
[(2, 0.46209544506506955), (6, 0.33571723548044036)]
[(0, 0.26420821738668093), (4, 0.2692889216321287), (6, 0.26838491364255723)]
[(0, 0.28799695234317119), (6, 0.48884003264480458)]
[(4, 0.42365500260342082), (6, 0.27028311527417653)]
[(3, 0.2134510562139639), (4, 0.32831406109241079), (5, 0.21975593606670499)]
[(6, 0.64986398955137614)]
[(3, 0.36815471888426848), (6, 0.32320827509425848)]
[(3, 0.53940733177114597), (6, 0.20521966492369265)]
[(3, 0.72355169900702843)]
[(6, 0.4421353282260464)]
[(1, 0.56072381892353074)]
[(1, 0.42284656635428419), (3, 0.26582884578998361)]
[(1, 0.48953302750785521)]
[(1, 0.49489907253395005), (6, 0.23667560958226685)]
[(1, 0.44811199410384284)]
[(1, 0.22859831031318256), (3, 0.21668122282947688), (5, 0.30577824895413386)]
[(5, 0.56803017390181432)]
[(5, 0.38330559816461762), (6, 0.23067937333701619)]
[(3, 0.35256851373791975), (6, 0.34817055828088839)]
[(6, 0.85341053534553168)]
[(2, 0.46209336066525136), (6, 0.33571225579210201)]
[(0, 0.26420926282934226), (4, 0.26929183002522922), (6, 0.26838663262485474)]
[(0, 0.28799728621623882), (6, 0.48884152010207521)]
[(4, 0.42365515436092233), (6, 0.27028302352344563)]
[(3, 0.21345111338082975), (4, 0.32831391671316262), (5, 0.21975561705573801)]
[(6, 0.6498664424386551)]
[(3, 0.36815502487290858), (6, 0.32320850830843034)]
[(3, 0.53940673549142937), (6, 0.20521947144726407)]
[(3, 0.72354293380869905)]
[(6, 0.44214539725492119)]
[(1, 0.56072319177114149)]
[(1, 0.4228458258788087), (3, 0.2658295595316148)]
[(1, 0.48950450942143164)]
[(1, 0.49490187260044932), (6, 0.23667580303680688)]
[(1, 0.44805811339880541)]
[(1, 0.22859753337305497), (3, 0.21668373624144752), (5, 0.30577200611558486)]
[(5, 0.56805184765566763)]
[(5, 0.38331241287129963), (6, 0.23067918657898279)]
[(3, 0.35256189839798607), (6, 0.34817238508642756)]
[(6, 0.85340221319355414)]
[(2, 0.46209334352995524), (6, 0.33571309574606023)]
[(0, 0.26420968374630538), (4, 0.26929210579064505), (6, 0.26838717758910102)]
[(0, 0.28799769383368329), (6, 0.48884309093436557)]
[(4, 0.42365524097990048), (6, 0.27028297213024194)]
[(3, 0.21345162239604865), (4, 0.32831420880912116), (5, 0.21975656745890804)]
[(6, 0.64986507789929238)]
[(3, 0.36815262551236227), (6, 0.32320669946697494)]
[(3, 0.53940811175871073), (6, 0.20521996826303521)]
[(3, 0.72355266570638666)]
[(6, 0.44214540112354339)]
[(1, 0.56072402453018488)]
[(1, 0.42282946286205503), (3, 0.26584567575187606)]
[(1, 0.48955607456536981)]
[(1, 0.49489565599232066), (6, 0.23667531463514968)]
[(1, 0.44812004122322924)]
[(1, 0.22859098508174008), (3, 0.21668560031787701), (5, 0.3057654823801369)]
[(5, 0.56803974939709168)]
[(5, 0.3833067254340593), (6, 0.23067923166637058)]
[(3, 0.35256260218878338), (6, 0.34817316594879832)]
[(6, 0.85340225791612379)]
[(2, 0.46209358681452634), (6, 0.33571457239508345)]
[(0, 0.26421002832724533), (4, 0.26929255217041048), (6, 0.26838768949028802)]
[(0, 0.28799707445548794), (6, 0.48884064617294737)]
[(4, 0.42365400317787844), (6, 0.27028376289374262)]
[(3, 0.2134509256920894), (4, 0.32831426669687619), (5, 0.21975642088814656)]
[(6, 0.64986925612753765)]
[(3, 0.36815647395223705), (6, 0.32320960171238411)]
[(3, 0.53940872492710468), (6, 0.20522018753228202)]
[(3, 0.7235194948589333)]
[(6, 0.44214426130950352)]
[(1, 0.56072388777648907)]
[(1, 0.42283747917608849), (3, 0.26583771843072651)]
[(1, 0.48950509667928471)]
[(1, 0.49489843635851077), (6, 0.23667553712589243)]
[(1, 0.44811715652475131)]
[(1, 0.22859711896262022), (3, 0.21668395841859325), (5, 0.30577653590981219)]
[(5, 0.5681049345853989)]
[(5, 0.38330807167384706), (6, 0.23067908765264417)]
[(3, 0.3525641357274415), (6, 0.34817247501869236)]
[(6, 0.85340483378305143)]
[(2, 0.46209357402134588), (6, 0.33571515343852643)]
[(0, 0.264209099212527), (4, 0.26929132021171431), (6, 0.26838634569332342)]
[(0, 0.28799765637112079), (6, 0.48884258223110816)]
[(4, 0.42365279628836439), (6, 0.27028461257787573)]
[(3, 0.21345163358502975), (4, 0.32831404146859405), (5, 0.21975622284200008)]
[(6, 0.64986616151783916)]
[(3, 0.36815030056013842), (6, 0.32320491906741233)]
[(3, 0.53940145593693001), (6, 0.20521758477659735)]
[(3, 0.72353440633637922)]
[(6, 0.44214565248703386)]
[(1, 0.56072356841606308)]
[(1, 0.42282717241823564), (3, 0.26584794754806962)]
[(1, 0.48949756432110181)]
[(1, 0.49489074986269893), (6, 0.23667499506290701)]
[(1, 0.44812141906078123)]
[(1, 0.22858770191136846), (3, 0.21668669347676134), (5, 0.30577253777847818)]
[(5, 0.56809596438954124)]
[(5, 0.38331290766407872), (6, 0.23067923083207759)]
[(3, 0.35256320300580923), (6, 0.34817302974251468)]
[(6, 0.85340337372921771)]
[(2, 0.46209391337479322), (6, 0.33571224260718679)]
[(0, 0.26420873864549349), (4, 0.2692898860315413), (6, 0.26838551000492045)]
[(0, 0.28799716768710765), (6, 0.48884081825400633)]
[(4, 0.42365387918858166), (6, 0.2702838474048867)]
[(3, 0.21345236582207933), (4, 0.32831440662271816), (5, 0.21975759209116999)]
[(6, 0.64986840078887498)]
[(3, 0.36815003346266884), (6, 0.32320472560963398)]
[(3, 0.53940965587532574), (6, 0.20522049989263277)]
[(3, 0.72354899566864883)]
[(6, 0.44214355518077741)]
[(1, 0.56072398131187462)]
[(1, 0.42284631156475616), (3, 0.26582907456204791)]
[(1, 0.48952787868257547)]
[(1, 0.49489425468898118), (6, 0.23667524745459731)]
[(1, 0.44806011144424041)]
[(1, 0.22859599216454596), (3, 0.21668213444800177), (5, 0.30577459228889925)]
[(5, 0.56802336911782403)]
[(5, 0.38330613862881546), (6, 0.23067930951188137)]
[(5, 0.57142854945373656)]
