[(2, 0.57142854912866392)]
[(3, 0.56241135438629353), (4, 0.31626385791548878)]
[(6, 0.64792022122557724)]
[(2, 0.32165309959734922), (6, 0.45009879674666159)]
[(0, 0.46705749847944233)]
[(4, 0.47371120152609464), (6, 0.30492102006409461)]
[(0, 0.30348912063968836), (6, 0.45944430602899411)]
[(6, 0.61776799963124052)]
[(2, 0.25831274002900217), (4, 0.2120782444098204)]
[(4, 0.49109568415206512)]
[(4, 0.61493000465589109)]
[(3, 0.35287898161516862), (4, 0.4597325909412826)]
[(4, 0.5196662511006408)]
[(4, 0.73261044929379071)]
[(4, 0.40407002772299816), (6, 0.26345870035064217)]
[(5, 0.49854816568459248)]
[(4, 0.21051692340776884), (6, 0.41612368709852077)]
[(3, 0.41542378463505142)]
[(3, 0.54518797455564949)]
[(3, 0.47171638481286227)]
[(3, 0.57149579575465492)]
[(3, 0.56241258323645427), (4, 0.31626114129262378)]
[(6, 0.64792303415651031)]
[(2, 0.32165221071250694), (6, 0.45009778917363896)]
[(0, 0.46705356131191017)]
[(4, 0.47371146150589549), (6, 0.30492095285941156)]
[(0, 0.30348811229656003), (6, 0.45944306450754685)]
[(6, 0.61777642660907073)]
[(2, 0.2583130501804014), (4, 0.21208133331328344)]
[(4, 0.4910974954721104)]
[(4, 0.61493290531410194)]
[(3, 0.35284913966117781), (4, 0.45988435651412563)]
[(4, 0.51967719383412592)]
[(4, 0.73260782331046215)]
[(4, 0.4040688877788039), (6, 0.26345596564426116)]
[(5, 0.49855314303153292)]
[(4, 0.21051596776459686), (6, 0.41612557244551662)]
[(3, 0.41542523146983856)]
[(3, 0.54518775617770521)]
[(3, 0.47170375496127637)]
[(3, 0.57149534976930971)]
[(3, 0.562411041002149), (4, 0.31625912597809636)]
[(6, 0.64792632787009696)]
[(2, 0.32165538952814088), (6, 0.45010147436462206)]
[(0, 0.46704543244599733)]
[(4, 0.47371228658378595), (6, 0.30492132745590877)]
[(0, 0.30348826305942039), (6, 0.45944472331156533)]
[(6, 0.61777660804612622)]
[(2, 0.25831022041720164), (4, 0.21208066745593177)]
[(4, 0.49109981129823427)]
[(4, 0.61492615233338033)]
[(3, 0.35284055614280746), (4, 0.45984138920987033)]
[(4, 0.51967762862085098)]
[(4, 0.73261067803218538)]
[(4, 0.4040739742632638), (6, 0.26346816664238748)]
[(5, 0.49854806937862267)]
[(4, 0.21051613443373268), (6, 0.41612527998007642)]
[(3, 0.41542519382234772)]
[(3, 0.54518748696941255)]
[(3, 0.47170093250613793)]
[(3, 0.57149447597428205)]
[(3, 0.5624135152238432), (4, 0.31626154771891113)]
[(6, 0.64792300834422623)]
[(2, 0.32165409046740723), (6, 0.45009994126192271)]
[(0, 0.46705619360369377)]
[(4, 0.47370828787489005), (6, 0.30491918236287707)]
[(0, 0.3034902616500198), (6, 0.45944529610713242)]
[(6, 0.61777029609919754)]
[(2, 0.25831123361443842), (4, 0.21208066442371845)]
[(4, 0.4910961897442464)]
[(4, 0.61492776539493965)]
[(3, 0.3529039202292813), (4, 0.45968078111021549)]
[(4, 0.51967026045105902)]
[(4, 0.73260779082711314)]
[(4, 0.4040728591853594), (6, 0.26346549234298144)]
[(5, 0.49854744974553367)]
[(4, 0.21051585636836387), (6, 0.41612483843984233)]
[(3, 0.41542343202537302)]
[(3, 0.5451897076594161)]
[(3, 0.47171635960376163)]
[(3, 0.57149616420649474)]
[(3, 0.56241199208303638), (4, 0.31626398635374475)]
[(6, 0.64793102357815902)]
[(2, 0.32165574991343465), (6, 0.45010190649878207)]
[(0, 0.46704114593694113)]
[(4, 0.47371364595600957), (6, 0.30492174159990237)]
[(0, 0.30349046424608994), (6, 0.4594448695884592)]
[(6, 0.61777212704987394)]
[(2, 0.25831019338335914), (4, 0.21207190455672151)]
[(4, 0.49109477234402799)]
[(4, 0.61493179424209088)]
[(3, 0.35282967850792357), (4, 0.45979544603074624)]
[(4, 0.5196710443752075)]
[(4, 0.73260974185872063)]
[(4, 0.40407220337759503), (6, 0.2634639192104048)]
[(5, 0.49855048655955475)]
[(4, 0.21051683832428775), (6, 0.41612378739741379)]
[(3, 0.41542300146388544)]
[(3, 0.54518546226768161)]
[(3, 0.47171556833639128)]
[(3, 0.57149604088766992)]
[(3, 0.5624113339970046), (4, 0.31626204434519595)]
[(6, 0.64792041359617936)]
[(2, 0.32165218916591742), (6, 0.45009776499046911)]
[(0, 0.46705358905220379)]
[(4, 0.47371031546807557), (6, 0.30492037685072626)]
[(0, 0.30349007492835151), (6, 0.45944493083656279)]
[(6, 0.61777339197320236)]
[(2, 0.25831296068206872), (4, 0.21208170386843839)]
[(4, 0.4910926962180982)]
[(4, 0.61492258348561246)]
[(3, 0.35285690300986483), (4, 0.45987680699620304)]
[(4, 0.51968625932382562)]
[(4, 0.73261047851441907)]
[(4, 0.40407088955107057), (6, 0.2634607677528491)]
[(5, 0.49855184761929494)]
[(4, 0.21051631589526551), (6, 0.41612467184629337)]
[(3, 0.41542443516005451)]
[(3, 0.54518768851430988)]
[(3, 0.47170809355168952)]
[(3, 0.5714956623258165)]
[(3, 0.56241283881148674), (4, 0.31626354680273033)]
[(6, 0.64792240633689535)]
[(2, 0.32165188866330513), (6, 0.45009742865716468)]
[(0, 0.46705356085693617)]
[(4, 0.47370894952006526), (6, 0.30491977493367978)]
[(0, 0.30348805706932885), (6, 0.45944237710687208)]
[(6, 0.61777986393748441)]
[(2, 0.25831277285901927), (4, 0.2120807565795873)]
[(4, 0.49110238098979297)]
[(4, 0.6149259883419349)]
[(3, 0.35291865660847499), (4, 0.45967237958920193)]
[(4, 0.51966602722967603)]
[(4, 0.73261034076292653)]
[(4, 0.40407420106815328), (6, 0.26346871031029684)]
[(5, 0.49855210264980687)]
[(4, 0.21051610121001504), (6, 0.41612531338231062)]
[(3, 0.41542347469013746)]
[(3, 0.54518518648211101)]
[(3, 0.47171548485883763)]
[(3, 0.57149563179641649)]
[(3, 0.56241265798426998), (4, 0.31626387833361819)]
[(6, 0.64792426392896019)]
[(2, 0.32165262122227573), (6, 0.45009825221923699)]
[(0, 0.46704918617956881)]
[(4, 0.47370561457952465), (6, 0.30491901061348464)]
[(0, 0.30349001937853742), (6, 0.4594436287834901)]
[(6, 0.61776764820555463)]
[(2, 0.25830961792299184), (4, 0.21207626741101529)]
[(4, 0.49109476199763719)]
[(4, 0.61492868302321224)]
[(3, 0.35290958007123507), (4, 0.45967889853564137)]
[(4, 0.51968298447599515)]
[(4, 0.7326059023622612)]
[(4, 0.40406792074247683), (6, 0.26345364562069773)]
[(5, 0.49855199531123379)]
[(4, 0.21051687882173339), (6, 0.41612399294853314)]
[(3, 0.41542425015506917)]
[(3, 0.5451912912603224)]
[(3, 0.47171410314977957)]
[(3, 0.57149630622498571)]
[(3, 0.56241326386445301), (4, 0.31626209728683008)]
[(6, 0.64792327813279571)]
[(2, 0.32165364967160759), (6, 0.45009942934366931)]
[(0, 0.46704817765264278)]
[(4, 0.47371161826391067), (6, 0.30492118351012948)]
[(0, 0.30349034971427863), (6, 0.45944359141344659)]
[(6, 0.61776829796869959)]
[(2, 0.25831288076098929), (4, 0.21208559221904613)]
[(4, 0.49110006647165827)]
[(4, 0.61492928399534719)]
[(3, 0.35290106003748895), (4, 0.45961551627003067)]
[(4, 0.51968140352680192)]
[(4, 0.73261183768896732)]
[(4, 0.40407489937284857), (6, 0.26347038538171191)]
[(5, 0.49854567816470891)]
[(4, 0.21051635741377828), (6, 0.41612434230402445)]
[(3, 0.41542542318351766)]
[(3, 0.54518877490874629)]
[(3, 0.47170639769105727)]
[(3, 0.5714963592220963)]
[(3, 0.56240969356960924), (4, 0.31626329528902591)]
[(6, 0.64792986743305347)]
[(2, 0.32165200728189475), (6, 0.45009756112999932)]
[(0, 0.46704540213374707)]
[(4, 0.47371330904707237), (6, 0.30492161037719046)]
[(0, 0.30349035756298648), (6, 0.45944401122548761)]
[(6, 0.61777807454670397)]
[(2, 0.25831060533973466), (4, 0.21208265342002486)]
[(4, 0.49109416191862604)]
[(4, 0.61493421836298356)]
[(3, 0.35287475680258329), (4, 0.45975914815259278)]
[(4, 0.51967548904938365)]
[(4, 0.73260180275530662)]
[(4, 0.40406907697210426), (6, 0.26345641950510973)]
[(5, 0.49855507495908591)]
[(4, 0.21051660978968509), (6, 0.41612420151029383)]
[(3, 0.41542559968576387)]
[(3, 0.54519016813074828)]
[(3, 0.47171352877227313)]
[(3, 0.57149573285945598)]
[(3, 0.56241106702405375), (4, 0.31626219833358282)]
[(6, 0.64792903103244126)]
[(2, 0.32165273052255472), (6, 0.45009837615127607)]
[(0, 0.467053939121993)]
[(4, 0.47371188440742762), (6, 0.30492109773396275)]
[(0, 0.30348934514881215), (6, 0.45944406032464175)]
[(6, 0.61777189811308364)]
[(2, 0.25831132514950839), (4, 0.21208094189934332)]
[(4, 0.49109418776655933)]
[(4, 0.61493167687342476)]
[(3, 0.35290831532317135), (4, 0.45960582032876762)]
[(4, 0.51967299435827763)]
[(4, 0.73260640470037253)]
[(4, 0.40407176424365482), (6, 0.26346286589945461)]
[(5, 0.49855287133061055)]
[(4, 0.21051573236557572), (6, 0.41612584452210027)]
[(3, 0.41541778684105596)]
[(3, 0.5451910129890547)]
[(3, 0.47171023813869756)]
[(3, 0.5714949412543171)]
[(3, 0.56241034247133359), (4, 0.31625951161525673)]
[(6, 0.64791501452737255)]
[(2, 0.32165329927392505), (6, 0.4500990255316103)]
[(0, 0.46704354077367344)]
[(4, 0.47371279792273407), (6, 0.30492140809456164)]
[(0, 0.30348915460741965), (6, 0.4594452685166372)]
[(6, 0.6177731668780565)]
[(2, 0.25831021225794099), (4, 0.21207764033093587)]
[(4, 0.49109980017501481)]
[(4, 0.61492828319297699)]
[(3, 0.35282463542580922), (4, 0.45974772050352714)]
[(4, 0.51966553266206572)]
[(4, 0.73260893936598726)]
[(4, 0.40406842674650112), (6, 0.26345485713014294)]
[(5, 0.49855151091280259)]
[(4, 0.21051677581572445), (6, 0.41612334782637961)]
[(3, 0.4154241078553661)]
[(3, 0.54518512847621781)]
[(3, 0.47170394493865775)]
[(3, 0.57149609330659534)]
[(3, 0.56241252683604681), (4, 0.31625539375844436)]
[(6, 0.64792618697743587)]
[(2, 0.32165520811645171), (6, 0.45010125813107532)]
[(0, 0.4670559528318764)]
[(4, 0.47370552077998612), (6, 0.30491873812827758)]
[(0, 0.30348892673575317), (6, 0.45944089175985559)]
[(6, 0.61777610240096192)]
[(2, 0.25831190817429334), (4, 0.21207898103898426)]
[(4, 0.49109830099517976)]
[(4, 0.61492441491703198)]
[(3, 0.35285004411153115), (4, 0.45981884655861316)]
[(4, 0.51968068607141804)]
[(4, 0.73260717993405622)]
[(4, 0.40407429839959724), (6, 0.26346894392706477)]
[(5, 0.49854989708110165)]
[(4, 0.21051673032758952), (6, 0.41612467087481375)]
[(3, 0.4154227839081604)]
[(3, 0.54518863915208438)]
[(3, 0.47171904187255015)]
[(3, 0.57149542604807069)]
[(3, 0.56241140032421577), (4, 0.31625941401349567)]
[(6, 0.647917812821308)]
[(2, 0.32165208368337822), (6, 0.45009764666527363)]
[(0, 0.46705575472660416)]
[(4, 0.47370502696439826), (6, 0.30491862806997116)]
[(0, 0.30349044667349123), (6, 0.45944528911838994)]
[(6, 0.61777262388440257)]
[(2, 0.25831104619421258), (4, 0.21207699797769389)]
[(4, 0.49109793953793068)]
[(4, 0.61493005242588472)]
[(3, 0.35285528822675383), (4, 0.45973866506776057)]
[(4, 0.5196821809586033)]
[(4, 0.73260936726321024)]
[(4, 0.40407025938718649), (6, 0.26345925619569338)]
[(5, 0.49855246440997969)]
[(4, 0.21051637485817065), (6, 0.41612515706084541)]
[(3, 0.41542410219677994)]
[(3, 0.54518637825698235)]
[(3, 0.47170205710291618)]
[(3, 0.57149587814276059)]
[(3, 0.562413978269521), (4, 0.31626229624443725)]
[(6, 0.64793093927848089)]
[(2, 0.32165206856702), (6, 0.45009762980838852)]
[(0, 0.46705582712512383)]
[(4, 0.47370729865149713), (6, 0.30491945522326258)]
[(0, 0.30349003568615635), (6, 0.45944378706950612)]
[(6, 0.6177709717472667)]
[(2, 0.25831029420426099), (4, 0.21207632292500816)]
[(4, 0.49109411530013264)]
[(4, 0.61492958478126147)]
[(3, 0.35285544185087592), (4, 0.45992425847985313)]
[(4, 0.51967315066737585)]
[(4, 0.73260702767244468)]
[(4, 0.40407041384917086), (6, 0.26345962633522835)]
[(5, 0.4985465398179188)]
[(4, 0.21051729188175147), (6, 0.41612311271386204)]
[(3, 0.41542407435507617)]
[(3, 0.54518928719612003)]
[(3, 0.47172070053656451)]
[(3, 0.57149622374969833)]
[(3, 0.56240845708650444), (4, 0.31625266752959408)]
[(6, 0.64793003831500617)]
[(2, 0.32165246219002086), (6, 0.45009807246324901)]
[(0, 0.46705798335055271)]
[(4, 0.47371346498312789), (6, 0.30492163216940199)]
[(0, 0.30349002432807093), (6, 0.4594450810035704)]
[(6, 0.61777061878149453)]
[(2, 0.25831162525373058), (4, 0.2120848001396978)]
[(4, 0.49109798312540631)]
[(4, 0.61492868631758535)]
[(3, 0.35282630762169842), (4, 0.45980104515956977)]
[(4, 0.5196751954017621)]
[(4, 0.73261285852364466)]
[(4, 0.40406823501629929), (6, 0.26345439948305638)]
[(5, 0.49855399336726691)]
[(4, 0.2105165194348719), (6, 0.41612379236751523)]
[(3, 0.41542035104019792)]
[(3, 0.54518606997422259)]
[(3, 0.47171635522002353)]
[(3, 0.57149635351524852)]
[(3, 0.56241228964028944), (4, 0.31626323083707408)]
[(6, 0.64791958870818311)]
[(2, 0.32165588948357127), (6, 0.45010207424016763)]
[(0, 0.46704730886677032)]
[(4, 0.47370530580939191), (6, 0.30491870855407266)]
[(0, 0.30348876642479988), (6, 0.45944450835795242)]
[(6, 0.61776961329953151)]
[(2, 0.25831315375617953), (4, 0.21208266425078601)]
[(4, 0.49110057718482886)]
[(4, 0.61492732090394875)]
[(3, 0.35288092002847471), (4, 0.45964427498705368)]
[(4, 0.5196814580877539)]
[(4, 0.73261137414797051)]
[(4, 0.4040723729177122), (6, 0.26346432592369484)]
[(5, 0.49854770295915635)]
[(4, 0.21051685297710024), (6, 0.41612411521159426)]
[(3, 0.41542266566628949)]
[(3, 0.54518961424360524)]
[(3, 0.4717183986154298)]
[(3, 0.57149566104110461)]
[(3, 0.56240871337811005), (4, 0.31625120656862843)]
[(6, 0.64792864193747202)]
[(2, 0.32165240850273147), (6, 0.45009801181028208)]
[(0, 0.4670480917406446)]
[(4, 0.47370528279790974), (6, 0.3049184043538678)]
[(0, 0.30349026430554626), (6, 0.45944524598704217)]
[(6, 0.61777375077659569)]
[(2, 0.25831089419796777), (4, 0.21207465860285132)]
[(4, 0.49109406962668811)]
[(4, 0.61493310819032243)]
[(3, 0.35288176748773348), (4, 0.45964967671089796)]
[(4, 0.51967081812113247)]
[(4, 0.73260988431063512)]
[(4, 0.40407450390887961), (6, 0.26346943676401385)]
[(5, 0.49855325282409779)]
[(4, 0.21051684975758733), (6, 0.41612281409699076)]
[(3, 0.41542440980589679)]
[(3, 0.54519142871051385)]
[(3, 0.47171089749433059)]
[(3, 0.57149573207466409)]
[(3, 0.56241334716774405), (4, 0.31625898318911538)]
[(6, 0.64792166024280184)]
[(2, 0.32165566165556186), (6, 0.4501018003898094)]
[(0, 0.46705629467388382)]
[(4, 0.47371059202398463), (6, 0.30492093746560023)]
[(0, 0.30348888346709707), (6, 0.45944467986312165)]
[(6, 0.61777837435771932)]
[(2, 0.25831343382081012), (4, 0.21208307592173115)]
[(4, 0.49109675909722084)]
[(4, 0.61493193190564821)]
[(3, 0.35285577271839863), (4, 0.45977093348044329)]
[(4, 0.51966850840742373)]
[(4, 0.73261039574085263)]
[(4, 0.40407249099726789), (6, 0.26346460916244929)]
[(5, 0.49855565423330211)]
[(4, 0.21051680717562832), (6, 0.41612334007370527)]
[(3, 0.41542426078948541)]
[(3, 0.54518724624906678)]
[(3, 0.47171659282729345)]
[(3, 0.57149583178930374)]
[(3, 0.56241331521031501), (4, 0.31626058446757299)]
[(6, 0.6479199089669555)]
[(2, 0.32165508942596427), (6, 0.45010111673197051)]
[(0, 0.46704453621059555)]
[(4, 0.47370722818326599), (6, 0.304919222028951)]
[(0, 0.30348928868296426), (6, 0.45944421425599402)]
[(6, 0.61777734386192418)]
[(2, 0.25831095724391395), (4, 0.21207604713793932)]
[(4, 0.49109803721766671)]
[(4, 0.61492633463966673)]
[(3, 0.35282970458919977), (4, 0.45980000707593904)]
[(4, 0.51967487666748124)]
[(4, 0.73260842512107627)]
[(4, 0.40407545685922697), (6, 0.26347172226183585)]
[(5, 0.49854774595593759)]
[(4, 0.21051625042848965), (6, 0.41612291614917507)]
[(3, 0.41542455231577485)]
[(3, 0.54518723010012526)]
[(3, 0.47170316825937925)]
[(3, 0.57149519267285742)]
[(3, 0.56240679611045785), (4, 0.31625205050062138)]
[(6, 0.64792462966216091)]
[(2, 0.32165185496597087), (6, 0.45009739131736398)]
[(0, 0.46705465141284425)]
[(4, 0.47370652559474169), (6, 0.30491919526726802)]
[(0, 0.30348970779980283), (6, 0.45944137103752752)]
[(6, 0.61777563789580248)]
[(2, 0.2583123544750992), (4, 0.21208391837726337)]
[(4, 0.49109732506981113)]
[(4, 0.61492621268198944)]
[(3, 0.35283831291807211), (4, 0.45985747526599363)]
[(4, 0.51966474549062991)]
[(4, 0.73261054232427447)]
[(4, 0.40407223896386663), (6, 0.26346400460706615)]
[(5, 0.49854995600301144)]
[(4, 0.21051623056520175), (6, 0.41612495345813222)]
[(3, 0.41542344596977526)]
[(3, 0.54519189519767164)]
[(3, 0.4717104294060141)]
[(3, 0.57149580969840663)]
[(3, 0.56241101728034359), (4, 0.31625964780493354)]
[(6, 0.64791742178507417)]
[(2, 0.32165517655803033), (6, 0.45010122060482444)]
[(0, 0.46705344503750879)]
[(4, 0.47370930439416892), (6, 0.30491989372841899)]
[(0, 0.30348995884682289), (6, 0.4594441545238156)]
[(6, 0.61776862946550204)]
[(2, 0.25831168357637607), (4, 0.21208029540637227)]
[(4, 0.49109550790500778)]
[(4, 0.61492915892927369)]
[(3, 0.35282420848238849), (4, 0.45981995513565926)]
[(4, 0.51966765404948156)]
[(4, 0.73260936811634814)]
[(4, 0.40406842952692523), (6, 0.26345486598816004)]
[(5, 0.4985505250801146)]
[(4, 0.21051658228509521), (6, 0.41612442476862282)]
[(3, 0.41542296827664904)]
[(3, 0.54518878296842477)]
[(3, 0.47171191215373792)]
[(3, 0.57149678417591743)]
[(3, 0.56241390624361787), (4, 0.31626224260064606)]
[(6, 0.6479258867272284)]
[(2, 0.32165594463522412), (6, 0.45010214078940586)]
[(0, 0.46704352274604621)]
[(4, 0.47371233078609687), (6, 0.30492136898930122)]
[(0, 0.30348902642625863), (6, 0.4594440562185812)]
[(6, 0.61776775728848277)]
[(2, 0.25831011369508494), (4, 0.21207521205524524)]
[(4, 0.49110086460911112)]
[(4, 0.61492417424959644)]
[(3, 0.35284803533665055), (4, 0.45988179021290071)]
[(4, 0.51968429346167777)]
[(4, 0.73260632456881236)]
[(4, 0.40406853439861484), (6, 0.2634551179085351)]
[(5, 0.49855020353181395)]
[(4, 0.21051637278180391), (6, 0.4161245091429927)]
[(3, 0.41542516273482472)]
[(3, 0.54518846109350161)]
[(3, 0.47169979836574449)]
[(3, 0.57149607946476555)]
[(3, 0.56241348598403229), (4, 0.31625891592674021)]
[(6, 0.64792051850932053)]
[(2, 0.32165548169471248), (6, 0.45010158466563427)]
[(0, 0.46704265810039147)]
[(4, 0.47370523723307556), (6, 0.30491869359540674)]
[(0, 0.30348947582560631), (6, 0.45944515934976532)]
[(6, 0.61777349164815654)]
[(2, 0.25831039096871544), (4, 0.21207403407059042)]
[(4, 0.49109492168239871)]
[(4, 0.61492293346742521)]
[(3, 0.35286932289795708), (4, 0.45975942637076977)]
[(4, 0.51967790516978163)]
[(4, 0.73261023237692646)]
[(4, 0.40407482164513925), (6, 0.26347019882870454)]
[(5, 0.4985556360305396)]
[(4, 0.21051670314785789), (6, 0.41612327367406021)]
[(3, 0.41542386872029097)]
[(3, 0.54518771930228627)]
[(3, 0.47171916753782817)]
[(3, 0.57149642070843254)]
[(3, 0.56241261561793188), (4, 0.31625962388552636)]
[(6, 0.64792194884074894)]
[(2, 0.32165352548850124), (6, 0.45009928608423305)]
[(0, 0.46705211655838474)]
[(4, 0.47370945365364686), (6, 0.30492026724398874)]
[(0, 0.30349039681013129), (6, 0.45944533539280513)]
[(6, 0.61776776121850197)]
[(2, 0.25830955650551607), (4, 0.21207803875918865)]
[(4, 0.49110099183997769)]
[(4, 0.61492507554840259)]
[(3, 0.35290580453230619), (4, 0.45966974688078471)]
[(4, 0.51966778906273303)]
[(4, 0.73260676355236987)]
[(4, 0.40407135619893342), (6, 0.26346188715652846)]
[(5, 0.49855039145674229)]
[(4, 0.2105165612459913), (6, 0.4161231195212825)]
[(3, 0.4154259003507989)]
[(3, 0.54518891916626167)]
[(3, 0.47171155341493459)]
[(3, 0.57149582495134332)]
[(3, 0.56241259630824203), (4, 0.31625802301129163)]
[(6, 0.6479235067163549)]
[(2, 0.3216519987753087), (6, 0.45009755153690151)]
[(0, 0.46705598179818297)]
[(4, 0.47371027834484242), (6, 0.30491982662929212)]
[(0, 0.3034904930072051), (6, 0.45944394847237519)]
[(6, 0.61777569109651898)]
[(2, 0.25831281365575753), (4, 0.21208578335187123)]
[(4, 0.49109563306925902)]
[(4, 0.61493417835317277)]
[(3, 0.35286523217285648), (4, 0.45968200905406503)]
[(4, 0.51967771455251799)]
[(4, 0.73260781851781243)]
[(4, 0.40406934497455205), (6, 0.2634570624809367)]
[(5, 0.49854607384928329)]
[(4, 0.21051685635160722), (6, 0.41612494113461501)]
[(3, 0.41541933418806248)]
[(3, 0.54518942843799856)]
[(3, 0.4717135375717168)]
[(3, 0.57149565514290546)]
[(3, 0.56240828573554025), (4, 0.31625286075069903)]
[(6, 0.64793137773943243)]
[(2, 0.32165214341212334), (6, 0.45009771362457673)]
[(0, 0.46705134210356458)]
[(4, 0.47370642390123985), (6, 0.30491891303056717)]
[(0, 0.30349070760155888), (6, 0.45944345950598858)]
[(6, 0.61777483395524513)]
[(2, 0.25831208685744772), (4, 0.21208319314978774)]
[(4, 0.49109892942255423)]
[(4, 0.61493041282248317)]
[(3, 0.35286428116396634), (4, 0.45967778302508394)]
[(4, 0.51967240982337182)]
[(4, 0.73260997877567613)]
[(4, 0.40407420438313013), (6, 0.26346871848602033)]
[(5, 0.49855043780984748)]
[(4, 0.21051608660176796), (6, 0.41612574373927391)]
[(3, 0.41542577228526845)]
[(3, 0.54518375006248143)]
[(3, 0.47170935599270686)]
[(3, 0.57149626012195021)]
[(3, 0.56240956838002554), (4, 0.31625228976446251)]
[(6, 0.64792610774143888)]
[(2, 0.32165475065138116), (6, 0.45010071569467491)]
[(0, 0.46704399513201572)]
[(4, 0.47371257503352693), (6, 0.30492139906588855)]
[(0, 0.30349067925856382), (6, 0.45944350453430227)]
[(6, 0.617775061783433)]
[(2, 0.25831181060096581), (4, 0.21207394351751643)]
[(4, 0.49109505320237162)]
[(4, 0.61493229694517615)]
[(3, 0.352829862188212), (4, 0.45987249830589205)]
[(4, 0.51966992698860437)]
[(4, 0.73261406548891106)]
[(4, 0.40407473081784262), (6, 0.26346998118502823)]
[(5, 0.49855459307695948)]
[(4, 0.21051653893205921), (6, 0.41612329568229983)]
[(3, 0.41542256744108486)]
[(3, 0.54518555741011054)]
[(3, 0.4717164833684423)]
[(3, 0.57149578147560631)]
[(3, 0.56241445251148336), (4, 0.31626110548899472)]
[(6, 0.64791744851831334)]
[(2, 0.32165381901758733), (6, 0.45009962545152399)]
[(0, 0.46704746836266375)]
[(4, 0.47370658371385999), (6, 0.30491899991579169)]
[(0, 0.3034885614115278), (6, 0.45944554782271457)]
[(6, 0.61777241221294132)]
[(2, 0.25831278077506858), (4, 0.21207858521143147)]
[(4, 0.49110113185993909)]
[(4, 0.61492014829532593)]
[(3, 0.35284281340352591), (4, 0.45979575295424802)]
[(4, 0.51968135567248175)]
[(4, 0.73260741073361479)]
[(4, 0.40406966999536498), (6, 0.26345784225259983)]
[(5, 0.49854631493297386)]
[(4, 0.21051635523126147), (6, 0.41612568983081644)]
[(3, 0.41542425589977533)]
[(3, 0.54518897239155595)]
[(3, 0.47171154233569301)]
[(3, 0.57149496628855379)]
[(3, 0.56241393026899711), (4, 0.31626080392705924)]
[(6, 0.64792989234092846)]
[(2, 0.32165526434151048), (6, 0.45010132512910578)]
[(0, 0.46704327318299754)]
[(4, 0.47371228160357937), (6, 0.3049212458863087)]
[(0, 0.30348951775233562), (6, 0.45944525999410851)]
[(6, 0.61776990163049283)]
[(2, 0.25831282295016683), (4, 0.21208305493181118)]
[(4, 0.49109423350120546)]
[(4, 0.61492349029112303)]
[(3, 0.35286753990979675), (4, 0.45987872949265562)]
[(4, 0.51967399689982063)]
[(4, 0.73260714977028685)]
[(4, 0.40406936821908152), (6, 0.26345711826813578)]
[(5, 0.49854953471529079)]
[(4, 0.21051710041601271), (6, 0.4161231861062919)]
[(3, 0.41542332589291642)]
[(3, 0.54518843075850865)]
[(3, 0.47171395865108745)]
[(3, 0.571496584618717)]
[(3, 0.56240552167520963), (4, 0.31625538237770973)]
[(6, 0.64792868987560048)]
[(2, 0.32165536060141287), (6, 0.450101439976966)]
[(0, 0.46705298338649742)]
[(4, 0.47370931962399537), (6, 0.30492022272741887)]
[(0, 0.30349048609995682), (6, 0.4594433074979371)]
[(6, 0.61777074554835099)]
[(2, 0.25831149994259944), (4, 0.21208100484093026)]
[(4, 0.49109453168853029)]
[(4, 0.61493299333810358)]
[(3, 0.35287752173395037), (4, 0.45973847162827602)]
[(4, 0.51966421718299882)]
[(4, 0.73260967558985546)]
[(4, 0.40407500755996345), (6, 0.26347064452359753)]
[(5, 0.49854849649593291)]
[(4, 0.21051625160035148), (6, 0.41612610477839701)]
[(3, 0.41542438462597064)]
[(3, 0.54518921050707159)]
[(3, 0.47171910927052291)]
[(3, 0.57149548335200551)]
[(3, 0.56241421347624931), (4, 0.31625802423701133)]
[(6, 0.64791909728381925)]
[(2, 0.32165573842412559), (6, 0.45010189272404838)]
[(0, 0.46704388664082608)]
[(4, 0.47370753725519094), (6, 0.30491951417768148)]
[(0, 0.30348828092791891), (6, 0.45944482017066562)]
[(6, 0.61777586155643205)]
[(2, 0.25831110099977295), (4, 0.21208257748895337)]
[(4, 0.49109924406069494)]
[(4, 0.6149275660586413)]
[(3, 0.35283587678713441), (4, 0.45981013984876112)]
[(4, 0.5196710365922802)]
[(4, 0.73261078978456518)]
[(4, 0.40407297026761102), (6, 0.26346575835057523)]
[(5, 0.49854992540978088)]
[(4, 0.21051781643729639), (6, 0.41612358751460399)]
[(3, 0.41542675066162177)]
[(3, 0.54518588752192754)]
[(3, 0.47171867761054354)]
[(3, 0.57149594153605765)]
[(3, 0.5624058645776614), (4, 0.31625606155366881)]
[(6, 0.64791910304666189)]
[(2, 0.3216548742882529), (6, 0.45010086186888931)]
[(0, 0.46704748849737066)]
[(4, 0.47370592017904889), (6, 0.3049187095821943)]
[(0, 0.30349076229191857), (6, 0.45944468966004698)]
[(6, 0.61777381875921888)]
[(2, 0.25831096139839621), (4, 0.21208209482819773)]
[(4, 0.4910976932106495)]
[(4, 0.61492977699016249)]
[(3, 0.35287684627307475), (4, 0.4597488287594706)]
[(4, 0.51968473645217295)]
[(4, 0.73261009251092368)]
[(4, 0.40406916305253615), (6, 0.26345662589602187)]
[(5, 0.49854693458554716)]
[(4, 0.21051640401561472), (6, 0.4161237962153313)]
[(3, 0.41542267090510376)]
[(3, 0.54518575229903221)]
[(3, 0.47171247081985063)]
[(3, 0.57149538246545217)]
[(3, 0.56240860527281944), (4, 0.31624981310448502)]
[(6, 0.64793169962152186)]
[(2, 0.3216537588019851), (6, 0.45009955582848221)]
[(0, 0.46704792640770182)]
[(4, 0.47371017834807067), (6, 0.30492046261904299)]
[(0, 0.30348846540331631), (6, 0.45944142261605325)]
[(6, 0.61777638345747765)]
[(2, 0.25831154203244888), (4, 0.21208157248033785)]
[(4, 0.49109869859495825)]
[(4, 0.61492903020907985)]
[(3, 0.35283284804686299), (4, 0.45983510994310445)]
[(4, 0.51967055186469624)]
[(4, 0.7326087926380932)]
[(4, 0.40407495254905734), (6, 0.26347051281809608)]
[(5, 0.49854861391653238)]
[(4, 0.21051659988612967), (6, 0.41612340127887248)]
[(3, 0.41541336614186608)]
[(3, 0.54518849638723854)]
[(3, 0.47170972185672805)]
[(3, 0.57149556208390173)]
[(3, 0.5624147919963457), (4, 0.31625876535519126)]
[(6, 0.64792735596432871)]
[(2, 0.3216521264021085), (6, 0.45009769455542858)]
[(0, 0.46706313906043323)]
[(4, 0.47371330771772385), (6, 0.30492159711396732)]
[(0, 0.3034901181469275), (6, 0.45944399220009513)]
[(6, 0.61777542097424509)]
[(2, 0.25831236482628361), (4, 0.21208399123579966)]
[(4, 0.49109902612380374)]
[(4, 0.61492028608780547)]
[(3, 0.35283157549312349), (4, 0.45988318542977319)]
[(4, 0.51967086667001727)]
[(4, 0.73261141594564239)]
[(4, 0.40406940786799245), (6, 0.26345721271093858)]
[(5, 0.49854629672830314)]
[(4, 0.21051625777246269), (6, 0.41612335405433343)]
[(3, 0.41542067042356517)]
[(3, 0.54519015507092383)]
[(3, 0.47171204087574942)]
[(3, 0.57149597283197717)]
[(3, 0.56241002351370273), (4, 0.31626531007108688)]
[(6, 0.64791568384034404)]
[(2, 0.32165347020970653), (6, 0.45009922219891718)]
[(0, 0.46704404010777417)]
[(4, 0.47371039073808735), (6, 0.30492061362931155)]
[(0, 0.30348899488035513), (6, 0.45944543026338697)]
[(6, 0.61776914160457619)]
[(2, 0.25831238058734257), (4, 0.21208172915874424)]
[(4, 0.49109552382038268)]
[(4, 0.61492610402103109)]
[(3, 0.35286115242717414), (4, 0.45983213395675876)]
[(4, 0.51966572477754402)]
[(4, 0.73260785391315841)]
[(4, 0.40407305317271341), (6, 0.26346595751125335)]
[(5, 0.49855475571371538)]
[(4, 0.21051602449673856), (6, 0.4161251061801266)]
[(3, 0.4154196604242551)]
[(3, 0.54519254471329259)]
[(3, 0.47170875487651859)]
[(3, 0.57149611275843881)]
[(3, 0.56241007531336573), (4, 0.31625800152855693)]
[(6, 0.64792564431234612)]
[(2, 0.32165240152394675), (6, 0.45009800390234161)]
[(0, 0.46705019489185773)]
[(4, 0.47370959088898584), (6, 0.30492027287061735)]
[(0, 0.30348880646943743), (6, 0.45944407572429191)]
[(6, 0.61777108745767428)]
[(2, 0.25830977988764742), (4, 0.21208108350210578)]
[(4, 0.49109479378373394)]
[(4, 0.61493261902735608)]
[(3, 0.35291865266634853), (4, 0.45967330428279352)]
[(4, 0.51967451887914273)]
[(4, 0.73260813516920631)]
[(4, 0.4040680242243016), (6, 0.26345389386817847)]
[(5, 0.49855310725608565)]
[(4, 0.21051637340063287), (6, 0.41612478777346773)]
[(3, 0.4154241862126275)]
[(3, 0.54518989057264045)]
[(3, 0.47171523882588023)]
[(3, 0.57149530626636003)]
[(6, 0.5714285678602945)]
