[(2, 0.57142854912866392)]
[(3, 0.73182527843014733), (4, 0.2529322853790642)]
[(6, 0.53543121786239256)]
[(0, 0.2854624652065102), (4, 0.22833532879218332)]
[(0, 0.25519488466963464), (6, 0.41530721452807751)]
[(2, 0.42286476511386867)]
[(4, 0.73157432509053477)]
[(4, 0.63398706622129086)]
[(4, 0.74095815518046093)]
[(4, 0.43707648308555563), (6, 0.24491688845482601)]
[(5, 0.32601104871433401)]
[(3, 0.41823163426430698), (6, 0.26319207132574851)]
[(3, 0.49886434813866432), (6, 0.21030999295947836)]
[(4, 0.22649495517225049), (6, 0.41224389168942333)]
[(1, 0.22622062277859306), (6, 0.39725507198418808)]
[(2, 0.37230826938095507), (6, 0.23754993193888246)]
[(1, 0.40313828874236152)]
[(1, 0.43430522783456882)]
[(1, 0.36018924387177004), (4, 0.22853339548021023)]
[(1, 0.54536012563545699)]
[(1, 0.26908810310136283), (5, 0.20682917941839751)]
[(3, 0.73182917859549534), (4, 0.25292838503004689)]
[(6, 0.53543173260701316)]
[(0, 0.28546217705754373), (4, 0.22833527489999172)]
[(0, 0.25519192374449484), (6, 0.41530787227315452)]
[(2, 0.42286805067238042)]
[(4, 0.73159069672339205)]
[(4, 0.6339870835237571)]
[(4, 0.74093235287345782)]
[(4, 0.43707653848504213), (6, 0.24491732657037374)]
[(5, 0.32601010660342178)]
[(3, 0.41823168950180845), (6, 0.26319354367141529)]
[(3, 0.49886199999784492), (6, 0.21031062978859777)]
[(4, 0.2264946275590437), (6, 0.41224333023435461)]
[(1, 0.22622402717288861), (6, 0.3972638486968636)]
[(2, 0.37230564157553314), (6, 0.23754729069405389)]
[(1, 0.40312858003177382)]
[(1, 0.43431150196241963)]
[(1, 0.36016056282847608), (4, 0.22853198005696462)]
[(1, 0.54534660520934153)]
[(1, 0.26908857703629024), (5, 0.20683012442112875)]
[(3, 0.73183762312737333), (4, 0.25291994005475071)]
[(6, 0.53543182592929839)]
[(0, 0.28546401732300614), (4, 0.22833561950730133)]
[(0, 0.25519511663531291), (6, 0.415307124413205)]
[(2, 0.42286752998531685)]
[(4, 0.73158752776344116)]
[(4, 0.63398702739812818)]
[(4, 0.74093555755828477)]
[(4, 0.43707698319809574), (6, 0.2449200333447191)]
[(5, 0.32601056133839751)]
[(3, 0.41823175086305187), (6, 0.26319353396672635)]
[(3, 0.49886228494671347), (6, 0.21031009000178472)]
[(4, 0.22649994502266019), (6, 0.41225233632764413)]
[(1, 0.22622537319602617), (6, 0.39726619632171006)]
[(2, 0.37226021835968165), (6, 0.23749443205788021)]
[(1, 0.40313955951732361)]
[(1, 0.43431525759813699)]
[(1, 0.36016014113384165), (4, 0.22853195923453626)]
[(1, 0.54536330683986411)]
[(1, 0.26908838005256414), (5, 0.20682992632697783)]
[(3, 0.73182786712132952), (4, 0.25292969658288672)]
[(6, 0.53543121991090081)]
[(0, 0.28546176241665516), (4, 0.22833519734496444)]
[(0, 0.25519491799145155), (6, 0.41530733591390212)]
[(2, 0.42287201057337609)]
[(4, 0.73158550112776732)]
[(4, 0.63398707054345793)]
[(4, 0.74094031892377799)]
[(4, 0.4370766976719121), (6, 0.24491847636413636)]
[(5, 0.32600961966817982)]
[(3, 0.41823175646664118), (6, 0.26319368399369258)]
[(3, 0.49886335032182427), (6, 0.21031025602984632)]
[(4, 0.22649586451944784), (6, 0.41224545829462794)]
[(1, 0.22622481533687955), (6, 0.3972639888162377)]
[(2, 0.37232034414853615), (6, 0.23756416659487586)]
[(1, 0.40313445765559824)]
[(1, 0.4343135019427744)]
[(1, 0.36016369199388082), (4, 0.22853213452294036)]
[(1, 0.54534290444799616)]
[(1, 0.26909008262673584), (5, 0.20682908799430588)]
[(3, 0.7318572868133898), (4, 0.25290027425595962)]
[(6, 0.53543122209530936)]
[(0, 0.28546409719682991), (4, 0.22833563489372746)]
[(0, 0.25519495581184543), (6, 0.41530728136064182)]
[(2, 0.42287024897755432)]
[(4, 0.7315724903517522)]
[(4, 0.6339871590698839)]
[(4, 0.74095867648417435)]
[(4, 0.4370770053023964), (6, 0.24492029562272402)]
[(5, 0.32601157445836187)]
[(3, 0.41823163039686923), (6, 0.26319191658331359)]
[(3, 0.49886316203579206), (6, 0.21030989204602732)]
[(4, 0.2264992280998212), (6, 0.41225118429303498)]
[(1, 0.22622350963591076), (6, 0.39726321291254096)]
[(2, 0.37228661462715235), (6, 0.23752443708789903)]
[(1, 0.40313189895197449)]
[(1, 0.43430631973192413)]
[(1, 0.36018291524309998), (4, 0.22853308322324289)]
[(1, 0.54534174797359436)]
[(1, 0.26908965561034998), (5, 0.20682956697106078)]
[(3, 0.73182905522635577), (4, 0.25292850840639447)]
[(6, 0.53543076275336232)]
[(0, 0.28546220378451626), (4, 0.22833527978938253)]
[(0, 0.25519451625667977), (6, 0.41530729706182035)]
[(2, 0.42286961796217454)]
[(4, 0.73157069353234028)]
[(4, 0.63398709512505524)]
[(4, 0.74090040697956672)]
[(4, 0.43707721937386479), (6, 0.24492125228455325)]
[(5, 0.32601110927261567)]
[(3, 0.4182315974300021), (6, 0.26319349432318179)]
[(3, 0.49886646214593033), (6, 0.21031041198427103)]
[(4, 0.22649921791412328), (6, 0.4122511457498419)]
[(1, 0.22622510839583446), (6, 0.39726477706006758)]
[(2, 0.37228918126800664), (6, 0.23752836895199678)]
[(1, 0.40312842956637995)]
[(1, 0.43431295151788313)]
[(1, 0.36017835596277464), (4, 0.22853285827408684)]
[(1, 0.5453602680045162)]
[(1, 0.26908640161438879), (5, 0.20682840746623835)]
[(3, 0.731855973577476), (4, 0.25290158808190349)]
[(6, 0.53543151584394266)]
[(0, 0.28546375153824349), (4, 0.22833556980854006)]
[(0, 0.25519497083639275), (6, 0.41530701026332889)]
[(2, 0.42286814899133768)]
[(4, 0.73157613148994316)]
[(4, 0.63398710639837619)]
[(4, 0.7409279242756478)]
[(4, 0.43707734951138738), (6, 0.24491960317966549)]
[(5, 0.3260100650715792)]
[(3, 0.41823160803652859), (6, 0.26319176984091469)]
[(3, 0.49886472021330386), (6, 0.21030975335150542)]
[(4, 0.22649863934740491), (6, 0.41225009658234169)]
[(1, 0.22622546818129063), (6, 0.39726519687365097)]
[(2, 0.37224779754477683), (6, 0.23748076781354663)]
[(1, 0.40313037315695077)]
[(1, 0.43431194935116341)]
[(1, 0.36016400772572299), (4, 0.22853215010324188)]
[(1, 0.5453615324218607)]
[(1, 0.26908672268826572), (5, 0.20682897468211858)]
[(3, 0.73185560098549385), (4, 0.25290196068620791)]
[(6, 0.53542488514017494)]
[(0, 0.28546310372454592), (4, 0.22833544841490622)]
[(0, 0.25519462802601539), (6, 0.41530749001735112)]
[(2, 0.42286708413718777)]
[(4, 0.73159855089578218)]
[(4, 0.63398734996709094)]
[(4, 0.74093582750928777)]
[(4, 0.4370770459450371), (6, 0.24492108031583062)]
[(5, 0.32600936300469396)]
[(3, 0.41823160759026701), (6, 0.26319178263783394)]
[(3, 0.49886465480415082), (6, 0.21030986218486217)]
[(4, 0.22649838548196818), (6, 0.41224982010436106)]
[(1, 0.22622220185411418), (6, 0.39726131437648016)]
[(2, 0.37226566061412258), (6, 0.237500951366337)]
[(1, 0.40312229544378797)]
[(1, 0.4343150793670239)]
[(1, 0.36015318113534722), (4, 0.22853161565252789)]
[(1, 0.54536836262805588)]
[(1, 0.26908417196213924), (5, 0.20682959917199858)]
[(3, 0.73182646411306063), (4, 0.2529310996536262)]
[(6, 0.53542395174011148)]
[(0, 0.28546478095159983), (4, 0.22833576303699313)]
[(0, 0.2551948723350162), (6, 0.41530725081624881)]
[(2, 0.42286534406459181)]
[(4, 0.7315787298023072)]
[(4, 0.63398735253932859)]
[(4, 0.74096966431576772)]
[(4, 0.43707747919675405), (6, 0.24492245163611476)]
[(5, 0.32600947133453745)]
[(3, 0.41823162682694465), (6, 0.26319217544954743)]
[(3, 0.49886521589444666), (6, 0.21030971297420145)]
[(4, 0.22649376888635156), (6, 0.41224165726300721)]
[(1, 0.22622406469954631), (6, 0.39726356269090279)]
[(2, 0.37231235966655474), (6, 0.23755505169775573)]
[(1, 0.40314051950695401)]
[(1, 0.43431388579089741)]
[(1, 0.36016114738617266), (4, 0.22853200893847639)]
[(1, 0.54535784443637081)]
[(1, 0.26908746642493797), (5, 0.20682866568897743)]
[(3, 0.73183039929926252), (4, 0.25292716422040523)]
[(6, 0.53542901381626884)]
[(0, 0.28546410163038671), (4, 0.22833563547036984)]
[(0, 0.25519503063500387), (6, 0.41530710551619981)]
[(2, 0.42286838519548348)]
[(4, 0.73158690922782132)]
[(4, 0.6339870856675679)]
[(4, 0.74090932489754391)]
[(4, 0.43707742055503523), (6, 0.24492272477634425)]
[(5, 0.32600911180931774)]
[(3, 0.41823165224575387), (6, 0.26319264281690125)]
[(3, 0.49886231473943998), (6, 0.21031025949053925)]
[(4, 0.22649471917795186), (6, 0.41224248234830324)]
[(1, 0.2262211640151576), (6, 0.39725885096442448)]
[(2, 0.37230459754579365), (6, 0.23754584517087599)]
[(1, 0.40313915660061655)]
[(1, 0.43431467020408754)]
[(1, 0.36017552110204337), (4, 0.22853271836850964)]
[(1, 0.54534280301261928)]
[(1, 0.26908616661617563), (5, 0.20682872890613296)]
[(3, 0.7318295379863089), (4, 0.25292802561464067)]
[(6, 0.53542861085121141)]
[(0, 0.28546228337519264), (4, 0.22833529510451739)]
[(0, 0.2551915593762607), (6, 0.41530806028684297)]
[(2, 0.42286574266547172)]
[(4, 0.73159827765899355)]
[(4, 0.63398710878343001)]
[(4, 0.74094965427487403)]
[(4, 0.43707697110689031), (6, 0.24492094407135229)]
[(5, 0.32600943806998856)]
[(3, 0.4182316829143562), (6, 0.26319299602940932)]
[(3, 0.49886281085093764), (6, 0.21031003505211168)]
[(4, 0.22649386242355363), (6, 0.41224206528401525)]
[(1, 0.22622607715603174), (6, 0.39726784643796159)]
[(2, 0.37225728827377913), (6, 0.23749149127587055)]
[(1, 0.40314629922780926)]
[(1, 0.43430486772966787)]
[(1, 0.36018444741633415), (4, 0.22853315888551626)]
[(1, 0.54534569892095863)]
[(1, 0.26908754612652358), (5, 0.20682852819009934)]
[(3, 0.73183881416856933), (4, 0.25291874892525595)]
[(6, 0.53543288205607331)]
[(0, 0.28546497609658761), (4, 0.2283357991816593)]
[(0, 0.25519517322410534), (6, 0.41530734479793419)]
[(2, 0.42286914347050641)]
[(4, 0.73158996147115818)]
[(4, 0.6339871004595109)]
[(4, 0.74096453190732492)]
[(4, 0.43707707745723756), (6, 0.24491982674243992)]
[(5, 0.32601020036780654)]
[(3, 0.41823169726892473), (6, 0.26319354680546564)]
[(3, 0.49886476627064941), (6, 0.21030976347487951)]
[(4, 0.22649382235168813), (6, 0.41224200702032382)]
[(1, 0.22621847085392116), (6, 0.39724936797800858)]
[(2, 0.37229643709966254), (6, 0.23753662575230003)]
[(1, 0.40313482254314398)]
[(1, 0.43431454610982095)]
[(1, 0.36017007132084145), (4, 0.22853244941179174)]
[(1, 0.54534156029226555)]
[(1, 0.26908477431951), (5, 0.20682951975247546)]
[(3, 0.73184596115910083), (4, 0.25291160160568904)]
[(6, 0.53542621128461787)]
[(0, 0.28546530206866233), (4, 0.2283358607772743)]
[(0, 0.25519168570735301), (6, 0.41530811010056679)]
[(2, 0.42286694373765304)]
[(4, 0.73157207571157845)]
[(4, 0.63398708108240542)]
[(4, 0.74092337879196246)]
[(4, 0.43707692903304429), (6, 0.24491985992633386)]
[(5, 0.32601022526975465)]
[(3, 0.41823171646884377), (6, 0.26319415226243958)]
[(3, 0.49886204467568174), (6, 0.2103104827722232)]
[(4, 0.22649740478823796), (6, 0.41224814969705936)]
[(1, 0.22622434936493763), (6, 0.39726436770472506)]
[(2, 0.37231818067800915), (6, 0.23756148500505284)]
[(1, 0.40314909876807486)]
[(1, 0.43430878634919379)]
[(1, 0.36016267258034745), (4, 0.2285320842214201)]
[(1, 0.54534417076049535)]
[(1, 0.2691017529314268), (5, 0.20682902891065658)]
[(3, 0.73183777441637854), (4, 0.25291978877269278)]
[(6, 0.53543237830749491)]
[(0, 0.28546319140341075), (4, 0.22833546491176493)]
[(0, 0.25519498326475532), (6, 0.41530708089729007)]
[(2, 0.4228668749549912)]
[(4, 0.7315823217021199)]
[(4, 0.6339870189330945)]
[(4, 0.74090531872259635)]
[(4, 0.43707722075796362), (6, 0.24492047156831451)]
[(5, 0.32600821048759582)]
[(3, 0.41823176440341286), (6, 0.26319373878670821)]
[(3, 0.49886445006639096), (6, 0.21030973711231252)]
[(4, 0.22649891417066734), (6, 0.41225056991334058)]
[(1, 0.22621946620765807), (6, 0.39725665763459878)]
[(2, 0.37225143811284966), (6, 0.23748453166558581)]
[(1, 0.40312388672322458)]
[(1, 0.43431426501819581)]
[(1, 0.36016819206452771), (4, 0.22853235664706475)]
[(1, 0.54536637238040164)]
[(1, 0.26908296781810287), (5, 0.20682893356873616)]
[(3, 0.73185615954868766), (4, 0.25290140229557007)]
[(6, 0.53542815167703606)]
[(0, 0.28546436776485329), (4, 0.22833568566390913)]
[(0, 0.25519495515320456), (6, 0.41530702803649133)]
[(2, 0.42286453380466932)]
[(4, 0.73158585776921758)]
[(4, 0.63398701524359857)]
[(4, 0.74090358414138902)]
[(4, 0.43707716101894756), (6, 0.24492277181600383)]
[(5, 0.32601013990609673)]
[(3, 0.41823153394884238), (6, 0.263193033623707)]
[(3, 0.49886308274457525), (6, 0.2103103178319212)]
[(4, 0.22650008046935408), (6, 0.4122526939953719)]
[(1, 0.22622442971605847), (6, 0.39726421772303622)]
[(2, 0.37230156384731666), (6, 0.23754258555969013)]
[(1, 0.40314726584748495)]
[(1, 0.43431388864326703)]
[(1, 0.36017997232076787), (4, 0.22853293801319272)]
[(1, 0.54534411392931981)]
[(1, 0.26908509477403103), (5, 0.20682878833593135)]
[(3, 0.73184752386906615), (4, 0.25291003866305078)]
[(6, 0.5354292250104965)]
[(0, 0.28546390275697786), (4, 0.22833559836775758)]
[(0, 0.25519429849930136), (6, 0.41530752010289851)]
[(2, 0.42286715030540617)]
[(4, 0.7315870890886067)]
[(4, 0.63398700144745501)]
[(4, 0.74092553808963035)]
[(4, 0.43707704981218798), (6, 0.24492063496339536)]
[(5, 0.32600881370978385)]
[(3, 0.41823177477762341), (6, 0.26319400789639447)]
[(3, 0.49886631346130955), (6, 0.21030940406728338)]
[(4, 0.2264941968833793), (6, 0.41224219498990106)]
[(1, 0.22621845388713954), (6, 0.39725520322371211)]
[(2, 0.37230937638078876), (6, 0.23755158140022856)]
[(1, 0.40313200699241991)]
[(1, 0.43431458105783077)]
[(1, 0.36016719887726251), (4, 0.22853230764003876)]
[(1, 0.54534311408550196)]
[(1, 0.26908662759568791), (5, 0.20682747204468194)]
[(3, 0.73185725789964839), (4, 0.25290030362191768)]
[(6, 0.53543130569990494)]
[(0, 0.28546515535190031), (4, 0.22833583288493928)]
[(0, 0.2551929642403844), (6, 0.41530753402828646)]
[(2, 0.42287152922263171)]
[(4, 0.73158964197410414)]
[(4, 0.63398709478697479)]
[(4, 0.74090585369097384)]
[(4, 0.43707719557180891), (6, 0.24492029576428545)]
[(5, 0.32601043971175814)]
[(3, 0.41823165289650999), (6, 0.26319249292157426)]
[(3, 0.49886202328712426), (6, 0.21031033192097742)]
[(4, 0.2264951390449397), (6, 0.41224404064772624)]
[(1, 0.2262205790971698), (6, 0.39725956761174436)]
[(2, 0.3722871900395201), (6, 0.23752549398140035)]
[(1, 0.40314453368074288)]
[(1, 0.43431339735262053)]
[(1, 0.36015883714429292), (4, 0.22853189487511849)]
[(1, 0.54534411543462591)]
[(1, 0.26908531780128547), (5, 0.20682917063657213)]
[(3, 0.73185066982935854), (4, 0.25290689247893128)]
[(6, 0.53543287691288233)]
[(0, 0.28546477028758072), (4, 0.22833576118556581)]
[(0, 0.25519489006965096), (6, 0.4153073539357679)]
[(2, 0.42286738812284297)]
[(4, 0.73159612699906318)]
[(4, 0.63398707856849079)]
[(4, 0.74095007110580025)]
[(4, 0.43707761073740647), (6, 0.24492274472608866)]
[(5, 0.32601112758584427)]
[(3, 0.41823167973499825), (6, 0.26319302669040834)]
[(3, 0.49886359359546484), (6, 0.21031028524615683)]
[(4, 0.22649326614407214), (6, 0.41224091298064203)]
[(1, 0.22622320191731329), (6, 0.39726425979766467)]
[(2, 0.37228307524921123), (6, 0.23752122958432623)]
[(1, 0.40314243561978075)]
[(1, 0.43430597338353627)]
[(1, 0.36015602888329534), (4, 0.22853175623563959)]
[(1, 0.54536074476088336)]
[(1, 0.2690906248019696), (5, 0.20682766810842246)]
[(3, 0.73183324451432274), (4, 0.25292431892100548)]
[(6, 0.53543094414411807)]
[(0, 0.28546491407755759), (4, 0.22833578797462634)]
[(0, 0.25519507612930686), (6, 0.41530711840736728)]
[(2, 0.42286425209227402)]
[(4, 0.73158615028115281)]
[(4, 0.63398733250039874)]
[(4, 0.74093428957290075)]
[(4, 0.43707758131056273), (6, 0.24492297561268925)]
[(5, 0.32600981299985909)]
[(3, 0.41823161522512869), (6, 0.26319194602835422)]
[(3, 0.4988640781978062), (6, 0.21030997324181444)]
[(4, 0.22649655432393431), (6, 0.41224658710577439)]
[(1, 0.22622061249965902), (6, 0.3972605407734493)]
[(2, 0.37225852764087186), (6, 0.23749269867334816)]
[(1, 0.40313191315855562)]
[(1, 0.43430232309025185)]
[(1, 0.36017581838419338), (4, 0.2285327330208875)]
[(1, 0.54536257344294625)]
[(1, 0.26908791619039785), (5, 0.20682982730589872)]
[(3, 0.73182993717093836), (4, 0.25292762641660188)]
[(6, 0.53543024390623672)]
[(0, 0.28546537496910079), (4, 0.228335874392146)]
[(0, 0.25519489847917282), (6, 0.41530712792987623)]
[(2, 0.42286723349136818)]
[(4, 0.73159907219652809)]
[(4, 0.63398715626556224)]
[(4, 0.7409680831845542)]
[(4, 0.43707709757752061), (6, 0.24492114499997286)]
[(5, 0.32601154093980578)]
[(3, 0.41823163422562465), (6, 0.26319207781296067)]
[(3, 0.49886247328156524), (6, 0.21031030070987441)]
[(4, 0.22649836017753691), (6, 0.41224970436430103)]
[(1, 0.2262155102162508), (6, 0.39725245745909826)]
[(2, 0.37231453258398745), (6, 0.23755736865895227)]
[(1, 0.40315060607859116)]
[(1, 0.43431641972409279)]
[(1, 0.36016479282917396), (4, 0.22853218888515578)]
[(1, 0.54536177322788471)]
[(1, 0.26908873610673562), (5, 0.20682983346005379)]
[(3, 0.73185181194474858), (4, 0.25290575012103511)]
[(6, 0.53543118516650068)]
[(0, 0.28546423065928267), (4, 0.22833566010854858)]
[(0, 0.25519458486975777), (6, 0.41530742781276214)]
[(2, 0.42286818069205945)]
[(4, 0.73159707786350903)]
[(4, 0.63398695970674046)]
[(4, 0.7409477649685634)]
[(4, 0.43707703107718704), (6, 0.24492072390621755)]
[(5, 0.32600915815013132)]
[(3, 0.41823164457269335), (6, 0.26319212823063159)]
[(3, 0.49886431252158808), (6, 0.21030990115206274)]
[(4, 0.2264976469284061), (6, 0.4122484858203862)]
[(1, 0.22622304996764747), (6, 0.39726118475588573)]
[(2, 0.37228688886746042), (6, 0.23752576149075827)]
[(1, 0.40313634833474382)]
[(1, 0.43431376416332118)]
[(1, 0.36018673384940303), (4, 0.22853327168114804)]
[(1, 0.54534468349578569)]
[(1, 0.26908972265212122), (5, 0.20682980204156717)]
[(3, 0.73183712587643712), (4, 0.25292043734629577)]
[(6, 0.53543043911622268)]
[(0, 0.28546508040488849), (4, 0.22833581919811377)]
[(0, 0.25519499943442042), (6, 0.41530715254459993)]
[(2, 0.42286880316369413)]
[(4, 0.73159047473257233)]
[(4, 0.6339869682300453)]
[(4, 0.74091502981849988)]
[(4, 0.43707778487192467), (6, 0.24492461657694814)]
[(5, 0.32599914858240847)]
[(3, 0.41823163735321112), (6, 0.26319235361143822)]
[(3, 0.49886332957257212), (6, 0.21030997877676835)]
[(4, 0.22649538645163994), (6, 0.41224463093807129)]
[(1, 0.2262222560572329), (6, 0.39726110646809848)]
[(2, 0.37226490530563539), (6, 0.23750046121650323)]
[(1, 0.40315768596331114)]
[(1, 0.43430521453511667)]
[(1, 0.36016778615280542), (4, 0.22853233662951494)]
[(1, 0.54534702547931913)]
[(1, 0.26908428366704373), (5, 0.20682964442795723)]
[(3, 0.73182518689140064), (4, 0.25293237693706944)]
[(6, 0.53542524289333204)]
[(0, 0.28546303954874575), (4, 0.22833543668728989)]
[(0, 0.25519481563966917), (6, 0.41530717343669427)]
[(2, 0.42287177923937441)]
[(4, 0.73157148832237229)]
[(4, 0.63398707491538475)]
[(4, 0.74094172175828177)]
[(4, 0.43707757461088265), (6, 0.24492317571306232)]
[(5, 0.32600987578739682)]
[(3, 0.41823168233669161), (6, 0.26319340362626786)]
[(3, 0.49886433389030238), (6, 0.21030999111185328)]
[(4, 0.2264979964873447), (6, 0.41224914171368932)]
[(1, 0.22622277241849931), (6, 0.39726272322067507)]
[(2, 0.3723192217461086), (6, 0.23756276171332827)]
[(1, 0.40314619884716718)]
[(1, 0.43430920256624145)]
[(1, 0.36018258366615241), (4, 0.22853306687783057)]
[(1, 0.54536019326737128)]
[(1, 0.26908579938645288), (5, 0.20682885224095199)]
[(3, 0.73183397576287479), (4, 0.25292358765469003)]
[(6, 0.53543074921451927)]
[(0, 0.28546210899939134), (4, 0.22833526183365113)]
[(0, 0.25519476121879797), (6, 0.41530725381917344)]
[(2, 0.42286698877099849)]
[(4, 0.73158241884919628)]
[(4, 0.63398702562493259)]
[(4, 0.7409019466794442)]
[(4, 0.43707698782422338), (6, 0.24492023359338444)]
[(5, 0.32600961275927437)]
[(3, 0.41823164687379144), (6, 0.26319245868329788)]
[(3, 0.49886484259690639), (6, 0.21030983317308866)]
[(4, 0.22649960571431296), (6, 0.41225182951467448)]
[(1, 0.22622099364447662), (6, 0.39725963323034724)]
[(2, 0.37228850192067986), (6, 0.23752734914466103)]
[(1, 0.40315059483308419)]
[(1, 0.4343133273853117)]
[(1, 0.36017989161242259), (4, 0.22853293405951028)]
[(1, 0.54534707471803057)]
[(1, 0.26908580574446034), (5, 0.20682961598964075)]
[(3, 0.73183398018906609), (4, 0.25292358321748853)]
[(6, 0.53543155732897463)]
[(0, 0.28546536350197754), (4, 0.22833587245576259)]
[(0, 0.25519467451299854), (6, 0.41530743153637351)]
[(2, 0.4228676816498062)]
[(4, 0.73157077013340965)]
[(4, 0.63398710200983976)]
[(4, 0.74095038227732002)]
[(4, 0.4370772877815704), (6, 0.24492098193214257)]
[(5, 0.3260108424007454)]
[(3, 0.41823175834355142), (6, 0.26319362402870716)]
[(3, 0.49886369972165906), (6, 0.21031006936657029)]
[(4, 0.2264932317131822), (6, 0.41224100436074185)]
[(1, 0.22622591993027144), (6, 0.39726738921166604)]
[(2, 0.37224243804279011), (6, 0.23747468963456314)]
[(1, 0.40313275816917271)]
[(1, 0.43430205895647001)]
[(1, 0.36018783350340877), (4, 0.22853332589765452)]
[(1, 0.5453431081882576)]
[(1, 0.26908814030133482), (5, 0.20682958949774269)]
[(3, 0.73183839557310015), (4, 0.25291916760432687)]
[(6, 0.53543181461705802)]
[(0, 0.28546502485220082), (4, 0.22833580801542608)]
[(0, 0.25519483722028841), (6, 0.41530718579950165)]
[(2, 0.42287155384746328)]
[(4, 0.73158444120819843)]
[(4, 0.63398704437844866)]
[(4, 0.74094915846469767)]
[(4, 0.43707753738534466), (6, 0.24492330054955277)]
[(5, 0.32601147839151096)]
[(3, 0.41823164846202548), (6, 0.26319285244094021)]
[(3, 0.49886508099284244), (6, 0.21030993968882603)]
[(4, 0.22649882510295044), (6, 0.4122504895813871)]
[(1, 0.22622553181856914), (6, 0.3972671673198464)]
[(2, 0.37229481103332512), (6, 0.23753468259955088)]
[(1, 0.40313033174612095)]
[(1, 0.43430301043852632)]
[(1, 0.36017242772090213), (4, 0.22853256568075642)]
[(1, 0.5453622427430822)]
[(1, 0.26909449830347892), (5, 0.20682664806638204)]
[(3, 0.73184784960409477), (4, 0.2529097128744448)]
[(6, 0.53543079741827349)]
[(0, 0.28546334907683252), (4, 0.2283354943448335)]
[(0, 0.255192100392653), (6, 0.41530779099182019)]
[(2, 0.42286924425656236)]
[(4, 0.73158368982830435)]
[(4, 0.6339873696234648)]
[(4, 0.74090932474005233)]
[(4, 0.43707707576802141), (6, 0.24492019379615049)]
[(5, 0.32601057055982069)]
[(3, 0.41823165930589856), (6, 0.26319281226782021)]
[(3, 0.49886345025332757), (6, 0.21031015014797289)]
[(4, 0.22649848257425714), (6, 0.41224988315050393)]
[(1, 0.22622189026199027), (6, 0.39726043537192957)]
[(2, 0.37226266786775819), (6, 0.23749784175237773)]
[(1, 0.40314352543153092)]
[(1, 0.43430239812938753)]
[(1, 0.36018933029088818), (4, 0.22853339975858111)]
[(1, 0.54535053641535214)]
[(1, 0.26908534187445693), (5, 0.20682966548668985)]
[(3, 0.73184621232319647), (4, 0.25291135030421585)]
[(6, 0.53542490119147856)]
[(0, 0.28546373010062098), (4, 0.22833556584701722)]
[(0, 0.2551950947213551), (6, 0.41530725873320334)]
[(2, 0.42286344122594705)]
[(4, 0.73157027015023746)]
[(4, 0.63398704291619445)]
[(4, 0.74091844324751355)]
[(4, 0.43707669970064078), (6, 0.24491856065504292)]
[(5, 0.32601053936127938)]
[(3, 0.41823178354291701), (6, 0.2631941463005269)]
[(3, 0.49886317467063801), (6, 0.21031020809876003)]
[(4, 0.22649822244789306), (6, 0.41224835772724466)]
[(1, 0.22622563391304401), (6, 0.39726672539258112)]
[(2, 0.37229027186031965), (6, 0.23752961602195785)]
[(1, 0.40314190170030695)]
[(1, 0.43431100424198543)]
[(1, 0.36017988976843557), (4, 0.22853293393423438)]
[(1, 0.54535900807786997)]
[(1, 0.26908893012299773), (5, 0.20682983736309135)]
[(3, 0.73182623422929249), (4, 0.25293132955537673)]
[(6, 0.53542997970009965)]
[(0, 0.28546511867736041), (4, 0.22833582631368671)]
[(0, 0.25519505667508463), (6, 0.41530703210428421)]
[(2, 0.42287174189471688)]
[(4, 0.73159554204247645)]
[(4, 0.63398702601745116)]
[(4, 0.74097403818153418)]
[(4, 0.43707764659919179), (6, 0.24492109612913776)]
[(5, 0.32600973658052801)]
[(3, 0.41823162498862843), (6, 0.2631921589601503)]
[(3, 0.49886469978477949), (6, 0.21030975759977999)]
[(4, 0.22649243538141109), (6, 0.41223964150957709)]
[(1, 0.22622216416785618), (6, 0.397261766022518)]
[(2, 0.37225573323088607), (6, 0.23748990613872389)]
[(1, 0.40313560335303622)]
[(1, 0.43431526295607581)]
[(1, 0.36016656471672465), (4, 0.2285322763118364)]
[(1, 0.54534225277797643)]
[(1, 0.26908721832758709), (5, 0.20682950747896409)]
[(3, 0.73182785821464014), (4, 0.25292970548092308)]
[(6, 0.53543319122204258)]
[(0, 0.28546487828200501), (4, 0.22833578136742025)]
[(0, 0.25519507040391304), (6, 0.41530711852934582)]
[(2, 0.42287136205025205)]
[(4, 0.73157065135100241)]
[(4, 0.63398706658394199)]
[(4, 0.74090966607848063)]
[(4, 0.43707717013006298), (6, 0.24492168890413996)]
[(5, 0.32600909737027639)]
[(3, 0.41823161824358773), (6, 0.26319218658630045)]
[(3, 0.49886308676214819), (6, 0.21031014631304043)]
[(4, 0.2264939414440312), (6, 0.41224222850196157)]
[(1, 0.22622371083179604), (6, 0.39726290670210473)]
[(2, 0.37224436158786073), (6, 0.23747690607078034)]
[(1, 0.40313925930313793)]
[(1, 0.4343070529817416)]
[(1, 0.36016156744590849), (4, 0.22853202964845648)]
[(1, 0.54534338125400339)]
[(1, 0.26908480169942928), (5, 0.2068302537606706)]
[(3, 0.73184563584597873), (4, 0.25291192667062939)]
[(6, 0.53543095699027088)]
[(0, 0.28546432695696539), (4, 0.22833567796591583)]
[(0, 0.25519460526425414), (6, 0.41530726004703955)]
[(2, 0.42286867986131005)]
[(4, 0.73159547987410156)]
[(4, 0.63398703748499918)]
[(4, 0.74091104980723377)]
[(4, 0.43707718601511947), (6, 0.24491880831481186)]
[(5, 0.32601102182063713)]
[(3, 0.4182317761049249), (6, 0.26319414494912458)]
[(3, 0.49886497215571202), (6, 0.21030968780462078)]
[(4, 0.2264982105158436), (6, 0.41224945098760635)]
[(1, 0.22622443494931285), (6, 0.39726514624687082)]
[(2, 0.37229411381358246), (6, 0.23753342127455926)]
[(1, 0.40314112423232284)]
[(1, 0.43431306810117587)]
[(1, 0.36016583985559963), (4, 0.22853224053423465)]
[(1, 0.54534286309449176)]
[(1, 0.26908904462810884), (5, 0.20683006585872366)]
[(3, 0.7318348908907113), (4, 0.25292267248841843)]
[(6, 0.53543061074568199)]
[(0, 0.28546528003012661), (4, 0.22833585639093462)]
[(0, 0.25519461180189196), (6, 0.41530726263368573)]
[(2, 0.42286917911993827)]
[(4, 0.73159382717478549)]
[(4, 0.63398704357851476)]
[(4, 0.74096830131428337)]
[(4, 0.43707764904048763), (6, 0.24492107878079047)]
[(5, 0.32600821527149504)]
[(3, 0.41823162670649389), (6, 0.26319218805522121)]
[(3, 0.49886309986660526), (6, 0.21031008165347478)]
[(4, 0.22649957264037357), (6, 0.41225173987939645)]
[(1, 0.22622482872434718), (6, 0.39726507100539521)]
[(2, 0.37227730565777106), (6, 0.237514159772614)]
[(1, 0.40313260459055095)]
[(1, 0.43430800753477039)]
[(1, 0.36017029928899258), (4, 0.2285324606542348)]
[(1, 0.54535983585662562)]
[(1, 0.26909151855294128), (5, 0.2068274369287838)]
[(3, 0.73184420611669676), (4, 0.25291335649736196)]
[(6, 0.53543156325559682)]
[(0, 0.28546223697847012), (4, 0.228335286132784)]
[(0, 0.25519447048463395), (6, 0.41530739666833161)]
[(2, 0.42287091089459594)]
[(4, 0.73159763194027949)]
[(4, 0.63398705081825313)]
[(4, 0.74096276929242766)]
[(4, 0.43707757208257747), (6, 0.24492402801099583)]
[(5, 0.32601053397493912)]
[(3, 0.41823165296574843), (6, 0.26319250339079581)]
[(3, 0.4988648840629662), (6, 0.21030973411746803)]
[(4, 0.22649808118872597), (6, 0.41224924115865902)]
[(1, 0.22622625095106355), (6, 0.39726731851378405)]
[(2, 0.37232034936104846), (6, 0.23756403965983555)]
[(1, 0.40313403078302673)]
[(1, 0.43431520584346939)]
[(1, 0.36018767731201073), (4, 0.22853331819388725)]
[(1, 0.54534753081230258)]
[(1, 0.26908980235617108), (5, 0.20682673520951672)]
[(3, 0.73185497746012884), (4, 0.25290258446745717)]
[(6, 0.53543110509675973)]
[(0, 0.28546198469247791), (4, 0.22833523875860792)]
[(0, 0.25519501366603331), (6, 0.41530719967941332)]
[(2, 0.42287169454802703)]
[(4, 0.7315815157703629)]
[(4, 0.63398711878222724)]
[(4, 0.74090623839415248)]
[(4, 0.43707721670550992), (6, 0.24492109774974005)]
[(5, 0.32601070365308599)]
[(3, 0.41823168219917922), (6, 0.26319353003842577)]
[(3, 0.49886311837679304), (6, 0.21031035184525113)]
[(4, 0.22649719655525005), (6, 0.41224769216933682)]
[(1, 0.22622575177525481), (6, 0.39726663067895945)]
[(2, 0.3722654991088043), (6, 0.23750109128643929)]
[(1, 0.40312432712848639)]
[(1, 0.43431392979385014)]
[(1, 0.36016672510297998), (4, 0.22853228423889405)]
[(1, 0.54535643615425622)]
[(1, 0.26908535023105201), (5, 0.20682960856659632)]
[(3, 0.73183084540294019), (4, 0.25292671817346046)]
[(6, 0.53542415240369579)]
[(0, 0.28546291901893295), (4, 0.2283354136959074)]
[(0, 0.25519245510541827), (6, 0.41530767770941651)]
[(2, 0.42286886785415756)]
[(4, 0.73157223680344441)]
[(4, 0.63398699385376878)]
[(4, 0.74093930830933119)]
[(4, 0.43707673043147377), (6, 0.24491847108927897)]
[(5, 0.32600366832213035)]
[(3, 0.41823167569585018), (6, 0.26319295884300925)]
[(3, 0.49886306971990968), (6, 0.21031032902986341)]
[(4, 0.22649673488281327), (6, 0.41224670432118332)]
[(1, 0.22622452282078059), (6, 0.39726442008814677)]
[(2, 0.37232011327333309), (6, 0.23756369523690715)]
[(1, 0.40315706873476304)]
[(1, 0.434307230559143)]
[(1, 0.36015609384029934), (4, 0.22853175947053966)]
[(1, 0.54534222821575062)]
[(1, 0.26908951005048043), (5, 0.20682830202697369)]
[(3, 0.73182460870076405), (4, 0.25293295513093694)]
[(6, 0.53543114183648544)]
[(0, 0.28546314368304404), (4, 0.22833545574618358)]
[(0, 0.25519473947161592), (6, 0.4153071848986945)]
[(2, 0.42286818563321948)]
[(4, 0.73158605720134195)]
[(4, 0.63398708911753077)]
[(4, 0.7409016971288449)]
[(4, 0.43707740044329496), (6, 0.24492278859755437)]
[(5, 0.3260088401148184)]
[(3, 0.41823165118356215), (6, 0.26319241817693406)]
[(3, 0.49886434708192562), (6, 0.21031002454693526)]
[(4, 0.22649333892219742), (6, 0.41224120812557941)]
[(1, 0.22622368823557776), (6, 0.39726413533453364)]
[(2, 0.37231922201408657), (6, 0.23756288595497149)]
[(1, 0.4031618006930997)]
[(1, 0.43430338539772417)]
[(1, 0.36015692834659024), (4, 0.22853180064226405)]
[(1, 0.54535771790911103)]
[(1, 0.26909162091959282), (5, 0.20682908999030231)]
[(3, 0.73183141366564097), (4, 0.25292614982853251)]
[(6, 0.53543219737746284)]
[(0, 0.28546366065768575), (4, 0.22833555275283102)]
[(0, 0.25519231591698915), (6, 0.41530766868210561)]
[(2, 0.42287170299509819)]
[(4, 0.73159586721821002)]
[(4, 0.63398705010550138)]
[(4, 0.74095074472844513)]
[(4, 0.43707479402492005), (6, 0.2449193499577399)]
[(5, 0.32601054711791755)]
[(3, 0.41823168887009909), (6, 0.2631929833587201)]
[(3, 0.49886295361667288), (6, 0.21031022972774072)]
[(4, 0.22649304396801673), (6, 0.41224065117283609)]
[(1, 0.22622419037128733), (6, 0.39726352327650921)]
[(2, 0.37230932283790558), (6, 0.2375505380959749)]
[(1, 0.40313662063028888)]
[(1, 0.43431442827055472)]
[(1, 0.36016419542011868), (4, 0.22853215937692817)]
[(1, 0.54536204428640611)]
[(1, 0.26908787384698768), (5, 0.20682988728036364)]
[(1, 0.57111347036744153)]
