[(2, 0.57142854912866392)]
[(3, 0.66034261220228307), (4, 0.317255127854281)]
[(3, 0.34626348874709595), (4, 0.25122843405435441), (6, 0.25067622302597786)]
[(6, 0.65670008699135407)]
[(2, 0.47968020508401837), (6, 0.24144947091995514)]
[(0, 0.58966150055519184), (6, 0.21257615129870402)]
[(0, 0.26967986286123635), (4, 0.322109117237454)]
[(4, 0.25735452226273681), (6, 0.37865693479727774)]
[(0, 0.44970200847461317), (6, 0.35757504349900787)]
[(6, 0.62763456127418038)]
[(6, 0.58352600161417711)]
[(2, 0.33772738998763396), (6, 0.20591112531134687)]
[(4, 0.44300710262528659), (6, 0.21429630388350437)]
[(4, 0.44144255811279132), (6, 0.28428457283689101)]
[(4, 0.64711795947882411)]
[(4, 0.52928305529163699), (6, 0.27666653109821199)]
[(5, 0.36555381951350807), (6, 0.30538527597476833)]
[(3, 0.28091251002619794), (6, 0.3950043197646983)]
[(3, 0.39746511182173622), (6, 0.24140943397383635)]
[(0, 0.22269712826542234), (3, 0.35885617439507106), (6, 0.31213756550898308)]
[(0, 0.28343209962780119), (3, 0.37584903488076032)]
[(3, 0.66034622173652791), (4, 0.31725038635588321)]
[(3, 0.34625432330667133), (4, 0.25122791121463517), (6, 0.25067522909303369)]
[(6, 0.65669826184932389)]
[(2, 0.4796796214262159), (6, 0.24144928219125047)]
[(0, 0.58966114699263006), (6, 0.21257501762925013)]
[(0, 0.26967916396635988), (4, 0.32211037673091047)]
[(4, 0.25735456048166289), (6, 0.3786569494026788)]
[(0, 0.44970198602349171), (6, 0.35757520733849957)]
[(6, 0.62761891369092526)]
[(6, 0.58352949257925801)]
[(2, 0.33772140572117831), (6, 0.20591053956438823)]
[(4, 0.4430134604605982), (6, 0.21429616203758398)]
[(4, 0.44144258623811478), (6, 0.28428465332588598)]
[(4, 0.6471147404724944)]
[(4, 0.52928405532869138), (6, 0.27666414640962578)]
[(5, 0.36554760465791913), (6, 0.3053819168338246)]
[(3, 0.28091389404469558), (6, 0.39500186625270656)]
[(3, 0.3974650361235838), (6, 0.24140933804676912)]
[(0, 0.22270937764834195), (3, 0.3588583034617161), (6, 0.31214720149233349)]
[(0, 0.28342417662298708), (3, 0.37585097005012613)]
[(3, 0.66034368858420256), (4, 0.31725386758619667)]
[(3, 0.34626053715101518), (4, 0.25123186252441515), (6, 0.25067205306461482)]
[(6, 0.65669589442255372)]
[(2, 0.4796840529371954), (6, 0.24145108944364843)]
[(0, 0.58966201588025102), (6, 0.21257770744392304)]
[(0, 0.26967960102132488), (4, 0.32210866296447266)]
[(4, 0.25735387143062766), (6, 0.3786566369848704)]
[(0, 0.44970140781687695), (6, 0.35757976447656153)]
[(6, 0.62763069920715508)]
[(6, 0.58352149032202938)]
[(2, 0.33771945637262907), (6, 0.20591030031529084)]
[(4, 0.44300725772782507), (6, 0.21429630045486725)]
[(4, 0.44144425701669682), (6, 0.2842883890774644)]
[(4, 0.64711683502565431)]
[(4, 0.52928119725149747), (6, 0.27667341528743128)]
[(5, 0.3655451947273245), (6, 0.30538072986705661)]
[(3, 0.28091219221962876), (6, 0.39500199642548145)]
[(3, 0.39746240929957383), (6, 0.24141079861835105)]
[(0, 0.22269155860194587), (3, 0.35885502819178999), (6, 0.31213375950348865)]
[(0, 0.28342614840237601), (3, 0.37584311072866455)]
[(3, 0.66034752375749006), (4, 0.3172478602844534)]
[(3, 0.34626350357598445), (4, 0.25122600146208163), (6, 0.25067384002206983)]
[(6, 0.65669619519098421)]
[(2, 0.47968091471753144), (6, 0.24144966365458523)]
[(0, 0.58966587441920293), (6, 0.21258716528128527)]
[(0, 0.26968113182283221), (4, 0.32210664642137915)]
[(4, 0.25735211070354314), (6, 0.37865583237219053)]
[(0, 0.44970186501177856), (6, 0.35757620615611313)]
[(6, 0.62762163151586681)]
[(6, 0.58352153238575544)]
[(2, 0.33772561130307532), (6, 0.2059109508203549)]
[(4, 0.44300797840097145), (6, 0.21429628368305861)]
[(4, 0.44144258581668044), (6, 0.28428465208396092)]
[(4, 0.64712446119901856)]
[(4, 0.52928391294554311), (6, 0.27667195029047764)]
[(5, 0.36554890262643908), (6, 0.30538265811336052)]
[(3, 0.28091060261890999), (6, 0.39500139443722815)]
[(3, 0.39746281308588877), (6, 0.24141052386995146)]
[(0, 0.22269823912377679), (3, 0.3588560811797542), (6, 0.31213936731958836)]
[(0, 0.28343785790224407), (3, 0.37585087085789404)]
[(3, 0.660344792353737), (4, 0.31725248354671215)]
[(3, 0.34625016556564125), (4, 0.25123194598100534), (6, 0.25068129064232031)]
[(6, 0.65669620723195077)]
[(2, 0.47968667618833433), (6, 0.24145220449414742)]
[(0, 0.58966251555868421), (6, 0.21257894798516164)]
[(0, 0.26968035607966256), (4, 0.32210797951697773)]
[(4, 0.25735725428969758), (6, 0.37865817943830321)]
[(0, 0.44970181820522503), (6, 0.35757655317914683)]
[(6, 0.62762090262522618)]
[(6, 0.58352276554529459)]
[(2, 0.33772794189415478), (6, 0.20591118033032585)]
[(4, 0.44300828646774509), (6, 0.21429627811864452)]
[(4, 0.44144367940457246), (6, 0.28428723331848821)]
[(4, 0.64711871483760819)]
[(4, 0.52926950658585337), (6, 0.27666375213512268)]
[(5, 0.36554682428342883), (6, 0.3053815237012093)]
[(3, 0.28091386480821584), (6, 0.39500507795885997)]
[(3, 0.39746374532285783), (6, 0.24141020852965009)]
[(0, 0.22271073615887732), (3, 0.35885854632164638), (6, 0.31214824812524583)]
[(0, 0.28338477288232344), (3, 0.3757954771235737)]
[(3, 0.66034352573905575), (4, 0.31725405485187275)]
[(3, 0.34626104138445085), (4, 0.25122594439355195), (6, 0.25067429178681594)]
[(6, 0.65669430434185994)]
[(2, 0.47967846726068647), (6, 0.2414487715457326)]
[(0, 0.58966535106183138), (6, 0.2125857848689843)]
[(0, 0.26967821855726981), (4, 0.32210999719089789)]
[(4, 0.25735534239611357), (6, 0.37865730646539214)]
[(0, 0.44970205822890258), (6, 0.35757464833349822)]
[(6, 0.62762620862274054)]
[(6, 0.58352115007262939)]
[(2, 0.33772631867844038), (6, 0.20591093329838842)]
[(4, 0.44300988103068512), (6, 0.21429624309268891)]
[(4, 0.44144400079947271), (6, 0.28428788657275866)]
[(4, 0.64712707349548959)]
[(4, 0.52928373847875199), (6, 0.27666457720971149)]
[(5, 0.36554621653926361), (6, 0.30538117288144201)]
[(3, 0.28091182419387595), (6, 0.39500242538834651)]
[(3, 0.39746287730532942), (6, 0.2414107327059615)]
[(0, 0.22269693720100781), (3, 0.35885591110353171), (6, 0.3121381578873661)]
[(0, 0.28340995890453374), (3, 0.37585040370197659)]
[(3, 0.66034772024071142), (4, 0.31724724456427289)]
[(3, 0.3462652249739076), (4, 0.25123326982084071), (6, 0.25067073631822445)]
[(6, 0.65670118331788241)]
[(2, 0.47968241376831416), (6, 0.24145064729704932)]
[(0, 0.58966454111829347), (6, 0.21258337164405947)]
[(0, 0.26967918787482043), (4, 0.32210833735194794)]
[(4, 0.25735510432131314), (6, 0.37865719685467836)]
[(0, 0.44970197386540905), (6, 0.35757531353317923)]
[(6, 0.62767281106693829)]
[(6, 0.58352534880950058)]
[(2, 0.33772070128682602), (6, 0.20591040305003955)]
[(4, 0.44301579176399081), (6, 0.21429610847971065)]
[(4, 0.44144232886002516), (6, 0.28428385571774817)]
[(4, 0.64714886476086642)]
[(4, 0.5292845395642376), (6, 0.27666990590560769)]
[(5, 0.36554851714105208), (6, 0.30538245477366349)]
[(3, 0.28091421687367463), (6, 0.39500243573236704)]
[(3, 0.39746478634807114), (6, 0.24140953560760944)]
[(0, 0.22269762698507956), (3, 0.35885615470260984), (6, 0.31213830100565043)]
[(0, 0.28342427456964164), (3, 0.37585041501093441)]
[(3, 0.66034707520835312), (4, 0.31724873124750114)]
[(3, 0.34627555070465488), (4, 0.25122211954129542), (6, 0.25067580602506018)]
[(6, 0.65670046346055289)]
[(2, 0.47968369688998891), (6, 0.24145089536996631)]
[(0, 0.58966340378303739), (6, 0.21258161221091146)]
[(0, 0.26968078891388775), (4, 0.32210795365015854)]
[(4, 0.25735420385007235), (6, 0.37865678870834862)]
[(0, 0.4497022108640753), (6, 0.35757344848486217)]
[(6, 0.62761924570824346)]
[(6, 0.58352697550309285)]
[(2, 0.33772403323051009), (6, 0.20591082434042449)]
[(4, 0.44301016637669871), (6, 0.21429623472904541)]
[(4, 0.44144288770912082), (6, 0.28428545036764474)]
[(4, 0.64712662768571405)]
[(4, 0.52928090332664535), (6, 0.27667465587338896)]
[(5, 0.36555527790826786), (6, 0.30538562069981934)]
[(3, 0.28091411515513587), (6, 0.39500120369200153)]
[(3, 0.39746327866402337), (6, 0.24141020921793321)]
[(0, 0.22270531217315653), (3, 0.35885758641916699), (6, 0.31214403787961981)]
[(0, 0.28341014314874829), (3, 0.37581444211683751)]
[(3, 0.66034717113038888), (4, 0.31724859522563431)]
[(3, 0.34627003428086384), (4, 0.25122693731274798), (6, 0.25066959241721015)]
[(6, 0.65669574564828348)]
[(2, 0.47968463176883436), (6, 0.24145136767327877)]
[(0, 0.58966118944818424), (6, 0.21257577038029238)]
[(0, 0.26967996469703714), (4, 0.32211056731279741)]
[(4, 0.25735429611224619), (6, 0.37865682660146144)]
[(0, 0.4497015542280533), (6, 0.35757862682346248)]
[(6, 0.62763695271036746)]
[(6, 0.58352568027926566)]
[(2, 0.3377269731750045), (6, 0.20591094982167657)]
[(4, 0.44300703099501132), (6, 0.21429630454316301)]
[(4, 0.44144383932138931), (6, 0.28428756248399828)]
[(4, 0.64711334386973463)]
[(4, 0.52928307066672819), (6, 0.27667979852933705)]
[(5, 0.36554797419259055), (6, 0.30538216109071969)]
[(3, 0.28091193834193617), (6, 0.39500162577523257)]
[(3, 0.39746466106287148), (6, 0.24140959509006107)]
[(0, 0.2227128327598514), (3, 0.35885892341914916), (6, 0.3121498558731331)]
[(0, 0.28341416089684673), (3, 0.37584773060762167)]
[(3, 0.66034770793938025), (4, 0.31724747717903257)]
[(3, 0.34626804268002054), (4, 0.25122906243502119), (6, 0.25067336197174905)]
[(6, 0.65669979928808531)]
[(2, 0.47968437274234216), (6, 0.24145122000910482)]
[(0, 0.5896626173407945), (6, 0.21257877470253678)]
[(0, 0.26968062712866225), (4, 0.32210850814521913)]
[(4, 0.25735578512675372), (6, 0.37865750715132795)]
[(0, 0.44970147874828525), (6, 0.35757919330734361)]
[(6, 0.62763092252523456)]
[(6, 0.5835260695936908)]
[(2, 0.33772241573711681), (6, 0.20591060257522648)]
[(4, 0.44300956414850551), (6, 0.21429624991888477)]
[(4, 0.44144317634846797), (6, 0.28428614112786005)]
[(4, 0.6471201965185831)]
[(4, 0.52928386130294736), (6, 0.27666381328670547)]
[(5, 0.36555014453595913), (6, 0.30538335565544322)]
[(3, 0.28090733145832569), (6, 0.39499953375182245)]
[(3, 0.39746443801336234), (6, 0.2414097786241772)]
[(0, 0.22270204643219718), (3, 0.35885706338196877), (6, 0.31214132338979889)]
[(0, 0.28340574571238408), (3, 0.3758468703054697)]
[(3, 0.66034778322122711), (4, 0.31724719008383945)]
[(3, 0.34626690798870258), (4, 0.25122876324455012), (6, 0.25066952711197815)]
[(6, 0.65669414390397618)]
[(2, 0.47968584668691416), (6, 0.2414517297062852)]
[(0, 0.58966206632700391), (6, 0.21257687922578991)]
[(0, 0.26967924179349462), (4, 0.32210975696632965)]
[(4, 0.25735422556841586), (6, 0.37865679638119276)]
[(0, 0.44970152388384116), (6, 0.35757883404206348)]
[(6, 0.62764130328803558)]
[(6, 0.58352718650141366)]
[(2, 0.33772007063145831), (6, 0.20590936574511123)]
[(4, 0.44300885174583754), (6, 0.21429626470271648)]
[(4, 0.44144282768978038), (6, 0.28428529955030735)]
[(4, 0.647130903224865)]
[(4, 0.5292839521624022), (6, 0.27666410516512407)]
[(5, 0.36555087283279419), (6, 0.30538373568342925)]
[(3, 0.28090415442096289), (6, 0.39499897883114243)]
[(3, 0.39746599261473187), (6, 0.24141036350221773)]
[(0, 0.22270897805601508), (3, 0.35885825865703114), (6, 0.3121468069629636)]
[(0, 0.28342608815003872), (3, 0.37584952760572332)]
[(3, 0.66034409132295802), (4, 0.31725336671311039)]
[(3, 0.34625998587249029), (4, 0.25122689401248671), (6, 0.25067615944214716)]
[(6, 0.65669783521644698)]
[(2, 0.47967268463772839), (6, 0.24144621881613895)]
[(0, 0.5896617956798198), (6, 0.21257672205426217)]
[(0, 0.26967884415806631), (4, 0.32211086541163431)]
[(4, 0.25735322467698879), (6, 0.37865633941874355)]
[(0, 0.44970212591381559), (6, 0.35757412550015266)]
[(6, 0.627617413729889)]
[(6, 0.58352395512822564)]
[(2, 0.33772580280279352), (6, 0.20591067767189256)]
[(4, 0.44300525598809692), (6, 0.2142963433063092)]
[(4, 0.44144255240055508), (6, 0.28428455615462167)]
[(4, 0.64715173580948526)]
[(4, 0.52928406276373086), (6, 0.27666562957133556)]
[(5, 0.36554541188354156), (6, 0.30538079103178123)]
[(3, 0.28091339432445867), (6, 0.39500376874840604)]
[(3, 0.3974645389380615), (6, 0.2414097413382803)]
[(0, 0.22269992168456759), (3, 0.35885667375444402), (6, 0.31213971803105151)]
[(0, 0.28337989919651391), (3, 0.37582738594351345)]
[(3, 0.66034574716800176), (4, 0.31725105043119339)]
[(3, 0.34626107040216608), (4, 0.25122471376600536), (6, 0.25068020149250886)]
[(6, 0.65669953290858307)]
[(2, 0.47967893060295752), (6, 0.2414487924181361)]
[(0, 0.58966295656656531), (6, 0.21257975777298133)]
[(0, 0.26968109375539506), (4, 0.32210727991869953)]
[(4, 0.25735281022888351), (6, 0.37865614911818479)]
[(0, 0.44970187155451136), (6, 0.35757611842774578)]
[(6, 0.62761989976199084)]
[(6, 0.58352590667821858)]
[(2, 0.33772015720866361), (6, 0.20591042959393338)]
[(4, 0.44300786945676285), (6, 0.21429628638869441)]
[(4, 0.44144319674968796), (6, 0.28428618499667474)]
[(4, 0.6471364949223376)]
[(4, 0.52928175160253654), (6, 0.27667157663589059)]
[(5, 0.36554710353676534), (6, 0.30538185804651075)]
[(3, 0.28090762434048239), (6, 0.39500413593276301)]
[(3, 0.39746431762486456), (6, 0.24140987483336718)]
[(0, 0.22270508590238761), (3, 0.35885760042335557), (6, 0.31214368711313401)]
[(0, 0.28340826471357), (3, 0.37583875306453429)]
[(3, 0.66034393111075596), (4, 0.31725356737264726)]
[(3, 0.34626545210974186), (4, 0.25123297955662488), (6, 0.25067175004515163)]
[(6, 0.65669876501666569)]
[(2, 0.4796791625324282), (6, 0.24144896448771563)]
[(0, 0.58966319252954391), (6, 0.21258033546113306)]
[(0, 0.2696799976737122), (4, 0.32210476297953033)]
[(4, 0.25735389056933966), (6, 0.37865664531980892)]
[(0, 0.44970227291000897), (6, 0.35757292475078778)]
[(6, 0.62763408542174248)]
[(6, 0.58352773630553101)]
[(2, 0.33772019103288331), (6, 0.20591040112077869)]
[(4, 0.44300768323802214), (6, 0.21429629162396641)]
[(4, 0.44144249253922879), (6, 0.28428438049214844)]
[(4, 0.64712872144190214)]
[(4, 0.52928020821464172), (6, 0.27667596827167734)]
[(5, 0.36555313267071493), (6, 0.30538480195954532)]
[(3, 0.28091163257796109), (6, 0.39500309389733862)]
[(3, 0.39746468056393686), (6, 0.24140956472967687)]
[(0, 0.22271190706904417), (3, 0.35885873574102156), (6, 0.31214921488246833)]
[(0, 0.2833741607396314), (3, 0.3757928898072761)]
[(3, 0.66034594994973395), (4, 0.31725075822157822)]
[(3, 0.34627298754724151), (4, 0.25122526113616789), (6, 0.25066527181984866)]
[(6, 0.65669614816518096)]
[(2, 0.47968670815228631), (6, 0.2414522081920463)]
[(0, 0.58966253520460599), (6, 0.21257952214154407)]
[(0, 0.26967801575295774), (4, 0.32211064104262715)]
[(4, 0.2573573760078457), (6, 0.37865823636879126)]
[(0, 0.44970168953528722), (6, 0.35757755867249885)]
[(6, 0.62763679891164137)]
[(6, 0.58352984062285473)]
[(2, 0.33772711450789183), (6, 0.20591091123483704)]
[(4, 0.4430119699131595), (6, 0.21429619404887654)]
[(4, 0.44144281949172376), (6, 0.2842852785216104)]
[(4, 0.64714097091492861)]
[(4, 0.52928317046839135), (6, 0.27667945573328456)]
[(5, 0.36554489284251718), (6, 0.30538066530759334)]
[(3, 0.28091167667336231), (6, 0.39500168632532856)]
[(3, 0.39746231505491275), (6, 0.24141087097733829)]
[(0, 0.22270802327730146), (3, 0.35885805151715078), (6, 0.31214618906662278)]
[(0, 0.28341314473780088), (3, 0.37585314369511386)]
[(3, 0.66034602706051104), (4, 0.31725060505599745)]
[(3, 0.34626783146856166), (4, 0.25123149209731943), (6, 0.25066927984881821)]
[(6, 0.65669910023924793)]
[(2, 0.4796755203012299), (6, 0.24144724896597652)]
[(0, 0.58966286870177109), (6, 0.21257956443178649)]
[(0, 0.26968054348704579), (4, 0.32210800292961078)]
[(4, 0.25735251534166226), (6, 0.37865601464964127)]
[(0, 0.44970099757181647), (6, 0.35758291737037268)]
[(6, 0.62764057961515785)]
[(6, 0.58352003125407725)]
[(2, 0.33772358413394216), (6, 0.20591069023203459)]
[(4, 0.4430164615822979), (6, 0.21429609307872846)]
[(4, 0.44144308531387494), (6, 0.28428592837316213)]
[(4, 0.64712350802207874)]
[(4, 0.52928078095530973), (6, 0.27667316970939643)]
[(5, 0.36554801114314012), (6, 0.30538215098401261)]
[(3, 0.28091360209132521), (6, 0.39500476927154982)]
[(3, 0.39746428001373879), (6, 0.24141000657548803)]
[(0, 0.22270383942880917), (3, 0.35885730957710621), (6, 0.3121429453714778)]
[(0, 0.2834407897116748), (3, 0.37584633328007289)]
[(3, 0.66034800156079365), (4, 0.31724637805974648)]
[(3, 0.34626561001287975), (4, 0.25123227191833258), (6, 0.2506716482169814)]
[(6, 0.65669563925133201)]
[(2, 0.47968452915779808), (6, 0.24145125953511931)]
[(0, 0.58966270451620262), (6, 0.21257960253371563)]
[(0, 0.26967978436216045), (4, 0.32211046668237459)]
[(4, 0.25735304437882739), (6, 0.37865625879313958)]
[(0, 0.44970188261444161), (6, 0.35757602566582775)]
[(6, 0.62764053220757399)]
[(6, 0.58351725248260711)]
[(2, 0.33771835446219794), (6, 0.20590993172842009)]
[(4, 0.44300643762437786), (6, 0.21429632021302872)]
[(4, 0.4414432217996288), (6, 0.28428624294273747)]
[(4, 0.64712644960025989)]
[(4, 0.52928270708954273), (6, 0.27666063985698142)]
[(5, 0.36554990693607681), (6, 0.30538325195175414)]
[(3, 0.28091295626338064), (6, 0.39500348942642927)]
[(3, 0.39746236215225089), (6, 0.24141080946685126)]
[(0, 0.22269418403430605), (3, 0.35885561194748106), (6, 0.31213541404598322)]
[(0, 0.28342477973832242), (3, 0.37584878645721481)]
[(3, 0.66034547228111673), (4, 0.31725149013016463)]
[(3, 0.34625607846151896), (4, 0.25122967383907718), (6, 0.25067783143271855)]
[(6, 0.6566974302371642)]
[(2, 0.47967533772838905), (6, 0.24144742179970585)]
[(0, 0.58966281377105123), (6, 0.21257850676550738)]
[(0, 0.26967992130610469), (4, 0.32210953017790472)]
[(4, 0.25735458339961265), (6, 0.3786569601894767)]
[(0, 0.44970218895143471), (6, 0.35757360636397401)]
[(6, 0.62763788205361615)]
[(6, 0.58352431040883102)]
[(2, 0.33772128502771809), (6, 0.20590939187462226)]
[(4, 0.44301234516113497), (6, 0.21429618551019197)]
[(4, 0.4414423914422323), (6, 0.28428406489349534)]
[(4, 0.6471339371641287)]
[(4, 0.52928316647259288), (6, 0.27667635371513344)]
[(5, 0.36555220090790264), (6, 0.30538442095009499)]
[(3, 0.28091304437620102), (6, 0.39500358426996113)]
[(3, 0.39746296565687617), (6, 0.24141042119854894)]
[(0, 0.22270248860901246), (3, 0.35885712689462801), (6, 0.31214171414538433)]
[(0, 0.28342266572315161), (3, 0.37584847333671173)]
[(3, 0.66034698175819662), (4, 0.31724908784122996)]
[(3, 0.34626462693603655), (4, 0.25122985643863821), (6, 0.25067094369403498)]
[(6, 0.65669597866492191)]
[(2, 0.47967457224028892), (6, 0.24144691395105802)]
[(0, 0.58966105267381053), (6, 0.21257584243686653)]
[(0, 0.26967973486819236), (4, 0.32210672783333899)]
[(4, 0.25735732346282375), (6, 0.37865821028116003)]
[(0, 0.44970188296990543), (6, 0.35757602594644644)]
[(6, 0.6276350472623401)]
[(6, 0.58352689594678597)]
[(2, 0.33772523241643632), (6, 0.20591093452459547)]
[(4, 0.44300683911804323), (6, 0.21429630870662619)]
[(4, 0.44144252677386558), (6, 0.28428448188868505)]
[(4, 0.64712430453075753)]
[(4, 0.52928038436431668), (6, 0.27666481842940399)]
[(5, 0.36554474689421962), (6, 0.30538057030310589)]
[(3, 0.28091585145904474), (6, 0.39500421226269311)]
[(3, 0.39746405235461374), (6, 0.24141002062011749)]
[(0, 0.22270710427137932), (3, 0.35885784741537013), (6, 0.31214560940721248)]
[(0, 0.28343024268680195), (3, 0.37585411952656828)]
[(3, 0.66034448382234867), (4, 0.31725293212406697)]
[(3, 0.34626433199408835), (4, 0.25122496323451704), (6, 0.25067276081331186)]
[(6, 0.65669554942283381)]
[(2, 0.47968585137899183), (6, 0.24145178177841109)]
[(0, 0.58966424913629012), (6, 0.21258251386264471)]
[(0, 0.26968005367144282), (4, 0.32210865251973148)]
[(4, 0.25735721012634283), (6, 0.37865815491874388)]
[(0, 0.44970200922278236), (6, 0.35757504758463371)]
[(6, 0.62763087061867562)]
[(6, 0.58352204761084514)]
[(2, 0.33772664075185627), (6, 0.20591097581505904)]
[(4, 0.4430119553959761), (6, 0.21429619546708661)]
[(4, 0.44144397146640424), (6, 0.28428782809035641)]
[(4, 0.64711620108407031)]
[(4, 0.52928177038261937), (6, 0.27665973270616567)]
[(5, 0.36555286522210562), (6, 0.3053847523681773)]
[(3, 0.28091071248357141), (6, 0.3950018892370718)]
[(3, 0.39746479733614137), (6, 0.24140960271637946)]
[(0, 0.22270490676743943), (3, 0.35885749843323073), (6, 0.31214377424881179)]
[(0, 0.28342160820837836), (3, 0.37585018307652557)]
[(3, 0.66034479538028024), (4, 0.31725246022425663)]
[(3, 0.34626689045615422), (4, 0.25122755520848761), (6, 0.25067156435301713)]
[(6, 0.65669870321309354)]
[(2, 0.47967173793021656), (6, 0.24144600833234542)]
[(0, 0.58966355471945497), (6, 0.21258170578112223)]
[(0, 0.26968245953446529), (4, 0.32210847638810303)]
[(4, 0.257357773312615), (6, 0.3786584148560706)]
[(0, 0.44970141055072377), (6, 0.35757974729787417)]
[(6, 0.62762308136603639)]
[(6, 0.58352469171023758)]
[(2, 0.33772771355588005), (6, 0.20591109288779391)]
[(4, 0.443008907914619), (6, 0.2142962629868691)]
[(4, 0.44144229087691733), (6, 0.28428372067036267)]
[(4, 0.64712374736377032)]
[(4, 0.52928247010441953), (6, 0.27666913527403225)]
[(5, 0.36554544910061021), (6, 0.30538081465539413)]
[(3, 0.28091297534737508), (6, 0.39500393233066072)]
[(3, 0.39746534157197561), (6, 0.24141044834423409)]
[(0, 0.22271096529805229), (3, 0.3588586286327089), (6, 0.31214829116189147)]
[(0, 0.28336631055618694), (3, 0.37580775672598143)]
[(3, 0.66034429412602014), (4, 0.31725309847208599)]
[(3, 0.34626074502059451), (4, 0.2512256963049187), (6, 0.25067626485915617)]
[(6, 0.65669720831285394)]
[(2, 0.47968199135725481), (6, 0.24144996653875389)]
[(0, 0.58966449601235149), (6, 0.21258371869976711)]
[(0, 0.26968035159634002), (4, 0.32210855591423393)]
[(4, 0.25735757309067392), (6, 0.37865832281748524)]
[(0, 0.44970183667805297), (6, 0.35757639269982466)]
[(6, 0.62763841901642847)]
[(6, 0.58352628323557598)]
[(2, 0.33772495858251028), (6, 0.20591082110564771)]
[(4, 0.44300719436455643), (6, 0.21429630172028566)]
[(4, 0.44144256643818619), (6, 0.28428459678553053)]
[(4, 0.64713779641013625)]
[(4, 0.52928416358381158), (6, 0.276671769081621)]
[(5, 0.36554639569151814), (6, 0.30538147894604256)]
[(3, 0.28091536058072136), (6, 0.39500338743570113)]
[(3, 0.39746409945712952), (6, 0.24141001144440535)]
[(0, 0.222703700877001), (3, 0.35885736636665294), (6, 0.31214257506090903)]
[(0, 0.28341275703584234), (3, 0.37585867030141029)]
[(3, 0.66034673884429018), (4, 0.31724943774901226)]
[(3, 0.34626856025511921), (4, 0.25122639801426161), (6, 0.25067228434206057)]
[(6, 0.6566961898391912)]
[(2, 0.4796773341338651), (6, 0.24144851026623465)]
[(0, 0.58966261477229376), (6, 0.2125791885172616)]
[(0, 0.26967941518903449), (4, 0.32210926181690591)]
[(4, 0.25735274390565538), (6, 0.37865612131904636)]
[(0, 0.44970184401794289), (6, 0.35757632752457924)]
[(6, 0.62763494501866712)]
[(6, 0.58352156586527937)]
[(2, 0.33772768164245476), (6, 0.20591115883379385)]
[(4, 0.44300578981472738), (6, 0.21429633273083179)]
[(4, 0.44144297748244665), (6, 0.28428567071922395)]
[(4, 0.64712784468388629)]
[(4, 0.52927984723262111), (6, 0.27665918750258789)]
[(5, 0.36555186371691534), (6, 0.3053842480211012)]
[(3, 0.28090487054221147), (6, 0.3950005538182943)]
[(3, 0.39746228050870563), (6, 0.24141088601295366)]
[(0, 0.22271515843666165), (3, 0.3588593911496073), (6, 0.31215148076536642)]
[(0, 0.28343333782204061), (3, 0.37584743443622259)]
[(3, 0.66034354105703996), (4, 0.3172540436918585)]
[(3, 0.34626425502826791), (4, 0.2512322210994874), (6, 0.25067052310976778)]
[(6, 0.65669420707935855)]
[(2, 0.47967457224781695), (6, 0.24144670656518266)]
[(0, 0.58966329308331511), (6, 0.21258100769475272)]
[(0, 0.26967783473457091), (4, 0.32210988028093834)]
[(4, 0.25735705032633094), (6, 0.37865808116714483)]
[(0, 0.44970218345766144), (6, 0.35757365117533235)]
[(6, 0.62762912585653274)]
[(6, 0.58352469834041032)]
[(2, 0.33772242544951575), (6, 0.20591060544827575)]
[(4, 0.44301017609430882), (6, 0.21429623445887469)]
[(4, 0.44144356383837052), (6, 0.28428699076064257)]
[(4, 0.64713331506669947)]
[(4, 0.52928285590253021), (6, 0.27667650613075595)]
[(5, 0.3655508364708675), (6, 0.30538372673406411)]
[(3, 0.28091310143977266), (6, 0.39500271460207548)]
[(3, 0.39746303545734429), (6, 0.24141070619284177)]
[(0, 0.22270615798568605), (3, 0.35885776654519042), (6, 0.31214459644187903)]
[(0, 0.28341342817920406), (3, 0.37584753005421107)]
[(3, 0.66034339840306444), (4, 0.31725421708198226)]
[(3, 0.34625552594992121), (4, 0.2512279235811179), (6, 0.25067803464926458)]
[(6, 0.65669894985843447)]
[(2, 0.47968450888822645), (6, 0.24145137621389245)]
[(0, 0.58966533616556227), (6, 0.21258624811923019)]
[(0, 0.26967993027175585), (4, 0.32210839918569711)]
[(4, 0.25735332463649879), (6, 0.3786563870038025)]
[(0, 0.4497019469639536), (6, 0.35757553482685683)]
[(6, 0.62762992310413634)]
[(6, 0.58352356472026512)]
[(2, 0.33772864645030354), (6, 0.20591122040868509)]
[(4, 0.44300831474491875), (6, 0.21429627562136813)]
[(4, 0.44144260949132552), (6, 0.28428471865578353)]
[(4, 0.64713023292185712)]
[(4, 0.52928302688377549), (6, 0.2766748325565731)]
[(5, 0.36554932060431644), (6, 0.30538287055429186)]
[(3, 0.28091350019943495), (6, 0.39500315659578739)]
[(3, 0.39746398082173567), (6, 0.24141016164647922)]
[(0, 0.22271318172001855), (3, 0.35885894780714855), (6, 0.31215024826224297)]
[(0, 0.28343043195141265), (3, 0.3758551241059177)]
[(3, 0.66034371837525896), (4, 0.31725383167602328)]
[(3, 0.34626757381062728), (4, 0.25123203934990707), (6, 0.25067008316265521)]
[(6, 0.65669583210956939)]
[(2, 0.47967706446892489), (6, 0.24144819626640457)]
[(0, 0.58966415748376144), (6, 0.21258107061914971)]
[(0, 0.26967880868162392), (4, 0.3221118137217826)]
[(4, 0.25735174041852926), (6, 0.37865566498396047)]
[(0, 0.44970137952684064), (6, 0.35757998034200905)]
[(6, 0.62761566889170972)]
[(6, 0.58352735338906281)]
[(2, 0.33772762143612911), (6, 0.20591113807711195)]
[(4, 0.44301329846476678), (6, 0.21429616455517894)]
[(4, 0.44144249291296894), (6, 0.28428438133066802)]
[(4, 0.64712116873432468)]
[(4, 0.52928175213688911), (6, 0.27667836680632557)]
[(5, 0.36554504192584192), (6, 0.30538061462985999)]
[(3, 0.28091004415295406), (6, 0.39500116623766551)]
[(3, 0.39746227233615533), (6, 0.24141090381385091)]
[(0, 0.22270955566393527), (3, 0.35885835031238505), (6, 0.31214728919610119)]
[(0, 0.28342233295628527), (3, 0.37584662866877727)]
[(3, 0.66034520810435415), (4, 0.31725187507025965)]
[(3, 0.34625663611635249), (4, 0.25122929922020165), (6, 0.25067357403127155)]
[(6, 0.65669789109934473)]
[(2, 0.47968469640240097), (6, 0.24145147710765139)]
[(0, 0.58966315217520993), (6, 0.21257993646888398)]
[(0, 0.26968010578056351), (4, 0.32211045757322038)]
[(4, 0.25735605352477986), (6, 0.37865762974045708)]
[(0, 0.44970134427725378), (6, 0.35758022523253197)]
[(6, 0.62763582449417865)]
[(6, 0.58352778139004913)]
[(2, 0.33772439245338998), (6, 0.20591076169703035)]
[(4, 0.4430057930833306), (6, 0.21429633201844428)]
[(4, 0.44144389954764623), (6, 0.28428768395293091)]
[(4, 0.64713710002987901)]
[(4, 0.52928467431846626), (6, 0.27666979967335925)]
[(5, 0.36554597090011215), (6, 0.30538122548288299)]
[(3, 0.28091243709609626), (6, 0.39500344423043882)]
[(3, 0.39746321224004971), (6, 0.24141058921369815)]
[(0, 0.22269921896010192), (3, 0.35885645248776976), (6, 0.31213948571932648)]
[(0, 0.2834295178041682), (3, 0.3758535971685355)]
[(3, 0.66034438069888868), (4, 0.31725300199702228)]
[(3, 0.34626356842538142), (4, 0.25122504876573482), (6, 0.25067178280032948)]
[(6, 0.65669975532078384)]
[(2, 0.47967321711410593), (6, 0.2414465508231721)]
[(0, 0.58966323716735425), (6, 0.21258037001011734)]
[(0, 0.2696814654789646), (4, 0.32210957127882506)]
[(4, 0.25735255389812633), (6, 0.37865603479723475)]
[(0, 0.44970191913204888), (6, 0.35757573877042148)]
[(6, 0.6276194081431522)]
[(6, 0.58352559186737518)]
[(2, 0.33772049641325053), (6, 0.20591044448541623)]
[(4, 0.44301046464121646), (6, 0.21429622860314013)]
[(4, 0.44144286257998971), (6, 0.28428539097513411)]
[(4, 0.64712582041897604)]
[(4, 0.52928357279799199), (6, 0.27667337130821407)]
[(5, 0.36554503702894814), (6, 0.30538062147800088)]
[(3, 0.28090415749352154), (6, 0.39499938107219695)]
[(3, 0.39746402433334166), (6, 0.24141003673917044)]
[(0, 0.22269451946490582), (3, 0.35885564167780715), (6, 0.31213576912661911)]
[(0, 0.28342132590191199), (3, 0.37585355213231275)]
[(3, 0.66034674563599782), (4, 0.31724942953211516)]
[(3, 0.34626482362991767), (4, 0.25122638614403109), (6, 0.25067196524720331)]
[(6, 0.65669499371892315)]
[(2, 0.47967789257687232), (6, 0.24144846268170037)]
[(0, 0.58966342898242874), (6, 0.21258097117793126)]
[(0, 0.2696799655013789), (4, 0.32210838847155349)]
[(4, 0.25735359713831135), (6, 0.37865650886030167)]
[(0, 0.44970206676169378), (6, 0.35757455989393261)]
[(6, 0.62762426949365202)]
[(6, 0.58352421844358215)]
[(2, 0.337725384238513), (6, 0.20591083230096405)]
[(4, 0.44300702607518683), (6, 0.21429630524404911)]
[(4, 0.44144319001583604), (6, 0.28428616972409865)]
[(4, 0.64712862405925731)]
[(4, 0.52928547627990785), (6, 0.27666849840609881)]
[(5, 0.36555089936476243), (6, 0.30538369393697712)]
[(3, 0.28090529792502483), (6, 0.39500007107341745)]
[(3, 0.39746263330397297), (6, 0.24141064148604977)]
[(0, 0.22271622195749863), (3, 0.35885953307315971), (6, 0.31215245568632494)]
[(0, 0.28339543324362199), (3, 0.37580465707378097)]
[(3, 0.66034466531184022), (4, 0.31725268093479186)]
[(3, 0.3462617709422261), (4, 0.25123387930988827), (6, 0.25067613404725031)]
[(6, 0.6566962154908329)]
[(2, 0.47968429531429735), (6, 0.24145130299415876)]
[(0, 0.58966118863085515), (6, 0.21257538934290204)]
[(0, 0.26967943220601964), (4, 0.32210913347933096)]
[(4, 0.25735342997881239), (6, 0.37865643677269206)]
[(0, 0.44970157792721577), (6, 0.35757842107047905)]
[(6, 0.62763785973225261)]
[(6, 0.58352316904076451)]
[(2, 0.33772740224061187), (6, 0.20591111738582743)]
[(4, 0.44300710248924791), (6, 0.21429630382663681)]
[(4, 0.44144277997183295), (6, 0.28428517689600064)]
[(4, 0.64711260066233267)]
[(4, 0.52928493390162412), (6, 0.27667231689864802)]
[(5, 0.36555024352704052), (6, 0.30538342490755777)]
[(3, 0.28091400834745422), (6, 0.39500594126180455)]
[(3, 0.39746434389850055), (6, 0.24140985710686885)]
[(0, 0.22269842235653861), (3, 0.35885629137511083), (6, 0.31213893220362543)]
[(0, 0.28341308053813496), (3, 0.37585172609311857)]
[(3, 0.66034621779543778), (4, 0.31725026440842286)]
[(3, 0.34626134943634318), (4, 0.25123194921843123), (6, 0.25067257296572554)]
[(6, 0.65669829589005224)]
[(2, 0.47968123956382658), (6, 0.24144963130756503)]
[(0, 0.5896644154596955), (6, 0.21258397403322801)]
[(0, 0.26968183597719525), (4, 0.32210707686439644)]
[(4, 0.25735185670387606), (6, 0.37865571936516285)]
[(0, 0.4497018351588265), (6, 0.35757642541119194)]
[(6, 0.62761590125451372)]
[(6, 0.58352605178066563)]
[(2, 0.33771835722956461), (6, 0.20591020117177122)]
[(4, 0.44300661142995662), (6, 0.21429631357504186)]
[(4, 0.44144340738466398), (6, 0.28428665470040188)]
[(4, 0.6471404112840774)]
[(4, 0.52928114565147555), (6, 0.27667395425662611)]
[(5, 0.36555207835877268), (6, 0.30538433681670268)]
[(3, 0.28091077030123834), (6, 0.39500016811258143)]
[(3, 0.39746292709950121), (6, 0.24141043829923509)]
[(0, 0.22271223670259546), (3, 0.35885889122381259), (6, 0.31214915642673441)]
[(0, 0.28335179582553061), (3, 0.37580986330990085)]
[(3, 0.66034283631134871), (4, 0.31725487878327158)]
[(3, 0.34625596803485686), (4, 0.25122787778828504), (6, 0.25067449947636911)]
[(6, 0.65670034107937847)]
[(2, 0.47967480461398038), (6, 0.24144743536457988)]
[(0, 0.58966347737180658), (6, 0.21258170614164168)]
[(0, 0.26967945656207731), (4, 0.32210917989130217)]
[(4, 0.25735493047094671), (6, 0.3786571203882183)]
[(0, 0.44970109936450298), (6, 0.35758212011075124)]
[(6, 0.62765847861719559)]
[(6, 0.58352694717196307)]
[(2, 0.33772200421779708), (6, 0.20591065632567543)]
[(4, 0.4430090294976376), (6, 0.21429626089361309)]
[(4, 0.44144372022785289), (6, 0.2842873180867711)]
[(4, 0.64714194878961506)]
[(4, 0.52927915446141949), (6, 0.27666526867153024)]
[(5, 0.36554874197053411), (6, 0.30538257294945975)]
[(3, 0.28091249053713974), (6, 0.39500432422354831)]
[(3, 0.39746437966558062), (6, 0.24140984630606779)]
[(0, 0.22271452381402104), (3, 0.3588593064137568), (6, 0.31215089901620557)]
[(0, 0.28342104969608539), (3, 0.37584650510666529)]
[(3, 0.6603468848905526), (4, 0.31724903235105623)]
[(3, 0.34626331502300189), (4, 0.25123321155076805), (6, 0.25067196040277179)]
[(6, 0.65669724759582038)]
[(2, 0.47968159396014459), (6, 0.24145002019832859)]
[(0, 0.58966230950281373), (6, 0.21257810991171827)]
[(0, 0.26968008784569647), (4, 0.32210781798323412)]
[(4, 0.25735737876312292), (6, 0.37865823554276129)]
[(0, 0.44970133189049344), (6, 0.35758033465042088)]
[(6, 0.62763871171574681)]
[(6, 0.58352687881501997)]
[(2, 0.33772239601985021), (6, 0.20591061745755881)]
[(4, 0.44300750107605363), (6, 0.21429629326818758)]
[(4, 0.44144228838180982), (6, 0.28428371155920729)]
[(4, 0.6471335125629778)]
[(4, 0.5292805949108278), (6, 0.27665861935923824)]
[(5, 0.36555220147245276), (6, 0.30538442315692343)]
[(3, 0.28090710388309725), (6, 0.39500198907596246)]
[(3, 0.39746338793065483), (6, 0.2414103823207607)]
[(0, 0.22270625053385962), (3, 0.35885778721718042), (6, 0.31214465278872655)]
[(0, 0.283413317834596), (3, 0.37584376547138609)]
[(3, 0.66034540774548767), (4, 0.31725160962004106)]
[(3, 0.34626416987682879), (4, 0.25123249019052746), (6, 0.25067201331241135)]
[(6, 0.65670121125853986)]
[(2, 0.47967972685654853), (6, 0.24144922594332996)]
[(0, 0.58966670173610836), (6, 0.21259102122851384)]
[(0, 0.26967977960863082), (4, 0.3221110722739759)]
[(4, 0.2573532717597552), (6, 0.37865636276472153)]
[(0, 0.4497016624602902), (6, 0.35757780320148208)]
[(6, 0.62764067948210689)]
[(6, 0.58352607648824106)]
[(2, 0.33772110000808397), (6, 0.20591048664116055)]
[(4, 0.44301506915660077), (6, 0.21429612469002821)]
[(4, 0.44144250111981831), (6, 0.28428440593225418)]
[(4, 0.64712597582285847)]
[(4, 0.52928214393300055), (6, 0.27667712920093979)]
[(5, 0.36554608192301413), (6, 0.30538108939409703)]
[(3, 0.28090987165521908), (6, 0.39500249993972741)]
[(3, 0.39746461120476789), (6, 0.24140961506846031)]
[(0, 0.22270060311217671), (3, 0.35885670031813821), (6, 0.31214055048042666)]
[(0, 0.283381685233978), (3, 0.37581895498990692)]
[(3, 0.66034791046955765), (4, 0.31724690258997457)]
[(3, 0.34627195451085202), (4, 0.25122737191331712), (6, 0.25066641862495942)]
[(6, 0.65669382810085264)]
[(2, 0.47968612961405727), (6, 0.24145189881259865)]
[(0, 0.58966207240217827), (6, 0.21257751291243887)]
[(0, 0.26968043686209137), (4, 0.32210856853552533)]
[(4, 0.25735173257787974), (6, 0.37865565999650674)]
[(0, 0.44970163272313673), (6, 0.35757800725105726)]
[(6, 0.62762665769058257)]
[(6, 0.58352690607245372)]
[(2, 0.33772276747468033), (6, 0.20591067714318925)]
[(4, 0.44300897101264858), (6, 0.21429626279791167)]
[(4, 0.4414437334569023), (6, 0.28428734588989568)]
[(4, 0.64714561327177156)]
[(4, 0.52928019696243567), (6, 0.27666320069487393)]
[(5, 0.36555129947383214), (6, 0.30538397963262903)]
[(3, 0.2809109060806782), (6, 0.39500302877464838)]
[(3, 0.39746210805859011), (6, 0.24141099015063566)]
[(0, 0.22270593451430531), (3, 0.3588576906176294), (6, 0.31214453897089239)]
[(0, 0.28343705421664389), (3, 0.37584941622283891)]
[(3, 0.66034809923089555), (4, 0.31724616002209333)]
[(3, 0.34625817633378403), (4, 0.25123224683205025), (6, 0.25067907570490172)]
[(6, 0.65669954688439414)]
[(2, 0.47968437916986789), (6, 0.24145134446055613)]
[(0, 0.58966665324482126), (6, 0.21259111193064678)]
[(0, 0.26968065811471925), (4, 0.32210808374351785)]
[(4, 0.25735336207169435), (6, 0.37865640420700719)]
[(0, 0.44970193548874537), (6, 0.35757562040165586)]
[(6, 0.62762442631466164)]
[(6, 0.58352341743262981)]
[(2, 0.33772815491582775), (6, 0.20591112652005922)]
[(4, 0.44300893873622776), (6, 0.21429626119926434)]
[(4, 0.44144272818320535), (6, 0.28428504127166987)]
[(4, 0.64711263518437945)]
[(4, 0.52928656234528759), (6, 0.2766654722481306)]
[(5, 0.3655476369659032), (6, 0.30538214276111458)]
[(3, 0.28091086194183745), (6, 0.39500355222877659)]
[(3, 0.39746254022801386), (6, 0.24141070249845401)]
[(0, 0.22270352874213128), (3, 0.35885724931230556), (6, 0.31214272060048859)]
[(0, 0.28342219325015616), (3, 0.37584623295497371)]
[(3, 0.66034331548833192), (4, 0.31725431152643696)]
[(3, 0.3462526919478478), (4, 0.25122949156312696), (6, 0.25067604598620613)]
[(6, 0.65670033282395435)]
[(2, 0.4796838520844145), (6, 0.24145091764635176)]
[(0, 0.58966139163709574), (6, 0.21257474339732133)]
[(0, 0.26967954442348874), (4, 0.32211052606205881)]
[(4, 0.25735724398300297), (6, 0.37865817430301685)]
[(0, 0.44970140700869526), (6, 0.35757979186755057)]
[(6, 0.62763597053321074)]
[(6, 0.58352866568955741)]
[(2, 0.33772111019389833), (6, 0.2059103313170644)]
[(4, 0.44301094098155624), (6, 0.21429621739666296)]
[(4, 0.44144266843062324), (6, 0.28428488134027657)]
[(4, 0.64711887265808254)]
[(4, 0.52926878422445389), (6, 0.27667458217922242)]
[(5, 0.3655511158888885), (6, 0.30538382155336741)]
[(3, 0.28091143978224764), (6, 0.39500161560541025)]
[(3, 0.39746406654996275), (6, 0.24141001927784128)]
[(0, 0.2226908812269921), (3, 0.35885489450296543), (6, 0.3121332818899244)]
[(0, 0.28341612848481784), (3, 0.37584483062872653)]
[(3, 0.66034565098950382), (4, 0.31725123736341698)]
[(3, 0.34626021209881819), (4, 0.25123159861835481), (6, 0.2506745448448825)]
[(6, 0.65669417696954624)]
[(2, 0.47967839427486436), (6, 0.24144859970847932)]
[(0, 0.58966667407718631), (6, 0.21259075528321242)]
[(0, 0.26968038877052364), (4, 0.32210907537361222)]
[(4, 0.25735222750219378), (6, 0.37865588595764205)]
[(0, 0.4497019799440255), (6, 0.35757526306678855)]
[(6, 0.62763706707701528)]
[(6, 0.58352177496073721)]
[(2, 0.33771991110113658), (6, 0.20591038182562008)]
[(4, 0.44300574830319023), (6, 0.21429633237131479)]
[(4, 0.44144229682569902), (6, 0.28428374224934588)]
[(4, 0.64712198533303378)]
[(4, 0.52928337663237746), (6, 0.2766770073002201)]
[(5, 0.36555145789158416), (6, 0.30538395608154623)]
[(3, 0.28090966258451255), (6, 0.39500164883035294)]
[(3, 0.39746289180876793), (6, 0.24141048430925507)]
[(0, 0.22270434784645948), (3, 0.35885734449680518), (6, 0.31214351748725433)]
[(0, 0.28342990279015046), (3, 0.375843885326692)]
[(3, 0.66034459083807584), (4, 0.31725272650868597)]
[(3, 0.34626636196802674), (4, 0.25122718349027418), (6, 0.25067259102940637)]
[(6, 0.65669462303078707)]
[(2, 0.47968612110087661), (6, 0.24145186890110884)]
[(0, 0.58966330615702944), (6, 0.21258136155485055)]
[(0, 0.26968000401382775), (4, 0.32210934236920236)]
[(4, 0.25735173176055409), (6, 0.37865565923734862)]
[(0, 0.44970175519465666), (6, 0.35757703499892041)]
[(6, 0.62762175028820999)]
[(6, 0.58352315246495146)]
[(2, 0.33772103016631927), (6, 0.2059104895755475)]
[(4, 0.44300708107693842), (6, 0.2142963023060101)]
[(4, 0.44144394782492957), (6, 0.28428778112622899)]
[(4, 0.64712050779753783)]
[(4, 0.52928467385597622), (6, 0.27667024900963155)]
[(5, 0.36554516434513995), (6, 0.30538079328538825)]
[(3, 0.28090479964037435), (6, 0.39499937079480424)]
[(3, 0.39746318139354825), (6, 0.24141057713013939)]
[(0, 0.2227077779416258), (3, 0.35885803922249032), (6, 0.31214589834356637)]
[(0, 0.28343753505005581), (3, 0.37584858102720131)]
[(3, 0.66034527132976106), (4, 0.3172517446967863)]
[(3, 0.34626167609982023), (4, 0.25123187263568708), (6, 0.25067285345207385)]
[(6, 0.65669900675225434)]
[(2, 0.47968498971724988), (6, 0.24145155366099458)]
[(0, 0.58966397084696121), (6, 0.21258191096867871)]
[(0, 0.26968077756444619), (4, 0.32210800658826494)]
[(4, 0.25735546145689242), (6, 0.37865736068504641)]
[(0, 0.44970202194588321), (6, 0.3575749348594825)]
[(6, 0.62763035249120636)]
[(6, 0.5835262446442071)]
[(2, 0.33772408206470789), (6, 0.20591055598382124)]
[(4, 0.44301455957700969), (6, 0.21429613624131388)]
[(4, 0.44144301640697381), (6, 0.2842857643638671)]
[(4, 0.64713046293446252)]
[(4, 0.52928520816032409), (6, 0.27666855734851248)]
[(5, 0.36554808643475872), (6, 0.30538218573947745)]
[(3, 0.28090503586864496), (6, 0.3949989305508399)]
[(3, 0.3974647148457926), (6, 0.24140953970546142)]
[(0, 0.22269842060488915), (3, 0.35885634663977456), (6, 0.31213875158611853)]
[(0, 0.28341777396583551), (3, 0.37585167265838082)]
[(3, 0.6603426352806151), (4, 0.31725510286072661)]
[(3, 0.34625104685333258), (4, 0.25123259634786022), (6, 0.25067881503339706)]
[(6, 0.65669483182801291)]
[(2, 0.47968322878368397), (6, 0.24145085373527925)]
[(0, 0.58966192022989228), (6, 0.21257703419204019)]
[(0, 0.26968192266859053), (4, 0.322107144955809)]
[(4, 0.25735474183870805), (6, 0.37865703423714658)]
[(0, 0.4497022818833914), (6, 0.35757284843504916)]
[(6, 0.62761617663738534)]
[(6, 0.58352582907571093)]
[(2, 0.33772340740545137), (6, 0.20591030774489891)]
[(4, 0.44300526266181744), (6, 0.21429634358352762)]
[(4, 0.44144280308376727), (6, 0.2842852366868252)]
[(4, 0.64711629404270854)]
[(4, 0.52928553837149617), (6, 0.27666768456006163)]
[(5, 0.36555307211128157), (6, 0.30538481800732825)]
[(3, 0.28091323770221943), (6, 0.39500425167524028)]
[(3, 0.39746363037443533), (6, 0.24141034489663799)]
[(0, 0.22271106800965332), (3, 0.35885858177591923), (6, 0.31214858066242313)]
[(0, 0.2833956171652961), (3, 0.37580778398575121)]
[(3, 0.66034572137350511), (4, 0.31725108874822844)]
[(3, 0.34625988454002171), (4, 0.25122936687701136), (6, 0.25067578094474674)]
[(6, 0.6566946025252377)]
[(2, 0.4796735509283887), (6, 0.24144663576199768)]
[(0, 0.58966266631646425), (6, 0.21257864001634352)]
[(0, 0.26968088647769689), (4, 0.32210782662287024)]
[(4, 0.25735738854390144), (6, 0.3786582428018585)]
[(0, 0.44970221810583083), (6, 0.35757338745115197)]
[(6, 0.62764173981028804)]
[(6, 0.58352545805215372)]
[(2, 0.33772137891270254), (6, 0.20591046768372787)]
[(4, 0.44300889523947351), (6, 0.21429626236316851)]
[(4, 0.44144413050435499), (6, 0.2842881427430482)]
[(4, 0.64712124073185762)]
[(4, 0.52928343206320505), (6, 0.27667371187178635)]
[(5, 0.36554779494515494), (6, 0.30538224538209308)]
[(3, 0.28091096235666657), (6, 0.3950022386054956)]
[(3, 0.39746447671146562), (6, 0.24140968905859256)]
[(0, 0.22269843858714561), (3, 0.35885630360895743), (6, 0.31213891375419561)]
[(0, 0.28342037314439289), (3, 0.37584723295914269)]
[(3, 0.66034711040069771), (4, 0.31724878309142118)]
[(3, 0.34625575676551423), (4, 0.25122735614031244), (6, 0.25067742705777024)]
[(6, 0.65669591225282953)]
[(2, 0.47968472529391293), (6, 0.24145122653409481)]
[(0, 0.58966343795881038), (6, 0.21258088798428793)]
[(0, 0.2696798049977695), (4, 0.32210905427830383)]
[(4, 0.25735768388302716), (6, 0.37865837730286611)]
[(0, 0.44970141223407556), (6, 0.35757967965483145)]
[(6, 0.6276274757699376)]
[(6, 0.58352090864119244)]
[(2, 0.33771911965879964), (6, 0.20590992180021117)]
[(4, 0.44300881622013222), (6, 0.21429626583206471)]
[(4, 0.4414424024858119), (6, 0.28428410027545531)]
[(4, 0.64712543869072714)]
[(4, 0.52927996494119234), (6, 0.27667542851738613)]
[(5, 0.36555445595132419), (6, 0.30538560227513539)]
[(3, 0.28091280554050246), (6, 0.39500385659775294)]
[(3, 0.3974646368139757), (6, 0.24140964698981177)]
[(0, 0.222698128450147), (3, 0.35885618478185277), (6, 0.31213888137348256)]
[(0, 0.28336092888134451), (3, 0.37580649246625142)]
[(3, 0.66034756256974503), (4, 0.31724779873899583)]
[(3, 0.34626496903942072), (4, 0.25122938174749204), (6, 0.25067281768341088)]
[(6, 0.65669500738729225)]
[(2, 0.47967511010353631), (6, 0.24144722844296881)]
[(0, 0.58966175015373934), (6, 0.21257750393524052)]
[(0, 0.2696801753992229), (4, 0.32210895265342032)]
[(4, 0.25735774765911096), (6, 0.37865839983644356)]
[(0, 0.44970141531823443), (6, 0.35757970499892389)]
[(6, 0.62762732234923546)]
[(6, 0.58352350062477221)]
[(2, 0.33772604705293563), (6, 0.20591100099576945)]
[(4, 0.44300750188298654), (6, 0.21429629463945771)]
[(4, 0.44144231336205964), (6, 0.28428380127599151)]
[(4, 0.64713055516615703)]
[(4, 0.5292814779002788), (6, 0.2766690054107574)]
[(5, 0.36554883803026123), (6, 0.3053826135419011)]
[(3, 0.28091231512818354), (6, 0.39500205177585501)]
[(3, 0.39746465575724171), (6, 0.24140968688226133)]
[(0, 0.22270328770779108), (3, 0.35885724295899185), (6, 0.31214241673703341)]
[(0, 0.28343129252315541), (3, 0.37585180208231195)]
[(3, 0.66034757322277782), (4, 0.31724778593507064)]
[(3, 0.34626580854572203), (4, 0.25122736860093747), (6, 0.25067262842136051)]
[(6, 0.65669951609560917)]
[(2, 0.47968190887841172), (6, 0.24145043868423094)]
[(0, 0.58966218219998445), (6, 0.21257896518631086)]
[(0, 0.2696812368108833), (4, 0.32210796489953764)]
[(4, 0.25735605867361794), (6, 0.37865763761773485)]
[(0, 0.44970221517519837), (6, 0.35757340291772188)]
[(6, 0.62761385339109887)]
[(6, 0.58352889141379816)]
[(2, 0.3377235824970527), (6, 0.20591080504403442)]
[(4, 0.44301315734278446), (6, 0.21429617022333053)]
[(4, 0.44144276594985243), (6, 0.28428514057329657)]
[(4, 0.64714164353508041)]
[(4, 0.52928176374024494), (6, 0.27667869977123444)]
[(5, 0.3655483870837643), (6, 0.30538243913386948)]
[(3, 0.28091323297494708), (6, 0.39500196389886266)]
[(3, 0.39746402757159233), (6, 0.24141007639527012)]
[(0, 0.22271259211638283), (3, 0.35885886568662761), (6, 0.31214971798651309)]
[(0, 0.28342730897966806), (3, 0.37585057035173997)]
[(3, 0.66034642300106561), (4, 0.31725003028612142)]
[(3, 0.34626341196417737), (4, 0.25123204039621827), (6, 0.25067166008137265)]
[(6, 0.65670112863164931)]
[(2, 0.47967720886313725), (6, 0.2414481433879998)]
[(0, 0.5896617425930134), (6, 0.21257671773843734)]
[(0, 0.2696793353438468), (4, 0.32210973531814985)]
[(4, 0.25735599838792539), (6, 0.37865760245281055)]
[(0, 0.44970202845665269), (6, 0.35757488567779988)]
[(6, 0.62762760943608653)]
[(6, 0.58352592398423986)]
[(2, 0.33772336949882331), (6, 0.20591068205263996)]
[(4, 0.44300892145334952), (6, 0.21429626154097253)]
[(4, 0.44144235062012116), (6, 0.28428392928619406)]
[(4, 0.64712531506140858)]
[(4, 0.52927926868283826), (6, 0.27666425678942214)]
[(5, 0.3655509458127672), (6, 0.30538378089072138)]
[(3, 0.28091117813011113), (6, 0.39500525964568001)]
[(3, 0.39746415208755254), (6, 0.24140999601848981)]
[(0, 0.22270050933834068), (3, 0.35885672855614076), (6, 0.31214033294455107)]
[(0, 0.28342720523529363), (3, 0.37585003916234067)]
[(3, 0.66034309719180206), (4, 0.31725457299114201)]
[(3, 0.34626490981590002), (4, 0.2512226283603497), (6, 0.25067682789049439)]
[(6, 0.65669580125550031)]
[(2, 0.47968475896989787), (6, 0.24145156797805178)]
[(0, 0.58966077872063916), (6, 0.21257358322639242)]
[(0, 0.2696803017055332), (4, 0.32210856793829062)]
[(4, 0.2573516400929996), (6, 0.37865561548756749)]
[(0, 0.44970180489886313), (6, 0.35757667133061694)]
[(6, 0.62764001543834413)]
[(6, 0.5835254356800742)]
[(2, 0.33772702667631038), (6, 0.20591110932994106)]
[(4, 0.44301340696731467), (6, 0.2142961641534481)]
[(4, 0.44144369893422758), (6, 0.28428727319451963)]
[(4, 0.6471338731853914)]
[(4, 0.52927970392291879), (6, 0.27666207601429721)]
[(5, 0.3655520698537057), (6, 0.30538392497227218)]
[(3, 0.28091405191297525), (6, 0.39500524920340097)]
[(3, 0.39746230950317757), (6, 0.24141086163013151)]
[(0, 0.22271113607339518), (3, 0.35885865106892045), (6, 0.31214844850712486)]
[(0, 0.28337141018369016), (3, 0.37582131649230849)]
[(3, 0.66034579556298223), (4, 0.31725094530319958)]
[(3, 0.34625762596512599), (4, 0.25122968727513606), (6, 0.25067719480090633)]
[(6, 0.65669576324582857)]
[(2, 0.47968741253621189), (6, 0.24145239001142807)]
[(0, 0.58966215662798205), (6, 0.21257707820443089)]
[(0, 0.2696801002744223), (4, 0.3221089285260077)]
[(4, 0.25735774205405693), (6, 0.37865840110763277)]
[(0, 0.44970183804888414), (6, 0.35757639780754685)]
[(6, 0.62763183137256173)]
[(6, 0.58352327933689252)]
[(2, 0.33772173970767833), (6, 0.20591049639872969)]
[(4, 0.44300800913090937), (6, 0.21429628398935321)]
[(4, 0.44144386898492366), (6, 0.28428762345313185)]
[(4, 0.64713558387946868)]
[(4, 0.52928598945387473), (6, 0.27666704686442789)]
[(5, 0.36554796890397234), (6, 0.30538214355829951)]
[(3, 0.28091140930602154), (6, 0.39500188194966668)]
[(3, 0.39746229048260701), (6, 0.24141087448930518)]
[(0, 0.22270009287898082), (3, 0.35885663944417051), (6, 0.31214005963998553)]
[(0, 0.28342471826601878), (3, 0.37585220458267765)]
[(3, 0.6603467449656053), (4, 0.31724942424792241)]
[(3, 0.3462619235376978), (4, 0.2512216008992732), (6, 0.25067227848829055)]
[(6, 0.65670049666591934)]
[(2, 0.47968561894493217), (6, 0.24145169380806472)]
[(0, 0.58966151674980227), (6, 0.21257587014788679)]
[(0, 0.26968005445780446), (4, 0.32210622406017841)]
[(4, 0.2573555880582965), (6, 0.37865741766463934)]
[(0, 0.44970213607761811), (6, 0.35757403379189029)]
[(6, 0.62762924601031089)]
[(6, 0.58352444771312151)]
[(2, 0.33772562316180699), (6, 0.20591089596974718)]
[(4, 0.44301133223286421), (6, 0.2142962096626112)]
[(4, 0.44144236190655317), (6, 0.28428396757027546)]
[(4, 0.64713475616588656)]
[(4, 0.52928160746612241), (6, 0.27666233112710248)]
[(5, 0.36554787897114888), (6, 0.30538208143544426)]
[(3, 0.28090938555287898), (6, 0.39499969309795119)]
[(3, 0.39746266641439121), (6, 0.24141095347186803)]
[(0, 0.22270770192552075), (3, 0.35885801240450438), (6, 0.31214588194091675)]
[(0, 0.28338111104592184), (3, 0.37580245642204246)]
[(3, 0.66034488234225475), (4, 0.31725228512331016)]
[(3, 0.34626499527748178), (4, 0.25123190250505356), (6, 0.25067159698420982)]
[(6, 0.6567012557941263)]
[(2, 0.47968154654401307), (6, 0.24145007172050212)]
[(0, 0.58966169906666388), (6, 0.2125750392832241)]
[(0, 0.26968065322114565), (4, 0.32210848537416586)]
[(4, 0.25735428676620314), (6, 0.3786568265511292)]
[(0, 0.4497013917799122), (6, 0.35757988023574516)]
[(6, 0.62761613548493989)]
[(6, 0.58352568304495078)]
[(2, 0.33772505986865842), (6, 0.20591079804139484)]
[(4, 0.44301280581058067), (6, 0.21429617576733126)]
[(4, 0.44144372976195956), (6, 0.2842873378203723)]
[(4, 0.64711142981583636)]
[(4, 0.52928284234650036), (6, 0.27666926715882484)]
[(5, 0.36555004411415337), (6, 0.30538325508756536)]
[(3, 0.28091433668650689), (6, 0.39500409533626391)]
[(3, 0.39746434914726952), (6, 0.24140991981721047)]
[(0, 0.22268864183371329), (3, 0.35885454002967693), (6, 0.31213140515876148)]
[(0, 0.28342605195963633), (3, 0.37585132239585439)]
[(3, 0.66034609421380797), (4, 0.31725057985072902)]
[(3, 0.346266323268415), (4, 0.25122672189463091), (6, 0.2506722031731547)]
[(6, 0.6566956198146443)]
[(2, 0.47968574916663786), (6, 0.24145183073438981)]
[(0, 0.58966305044036726), (6, 0.21258047685885689)]
[(0, 0.26967989503218692), (4, 0.32210810269917933)]
[(4, 0.25735742664208555), (6, 0.37865825977082945)]
[(0, 0.44970163338378583), (6, 0.35757798034579241)]
[(6, 0.62764086551240883)]
[(6, 0.58352354662137262)]
[(2, 0.33772434275955127), (6, 0.20591073157243628)]
[(4, 0.44300886773231629), (6, 0.21429626342075819)]
[(4, 0.4414435305022516), (6, 0.28428692002265593)]
[(4, 0.6471341926862082)]
[(4, 0.52928063001927261), (6, 0.27665761186610405)]
[(5, 0.36554577015769307), (6, 0.30538095192140685)]
[(3, 0.2809137771817603), (6, 0.39500372567965403)]
[(3, 0.39746246317467993), (6, 0.24141075786014227)]
[(0, 0.22270840573060957), (3, 0.35885806518083696), (6, 0.31214665983944023)]
[(0, 0.28339695962136385), (3, 0.37585705162035005)]
[(3, 0.66034809224203483), (4, 0.31724635034612891)]
[(3, 0.34625436799739334), (4, 0.25122960794607507), (6, 0.25067797462757818)]
[(6, 0.6566949247497772)]
[(2, 0.47967794531984087), (6, 0.24144846604531153)]
[(0, 0.58966310090857144), (6, 0.21258110557727966)]
[(0, 0.26967798446712954), (4, 0.32210785515144796)]
[(4, 0.25735311600365485), (6, 0.37865628877485868)]
[(0, 0.44970203568332473), (6, 0.35757482540200264)]
[(6, 0.62762628960806432)]
[(6, 0.58352669223119502)]
[(2, 0.33772646829107084), (6, 0.2059109613716075)]
[(4, 0.44301028245690477), (6, 0.21429623206373019)]
[(4, 0.44144321261525732), (6, 0.2842862220883956)]
[(4, 0.64713558666148496)]
[(4, 0.52928271255595649), (6, 0.27667760585115458)]
[(5, 0.36555416181419775), (6, 0.30538546476717571)]
[(3, 0.2809127315751429), (6, 0.39500311639823199)]
[(3, 0.39746226081594538), (6, 0.24141087645786558)]
[(0, 0.22271613220549868), (3, 0.35885941991731407), (6, 0.31215270001257023)]
[(0, 0.28336772350230094), (3, 0.3758107460132673)]
[(3, 0.66034409378339187), (4, 0.31725334946140943)]
[(3, 0.3462599223808393), (4, 0.2512314542068485), (6, 0.25067331945632232)]
[(6, 0.65669379838453046)]
[(2, 0.4796828783779884), (6, 0.24145045036098026)]
[(0, 0.58966225656383719), (6, 0.21257867460879534)]
[(0, 0.26967998641811858), (4, 0.32210883441476484)]
[(4, 0.25735334148236), (6, 0.3786563931407359)]
[(0, 0.44970158178343256), (6, 0.35757837911680868)]
[(6, 0.62762817911464208)]
[(6, 0.58352328780543461)]
[(2, 0.33772666635092463), (6, 0.20591104226807588)]
[(4, 0.44301195111263064), (6, 0.21429619460864313)]
[(4, 0.4414441471455518), (6, 0.28428817682222779)]
[(4, 0.64713097287797139)]
[(4, 0.52928277060494933), (6, 0.276667981459148)]
[(5, 0.36554522977144699), (6, 0.30538083368037439)]
[(3, 0.28090829299798148), (6, 0.39499878510050573)]
[(3, 0.39746503042772663), (6, 0.24140942318751468)]
[(0, 0.22271292648772892), (3, 0.35885896982381726), (6, 0.31214983301922772)]
[(0, 0.2834191869703388), (3, 0.37585472172415341)]
[(3, 0.66034704504574115), (4, 0.31724886281048881)]
[(3, 0.34625333481142945), (4, 0.25122973520145869), (6, 0.25067883640045191)]
[(6, 0.65669378151942803)]
[(2, 0.4796840520627968), (6, 0.24145097436186774)]
[(0, 0.58966440293878886), (6, 0.21258328169588941)]
[(0, 0.2696801848395573), (4, 0.32210804134846516)]
[(4, 0.25735501558697199), (6, 0.37865715951533896)]
[(0, 0.44970199277523598), (6, 0.35757516590543331)]
[(6, 0.62763833508443778)]
[(6, 0.58352306072030868)]
[(2, 0.3377235729232298), (6, 0.20591040237699437)]
[(4, 0.44300998633014588), (6, 0.21429623800203113)]
[(4, 0.44144242566893127), (6, 0.28428417405870454)]
[(4, 0.64713433026581169)]
[(4, 0.52927526404317815), (6, 0.2766742983940792)]
[(5, 0.36554917548217158), (6, 0.305382780745377)]
[(3, 0.2809084862001287), (6, 0.39499915678358555)]
[(3, 0.3974640994167366), (6, 0.24141011658324885)]
[(0, 0.22269597985653991), (3, 0.35885584587092317), (6, 0.31213707940520524)]
[(0, 0.28343087525827543), (3, 0.37584679558550793)]
[(3, 0.66034805979589595), (4, 0.31724672523468372)]
[(3, 0.34627111789322707), (4, 0.25122903536616098), (6, 0.25066769693246976)]
[(6, 0.65669733919390216)]
[(2, 0.47967860537497142), (6, 0.24144879200449965)]
[(0, 0.58966264804092305), (6, 0.21257969056432258)]
[(0, 0.26967960657829754), (4, 0.32210893928166734)]
[(4, 0.25735239079295918), (6, 0.37865595668025737)]
[(0, 0.44970196764420944), (6, 0.35757536506679588)]
[(6, 0.62761978627209214)]
[(6, 0.58352666754729665)]
[(2, 0.33772712134198302), (6, 0.20591111038182283)]
[(4, 0.44300748670697043), (6, 0.21429629462614203)]
[(4, 0.44144425504416462), (6, 0.28428838509676874)]
[(4, 0.64712840004464822)]
[(4, 0.5292859718339773), (6, 0.2766665508157865)]
[(5, 0.36554761537227104), (6, 0.3053819453229224)]
[(3, 0.28090675608868199), (6, 0.39500174329858667)]
[(3, 0.39746229812498796), (6, 0.24141086878861406)]
[(0, 0.22270515071340696), (3, 0.35885753064297315), (6, 0.31214399910376994)]
[(0, 0.28342376872250236), (3, 0.37585325313574341)]
[(3, 0.66034640533357525), (4, 0.31724999709234225)]
[(3, 0.34625627461877562), (4, 0.25123204437360841), (6, 0.25067568156383307)]
[(6, 0.6566943517722027)]
[(2, 0.47968019997277839), (6, 0.24144998656063449)]
[(0, 0.58966202141493762), (6, 0.21257665969965614)]
[(0, 0.26968101466168132), (4, 0.32210552768560224)]
[(4, 0.25735482142337929), (6, 0.37865706112157371)]
[(0, 0.44970164893304682), (6, 0.35757788304517546)]
[(6, 0.6276166784386954)]
[(6, 0.58352794908055194)]
[(2, 0.33771739278000196), (6, 0.20590986618968857)]
[(4, 0.44300845361279118), (6, 0.21429627218565964)]
[(4, 0.44144244669725574), (6, 0.28428423987611084)]
[(4, 0.6471213965948257)]
[(4, 0.52928591660136681), (6, 0.27666758516101281)]
[(5, 0.36555052133369237), (6, 0.30538349227920103)]
[(3, 0.28091449605473934), (6, 0.39500418446388369)]
[(3, 0.39746233900186251), (6, 0.24141082872066499)]
[(0, 0.22271093733471292), (3, 0.35885860015539789), (6, 0.31214834479106707)]
[(0, 0.28341794592702685), (3, 0.37584832041405042)]
[(3, 0.66034340052867402), (4, 0.31725422667111658)]
[(3, 0.3462630397630988), (4, 0.25123230623216375), (6, 0.25067233010177081)]
[(6, 0.65669510703911094)]
[(2, 0.47968106243925762), (6, 0.24145026184273979)]
[(0, 0.58966362377665016), (6, 0.21258197507438054)]
[(0, 0.2696806886626742), (4, 0.32210808397134005)]
[(4, 0.25735525123917685), (6, 0.37865726707020209)]
[(0, 0.44970161843874829), (6, 0.35757810279729324)]
[(6, 0.6276367154536433)]
[(6, 0.58352385050139921)]
[(2, 0.33772398566698236), (6, 0.20591082813487729)]
[(4, 0.44300541414174871), (6, 0.2142963406833725)]
[(4, 0.44144237067448133), (6, 0.28428399608494004)]
[(4, 0.64712845892880921)]
[(4, 0.5292793250393466), (6, 0.27666514381087726)]
[(5, 0.36554844442500878), (6, 0.30538238983843213)]
[(3, 0.28091061612315404), (6, 0.39500358078257924)]
[(3, 0.39746388899356777), (6, 0.2414100887246767)]
[(0, 0.22271618076910915), (3, 0.35885950423866653), (6, 0.31215249317349741)]
[(0, 0.28342662967517301), (3, 0.37584760409875484)]
[(3, 0.66034581698024641), (4, 0.31725101533725825)]
[(3, 0.34626735270948783), (4, 0.2512293950208821), (6, 0.25067028616158782)]
[(6, 0.6566938063122999)]
[(2, 0.4796771157422029), (6, 0.24144800428918012)]
[(0, 0.58966475944961749), (6, 0.21258405272570469)]
[(0, 0.26967859087343521), (4, 0.32210951145679417)]
[(4, 0.25735792423887638), (6, 0.3786584800431072)]
[(0, 0.44970221033557373), (6, 0.35757341664141346)]
[(6, 0.62763491817393524)]
[(6, 0.58352499000537439)]
[(2, 0.33771894164636285), (6, 0.20591028188512489)]
[(4, 0.44300912442103391), (6, 0.21429625796930166)]
[(4, 0.44144421602101974), (6, 0.28428830949770606)]
[(4, 0.64714352089652538)]
[(4, 0.52928292480586181), (6, 0.27667585714609588)]
[(5, 0.36555203359041527), (6, 0.30538432920647274)]
[(3, 0.28090578989894527), (6, 0.39500099289595852)]
[(3, 0.39746410759554274), (6, 0.24141006057658262)]
[(0, 0.22270949649375449), (3, 0.35885834362216795), (6, 0.31214723146204748)]
[(0, 0.28337025843729435), (3, 0.37580043816709974)]
[(3, 0.66034335823209245), (4, 0.31725426492700315)]
[(3, 0.34626488249885046), (4, 0.25123337376740912), (6, 0.25067160498669389)]
[(6, 0.65669526145884649)]
[(2, 0.47967462842342729), (6, 0.24144693805027215)]
[(0, 0.58966455290403375), (6, 0.212584201665203)]
[(0, 0.26968157897412276), (4, 0.32210735387062678)]
[(4, 0.257354084945149), (6, 0.3786567341224702)]
[(0, 0.44970142836901994), (6, 0.35757959045349869)]
[(6, 0.62761923685274856)]
[(6, 0.58352694147859785)]
[(2, 0.33771855266338968), (6, 0.20591029258478846)]
[(4, 0.44301079325092313), (6, 0.21429622172020144)]
[(4, 0.44144238427187521), (6, 0.28428404103353327)]
[(4, 0.64713613454231544)]
[(4, 0.5292825758161811), (6, 0.27667664535301018)]
[(5, 0.36555234606753439), (6, 0.30538457059890811)]
[(3, 0.28091101363839721), (6, 0.39500439773128604)]
[(3, 0.39746470987034782), (6, 0.24140958139025528)]
[(0, 0.22270550027771591), (3, 0.35885761960559676), (6, 0.31214418346388995)]
[(0, 0.28341655528494764), (3, 0.37585637534692895)]
[(3, 0.66034702239264831), (4, 0.31724882642979496)]
[(3, 0.34626116815248109), (4, 0.25122764051338664), (6, 0.25067503805545943)]
[(6, 0.6566970401491169)]
[(2, 0.47968306462972832), (6, 0.24145068373402723)]
[(0, 0.58966216353581014), (6, 0.21257832724311504)]
[(0, 0.26967875518839329), (4, 0.32211160291179736)]
[(4, 0.25735771820973768), (6, 0.37865839062570872)]
[(0, 0.44970112027929593), (6, 0.357581981261481)]
[(6, 0.62763256424841218)]
[(6, 0.58352321590623724)]
[(2, 0.3377287159978567), (6, 0.20591124068231587)]
[(4, 0.44300766518212958), (6, 0.21429629101263653)]
[(4, 0.44144296229644836), (6, 0.28428563395265588)]
[(4, 0.64713561345338066)]
[(4, 0.52928543210095169), (6, 0.27666966094144485)]
[(5, 0.36554830372210434), (6, 0.30538235720163009)]
[(3, 0.28091244571094032), (6, 0.39500392735515483)]
[(3, 0.39746389164484142), (6, 0.24141018786009244)]
[(0, 0.22270666255931665), (3, 0.35885781665957422), (6, 0.31214511268606399)]
[(0, 0.28344236494615827), (3, 0.37584250218245174)]
[(3, 0.66034729447533469), (4, 0.31724840752800015)]
[(3, 0.34625818953624199), (4, 0.25123183553091577), (6, 0.25067620464113072)]
[(6, 0.65669820173776727)]
[(2, 0.47968465593599585), (6, 0.24145124884318028)]
[(0, 0.58966287382896032), (6, 0.21257954795939876)]
[(0, 0.26967938107678879), (4, 0.3221091109250912)]
[(4, 0.2573560679638312), (6, 0.37865763490580323)]
[(0, 0.44970182950183546), (6, 0.35757642575697929)]
[(6, 0.62763022808330482)]
[(6, 0.58352558578244607)]
[(2, 0.33772788451619207), (6, 0.20591116293770192)]
[(4, 0.44300767994489054), (6, 0.21429628993460875)]
[(4, 0.44144239407582142), (6, 0.28428407343382806)]
[(4, 0.64712762278175873)]
[(4, 0.52928421032707151), (6, 0.2766723691844486)]
[(5, 0.3655544918105581), (6, 0.30538522961940923)]
[(3, 0.28091069237114025), (6, 0.39500193400446276)]
[(3, 0.39746359607403525), (6, 0.24141027915809563)]
[(0, 0.2227106846768539), (3, 0.35885851508628197), (6, 0.31214827888055513)]
[(0, 0.28343156926440455), (3, 0.37585336320467227)]
[(3, 0.66034596121296874), (4, 0.31725078751161639)]
[(3, 0.34626165436652495), (4, 0.25123224079388862), (6, 0.25067355865268148)]
[(6, 0.6566978001900674)]
[(2, 0.47968599854454763), (6, 0.24145176158684337)]
[(0, 0.58966274462613455), (6, 0.21257890875789634)]
[(0, 0.26967979177312901), (4, 0.32210849910858458)]
[(4, 0.25735440063668552), (6, 0.37865687874185788)]
[(0, 0.44970204532618507), (6, 0.35757473772092813)]
[(6, 0.62763079888177653)]
[(6, 0.58352587155978597)]
[(2, 0.33771813185249111), (6, 0.20590970017345298)]
[(4, 0.44300794058003479), (6, 0.21429628535752263)]
[(4, 0.44144230833807163), (6, 0.28428378477583444)]
[(4, 0.64711885040537453)]
[(4, 0.52928309567104126), (6, 0.27667390296925914)]
[(5, 0.36555000198020704), (6, 0.30538326863878879)]
[(3, 0.28091201775686853), (6, 0.39500318226070319)]
[(3, 0.39746374901953102), (6, 0.2414102945387159)]
[(0, 0.22271536245560025), (3, 0.35885934516637663), (6, 0.31215190425157507)]
[(0, 0.28342939964567881), (3, 0.37584588827513365)]
[(3, 0.66034577896673252), (4, 0.3172510419912683)]
[(3, 0.34626051511625294), (4, 0.25123126630635051), (6, 0.2506738851059101)]
[(6, 0.6566983981654525)]
[(2, 0.47967988327621552), (6, 0.24144922448824005)]
[(0, 0.58966396317846836), (6, 0.21258322654381376)]
[(0, 0.26967934033571522), (4, 0.32211052335721907)]
[(4, 0.25735208291341016), (6, 0.37865581960142985)]
[(0, 0.44970209592367982), (6, 0.35757433745119693)]
[(6, 0.62763894599989001)]
[(6, 0.58352709604615571)]
[(2, 0.33772659128525678), (6, 0.20591104303346355)]
[(4, 0.44301652402600322), (6, 0.21429609245215345)]
[(4, 0.44144230107867688), (6, 0.28428375725177657)]
[(4, 0.64713843173368713)]
[(4, 0.52924975905387694), (6, 0.27668823634555706)]
[(5, 0.36555323690456326), (6, 0.3053850091525247)]
[(3, 0.28091566016420688), (6, 0.39500494239593698)]
[(3, 0.39746265172141387), (6, 0.24141064918613714)]
[(0, 0.22269165317059295), (3, 0.35885511870807207), (6, 0.3121335942333428)]
[(0, 0.28343522772639024), (3, 0.3758535351512084)]
[(3, 0.66034607503661058), (4, 0.31725068221733499)]
[(3, 0.3462599242760061), (4, 0.25123179878056784), (6, 0.25067466918956183)]
[(6, 0.65669596567391197)]
[(2, 0.47967427458591727), (6, 0.2414471250580229)]
[(0, 0.58966406634286606), (6, 0.21258242718268311)]
[(0, 0.26967857143753843), (4, 0.32211132424359995)]
[(4, 0.25735374508119391), (6, 0.37865657678860443)]
[(0, 0.44970227135163954), (6, 0.3575729487898191)]
[(6, 0.62762634231205505)]
[(6, 0.58352652772073799)]
[(2, 0.3377265992482229), (6, 0.20591094595594833)]
[(4, 0.44301150618709406), (6, 0.21429620526589888)]
[(4, 0.4414426216817311), (6, 0.28428475281179444)]
[(4, 0.64712516683169752)]
[(4, 0.52928230354836303), (6, 0.27666822634298172)]
[(5, 0.36554969942282423), (6, 0.30538311830061793)]
[(3, 0.28091234460286968), (6, 0.39500163130261118)]
[(3, 0.39746442826673406), (6, 0.24140971998817637)]
[(0, 0.22271584491332255), (3, 0.35885952150900707), (6, 0.31215198542113337)]
[(0, 0.28342423084089463), (3, 0.37585890502774455)]
[(3, 0.57108823967477818)]
