[(2, 0.57142854912866392)]
[(3, 0.69953507518276303), (4, 0.28767497657233648)]
[(1, 0.21616197489697811), (3, 0.3878151454041312), (4, 0.37966801232674297)]
[(1, 0.27230189996364018), (3, 0.25372292456426526), (6, 0.45847606913447531)]
[(6, 0.93262714815589465)]
[(6, 0.84335135794367666)]
[(2, 0.5677009704200785), (6, 0.34387965076778265)]
[(2, 0.44895870162420509), (6, 0.20286303817228374)]
[(0, 0.76801195549701795)]
[(0, 0.22589489524999076), (4, 0.40244841706818418), (6, 0.24439189648284923)]
[(0, 0.25747545990878906), (6, 0.53471069031592877)]
[(0, 0.54734032003269617), (6, 0.25274122168182123)]
[(3, 0.23703651956521882), (6, 0.54408051690236214)]
[(6, 0.56454498835612588)]
[(2, 0.29237633417496789), (6, 0.45777600049435224)]
[(4, 0.49346591174992005)]
[(4, 0.5142660127503017), (6, 0.40524553457446288)]
[(4, 0.66641620274366375), (6, 0.23632340826909445)]
[(3, 0.39541546997316873), (6, 0.20296533548957366)]
[(3, 0.25715324894526587), (6, 0.47940273784371323)]
[(3, 0.4002943747759749), (6, 0.34231068244507823)]
[(3, 0.69954422404934979), (4, 0.28766581034241784)]
[(1, 0.21615768380975137), (3, 0.3877834557465703), (4, 0.37970399282475598)]
[(1, 0.27229712303426795), (3, 0.25373488230605751), (6, 0.45846909501318056)]
[(6, 0.93261838840911626)]
[(6, 0.84334992264672126)]
[(2, 0.56770005655500289), (6, 0.34387970801626505)]
[(2, 0.44895990674298458), (6, 0.20286597146493549)]
[(0, 0.76801696494472815)]
[(0, 0.22589490276567886), (4, 0.40244840819042388), (6, 0.24439189876480391)]
[(0, 0.25747593426607696), (6, 0.53472125758836098)]
[(0, 0.54734118633446138), (6, 0.25273432118763567)]
[(3, 0.23701613727468129), (6, 0.54408664883529279)]
[(6, 0.56454365809935014)]
[(2, 0.29239388911442954), (6, 0.45778364822049677)]
[(4, 0.49346481475902804)]
[(4, 0.51426897034806818), (6, 0.40524199515723197)]
[(4, 0.66641830028789784), (6, 0.23632697109075343)]
[(3, 0.39541571682936411), (6, 0.20296528508133024)]
[(3, 0.25711668812295413), (6, 0.4794598425171584)]
[(3, 0.4002981500247898), (6, 0.34231103037619887)]
[(3, 0.69952405994452305), (4, 0.2876860011989501)]
[(1, 0.21615996704500948), (3, 0.38775568500372359), (4, 0.37972947986946931)]
[(1, 0.2722972945712529), (3, 0.25373449050708335), (6, 0.45846931037138844)]
[(6, 0.93261655637756069)]
[(6, 0.84335342131844215)]
[(2, 0.56770112411204487), (6, 0.34388011173401606)]
[(2, 0.44895987679900645), (6, 0.20286589862814769)]
[(0, 0.76796517430840638)]
[(0, 0.22589168708577143), (4, 0.40244769577691747), (6, 0.2443916527751393)]
[(0, 0.25747569293912631), (6, 0.53471504982656759)]
[(0, 0.54734207676435465), (6, 0.25270795685959208)]
[(3, 0.2370279317824297), (6, 0.54408377344253389)]
[(6, 0.56454493433970865)]
[(2, 0.29241218459829543), (6, 0.4577916114424157)]
[(4, 0.49346640819478216)]
[(4, 0.51426603685853833), (6, 0.4052455061469562)]
[(4, 0.6664167903787912), (6, 0.23631303703986489)]
[(3, 0.3954156826224367), (6, 0.20296515859689404)]
[(3, 0.2571554815533173), (6, 0.4793962356076959)]
[(3, 0.40030024028841776), (6, 0.34231122300578659)]
[(3, 0.69953727698305734), (4, 0.28767277375446954)]
[(1, 0.21616527147080103), (3, 0.38781918250613728), (4, 0.37966067863240044)]
[(1, 0.27230544187925582), (3, 0.25371203396844866), (6, 0.45848309939988457)]
[(6, 0.93261584040836254)]
[(6, 0.84336076409163641)]
[(2, 0.56768506211166148), (6, 0.34387357328761048)]
[(2, 0.44895963916697607), (6, 0.20286532051045242)]
[(0, 0.76801862434931401)]
[(0, 0.22589047218023117), (4, 0.40244744970872781), (6, 0.24439156730728259)]
[(0, 0.2574756258336523), (6, 0.53471367746458032)]
[(0, 0.54733721618386244), (6, 0.25265111148536806)]
[(3, 0.23701421395643268), (6, 0.5440871725515849)]
[(6, 0.56455578859655686)]
[(2, 0.29239980502190738), (6, 0.45778622394999741)]
[(4, 0.49346828859034969)]
[(4, 0.51426744046126782), (6, 0.40524383861382396)]
[(4, 0.66641651088670106), (6, 0.23631041340738559)]
[(3, 0.39541569151556155), (6, 0.20296523378354767)]
[(3, 0.25712146300638272), (6, 0.47945444654648273)]
[(3, 0.40029341440831134), (6, 0.34231059390953733)]
[(3, 0.69953826951827269), (4, 0.28767177666870114)]
[(1, 0.2161500986367253), (3, 0.38774997740212375), (4, 0.37974505610165998)]
[(1, 0.27230651101790204), (3, 0.25370818990026495), (6, 0.45848572443676722)]
[(6, 0.93261294700897657)]
[(6, 0.84335418262722006)]
[(2, 0.56768412028814919), (6, 0.34387352171000313)]
[(2, 0.44896020766871531), (6, 0.20286670342478166)]
[(0, 0.76801886196966263)]
[(0, 0.22589085455421726), (4, 0.40244750440036436), (6, 0.2443915972651409)]
[(0, 0.25747565154493096), (6, 0.53471419819902655)]
[(0, 0.54733493819472545), (6, 0.25266018601917267)]
[(3, 0.23701853753002453), (6, 0.54408589080309822)]
[(6, 0.5645456839712335)]
[(2, 0.29240661530264139), (6, 0.45778918814084152)]
[(4, 0.49346919752658364)]
[(4, 0.5142677610511508), (6, 0.40524345446833548)]
[(4, 0.66641610677079532), (6, 0.23632343416669355)]
[(3, 0.39541556583956444), (6, 0.20296535551943284)]
[(3, 0.25712193036073999), (6, 0.47945183660584956)]
[(3, 0.40029591292094574), (6, 0.34231082422114412)]
[(3, 0.69953935657458999), (4, 0.28767068876453517)]
[(1, 0.21616510707945308), (3, 0.38781841803931533), (4, 0.3796616074833204)]
[(1, 0.27229704834510721), (3, 0.25373505252428125), (6, 0.45846900158631665)]
[(6, 0.93261890428041849)]
[(6, 0.84334928191610237)]
[(2, 0.56770018960667967), (6, 0.3438792900006965)]
[(2, 0.44895815692428492), (6, 0.20286171129604599)]
[(0, 0.76801974036695708)]
[(0, 0.22588858897081079), (4, 0.40244708503957655), (6, 0.24439144370103622)]
[(0, 0.25747583400921242), (6, 0.53471837114656284)]
[(0, 0.54734063837679137), (6, 0.25271200703709568)]
[(3, 0.23701133208748537), (6, 0.54408843265395179)]
[(6, 0.56454888598657804)]
[(2, 0.29241900878471261), (6, 0.45779457985315913)]
[(4, 0.49346213007856871)]
[(4, 0.51426895547213503), (6, 0.40524201320426928)]
[(4, 0.6664161693053684), (6, 0.23630919315041118)]
[(3, 0.39541570340619514), (6, 0.20296541487079239)]
[(3, 0.2571185166480196), (6, 0.47944310545019453)]
[(3, 0.40028764477030571), (6, 0.34231006223906701)]
[(3, 0.6995317920070343), (4, 0.28767826439387545)]
[(1, 0.21615544631285763), (3, 0.38775435503119277), (4, 0.37973533069967341)]
[(1, 0.27229900485640213), (3, 0.25373044536707628), (6, 0.45847158780012803)]
[(6, 0.93262044736574157)]
[(6, 0.84335945121121725)]
[(2, 0.56769731616515962), (6, 0.34387877465497213)]
[(2, 0.44895924914689628), (6, 0.20286437129607074)]
[(0, 0.76801525734305498)]
[(0, 0.22589070385667886), (4, 0.40244747462430625), (6, 0.24439158672970754)]
[(0, 0.25747555636742619), (6, 0.53471236030923219)]
[(0, 0.54733764605026103), (6, 0.25270262528720983)]
[(3, 0.23701254616179418), (6, 0.54408768311373112)]
[(6, 0.56454488240055167)]
[(2, 0.2924205417144316), (6, 0.45779524651401687)]
[(4, 0.49345986502568134)]
[(4, 0.51426712916539419), (6, 0.4052442104869261)]
[(4, 0.66641771887373413), (6, 0.23632721152451536)]
[(3, 0.39541565092781034), (6, 0.20296534296713542)]
[(3, 0.257121093611485), (6, 0.47944930187509432)]
[(3, 0.400291328348235), (6, 0.34231040170020227)]
[(3, 0.69953240055813293), (4, 0.28767765499545217)]
[(1, 0.2161584742063776), (3, 0.38782649964285087), (4, 0.37966015907090078)]
[(1, 0.27230089692097093), (3, 0.25372564092586142), (6, 0.45847441416425788)]
[(6, 0.93261656496188172)]
[(6, 0.84335904445977194)]
[(2, 0.56768576557493089), (6, 0.34387438868090853)]
[(2, 0.44895985022505824), (6, 0.20286583397068)]
[(0, 0.76802110999204898)]
[(0, 0.22588801466235273), (4, 0.40244692335331284), (6, 0.24439141716028537)]
[(0, 0.25747545531495247), (6, 0.53471060812261251)]
[(0, 0.547335877323464), (6, 0.25267220610563851)]
[(3, 0.2370289536915742), (6, 0.54408244707994069)]
[(6, 0.56454372885224313)]
[(2, 0.29239267198821972), (6, 0.45778311820117495)]
[(4, 0.49346856765396235)]
[(4, 0.51426885726018146), (6, 0.40524213229625233)]
[(4, 0.66642261233441158), (6, 0.2363148449152529)]
[(3, 0.39541578916908371), (6, 0.20296502065074251)]
[(3, 0.25715032601993415), (6, 0.47942527418745207)]
[(3, 0.40030038176001365), (6, 0.34231123609642533)]
[(3, 0.69953640941997064), (4, 0.2876736420347526)]
[(1, 0.21614484491757321), (3, 0.38781147433642355), (4, 0.37968881395335252)]
[(1, 0.2723014965443572), (3, 0.25372403268192567), (6, 0.45847538914207309)]
[(6, 0.93261689024469563)]
[(6, 0.8433553539861024)]
[(2, 0.56769416139141082), (6, 0.3438767139165087)]
[(2, 0.44895789578434647), (6, 0.20286107489602767)]
[(0, 0.76801606443348325)]
[(0, 0.225889994297301), (4, 0.40244734870679444), (6, 0.24439153600359267)]
[(0, 0.25747558639053897), (6, 0.53471292270507853)]
[(0, 0.54734018133151663), (6, 0.25272304324667733)]
[(3, 0.23703297175829691), (6, 0.54408131486988753)]
[(6, 0.56454552264325708)]
[(2, 0.2924154308446727), (6, 0.45779302363294072)]
[(4, 0.49346911966271345)]
[(4, 0.51426711845223649), (6, 0.40524422326433812)]
[(4, 0.66641726617625219), (6, 0.23631504611467374)]
[(3, 0.39541579044643077), (6, 0.20296525144078872)]
[(3, 0.25713325710723989), (6, 0.47942548118967993)]
[(3, 0.40028866547225617), (6, 0.34231015627957789)]
[(3, 0.69952188998595821), (4, 0.28768817165322774)]
[(1, 0.21617706928444749), (3, 0.38775893364658498), (4, 0.3797091278199512)]
[(1, 0.27230023615728866), (3, 0.25372736307487875), (6, 0.45847338602164722)]
[(6, 0.93261315961378977)]
[(6, 0.8433481363283587)]
[(2, 0.56769997085125612), (6, 0.34387967274745729)]
[(2, 0.44895848104392283), (6, 0.20286250097841868)]
[(0, 0.76796258916630633)]
[(0, 0.22589212114687107), (4, 0.4024477474795668), (6, 0.24439169059150834)]
[(0, 0.25747541241477434), (6, 0.53470991972436566)]
[(0, 0.54734403411707355), (6, 0.25273186107568474)]
[(3, 0.23701749682509946), (6, 0.54408630682647752)]
[(6, 0.56454594446470419)]
[(2, 0.29239083934033261), (6, 0.45778232008128555)]
[(4, 0.49346686932157696)]
[(4, 0.51426587458062112), (6, 0.40524569736435961)]
[(4, 0.66641566809730002), (6, 0.23631461920271193)]
[(3, 0.39541567237016972), (6, 0.20296527017614482)]
[(3, 0.25711410825524167), (6, 0.47945685838214797)]
[(3, 0.40028664654084484), (6, 0.3423099702531644)]
[(3, 0.69954435968325923), (4, 0.28766567187188641)]
[(1, 0.21615879226552076), (3, 0.38780894103844538), (4, 0.37967739939218303)]
[(1, 0.27229953449187055), (3, 0.25372913803743041), (6, 0.45847234411527077)]
[(6, 0.93261321995643354)]
[(6, 0.84335876488651207)]
[(2, 0.56769971261333663), (6, 0.34387912470712001)]
[(2, 0.44895958804881442), (6, 0.20286519608175141)]
[(0, 0.76802185177377091)]
[(0, 0.22588685143631046), (4, 0.40244667406439472), (6, 0.24439135440790971)]
[(0, 0.25747539020719734), (6, 0.53470956553526972)]
[(0, 0.54733668865907859), (6, 0.25268247978409508)]
[(3, 0.23704062418694757), (6, 0.54408030669836827)]
[(6, 0.56455415609095361)]
[(2, 0.29238368786559515), (6, 0.45777920490964125)]
[(4, 0.49346870414902683)]
[(4, 0.51426636708581563), (6, 0.40524511599240493)]
[(4, 0.66641652205088631), (6, 0.23631574315587353)]
[(3, 0.39541565887435443), (6, 0.20296534348164358)]
[(3, 0.25713366612150101), (6, 0.47942387765102729)]
[(3, 0.40028895044000645), (6, 0.34231018259550061)]
[(3, 0.69952465099988648), (4, 0.28768540988322366)]
[(1, 0.21616288665500519), (3, 0.38779534120389147), (4, 0.37968690449731868)]
[(1, 0.2723070544851024), (3, 0.25370609753877282), (6, 0.45848718244968273)]
[(6, 0.9326188019532039)]
[(6, 0.84335109226249683)]
[(2, 0.56768933768871765), (6, 0.34387529144324036)]
[(2, 0.44895855446964028), (6, 0.20286267978191824)]
[(0, 0.76796291291448493)]
[(0, 0.22589340315073592), (4, 0.40244807325280291), (6, 0.24439177902182388)]
[(0, 0.25747558638272394), (6, 0.53471292422175765)]
[(0, 0.54733957938835109), (6, 0.25270734984917737)]
[(3, 0.23701277809628002), (6, 0.54408758830039816)]
[(6, 0.56454539129135872)]
[(2, 0.29238968220393247), (6, 0.45778181610973084)]
[(4, 0.49346093573308919)]
[(4, 0.51426783002450405), (6, 0.40524337166975288)]
[(4, 0.66641643081352042), (6, 0.23630977691576116)]
[(3, 0.39541568043941966), (6, 0.20296539476933048)]
[(3, 0.25715141605968123), (6, 0.47940217381711475)]
[(3, 0.4002922398871428), (6, 0.34231048570614042)]
[(3, 0.69952545509523134), (4, 0.28768460582739502)]
[(1, 0.21615566368223388), (3, 0.38780704403161986), (4, 0.37968242503449856)]
[(1, 0.27230745555938612), (3, 0.25370447641224475), (6, 0.45848832720499627)]
[(6, 0.93261434187465597)]
[(6, 0.8433507075493234)]
[(2, 0.5676980547172541), (6, 0.34387918017673968)]
[(2, 0.44895867007192936), (6, 0.2028629614038274)]
[(0, 0.76801407375286068)]
[(0, 0.22589452184418116), (4, 0.40244831087171418), (6, 0.24439186935788909)]
[(0, 0.25747557372551644), (6, 0.53471268090581003)]
[(0, 0.54734222954407452), (6, 0.25277765780583067)]
[(3, 0.23703885272235994), (6, 0.54408107579903398)]
[(6, 0.56454395182632444)]
[(2, 0.29242271438042144), (6, 0.45779619130469656)]
[(4, 0.49346923764046274)]
[(4, 0.51427993609011047), (6, 0.40522813139617797)]
[(4, 0.66641621238011028), (6, 0.2363248849745751)]
[(3, 0.3954157418066902), (6, 0.20296523283333948)]
[(3, 0.25713640869213045), (6, 0.47943178749190096)]
[(3, 0.40028716286990124), (6, 0.34231001786968968)]
[(3, 0.69952290424142705), (4, 0.28768715734522177)]
[(1, 0.21615837788523257), (3, 0.387761476311415), (4, 0.37972527783983168)]
[(1, 0.27229860182445792), (3, 0.25373142186268283), (6, 0.45847102937095396)]
[(6, 0.93261596700241056)]
[(6, 0.84334878907401112)]
[(2, 0.56769821679586019), (6, 0.34387899018354717)]
[(2, 0.44896009298889239), (6, 0.20286642454800111)]
[(0, 0.76802340204453767)]
[(0, 0.22589129288480583), (4, 0.40244759942914615), (6, 0.24439162706371859)]
[(0, 0.25747534587148213), (6, 0.53470888876499101)]
[(0, 0.54733304431897012), (6, 0.25264504984537928)]
[(3, 0.23703652509897769), (6, 0.54408060573745731)]
[(6, 0.56454746017889201)]
[(2, 0.29238981065752856), (6, 0.45778187205699733)]
[(4, 0.4934660859913173)]
[(4, 0.5142696393273537), (6, 0.40524118117450519)]
[(4, 0.66641620746038643), (6, 0.2363236386737366)]
[(3, 0.39541569976281887), (6, 0.20296528470086647)]
[(3, 0.25714499910784272), (6, 0.47940589083153706)]
[(3, 0.40029661386768828), (6, 0.34231088881064098)]
[(3, 0.69953300518854578), (4, 0.28767705032994167)]
[(1, 0.21614461605029339), (3, 0.38780285895842526), (4, 0.37969765808689221)]
[(1, 0.27229288485608688), (3, 0.25374392584003252), (6, 0.45846437604596624)]
[(6, 0.93261189741409523)]
[(6, 0.84335118746649729)]
[(2, 0.56770027811205181), (6, 0.34387970070821372)]
[(2, 0.44895855671395746), (6, 0.20286268529646198)]
[(0, 0.76801746465668208)]
[(0, 0.22588721679657559), (4, 0.40244675857718576), (6, 0.24439137251082135)]
[(0, 0.2574752961862859), (6, 0.53470816462574411)]
[(0, 0.5473397381769507), (6, 0.25273399893204623)]
[(3, 0.23701248607269598), (6, 0.54408769550853098)]
[(6, 0.56455006600656932)]
[(2, 0.29240298892599603), (6, 0.45778760987702855)]
[(4, 0.49346742151921569)]
[(4, 0.51427903474425218), (6, 0.40522930996757706)]
[(4, 0.66641629360629207), (6, 0.23630993291273808)]
[(3, 0.39541560281386839), (6, 0.20296518358680113)]
[(3, 0.25712266536654876), (6, 0.47944898013430154)]
[(3, 0.40028980356598887), (6, 0.3423102611352179)]
[(3, 0.69952589325971504), (4, 0.28768416724120915)]
[(1, 0.21614576051150153), (3, 0.38780717383461671), (4, 0.37969219877079485)]
[(1, 0.27229329310466333), (3, 0.25374310272082723), (6, 0.45846478494869203)]
[(6, 0.93262816265595883)]
[(6, 0.84335085949175936)]
[(2, 0.56768691580901232), (6, 0.3438745345662349)]
[(2, 0.44895834880087504), (6, 0.20286217881981275)]
[(0, 0.76801109498384545)]
[(0, 0.22589158985206143), (4, 0.40244765167881791), (6, 0.24439164965929266)]
[(0, 0.25747552997139084), (6, 0.53471188835162242)]
[(0, 0.54733493401144384), (6, 0.25265073641470642)]
[(3, 0.23701751013227931), (6, 0.54408584217473466)]
[(6, 0.56453659239991405)]
[(2, 0.2924001907226263), (6, 0.45778639185402692)]
[(4, 0.49346483310834238)]
[(4, 0.51426816251597163), (6, 0.40524297177894986)]
[(4, 0.66641598685067338), (6, 0.23632403875179708)]
[(3, 0.39541566226144076), (6, 0.20296530395853465)]
[(3, 0.25712867287835867), (6, 0.47943728362458027)]
[(3, 0.40029415512263794), (6, 0.3423106622188376)]
[(3, 0.69953326996390042), (4, 0.28767678444580491)]
[(1, 0.2161446651687671), (3, 0.38779947213122873), (4, 0.37970099574510902)]
[(1, 0.27230105062562215), (3, 0.25372523338170883), (6, 0.45847465972942797)]
[(6, 0.93261638173004391)]
[(6, 0.84335746721621474)]
[(2, 0.56769132478611639), (6, 0.34387607178291402)]
[(2, 0.44895726867234131), (6, 0.20285954610400506)]
[(0, 0.76802007482618484)]
[(0, 0.22589147271644763), (4, 0.40244766283680755), (6, 0.24439163556518187)]
[(0, 0.25747575198194422), (6, 0.53471637112615955)]
[(0, 0.54734062146797058), (6, 0.25274035105375725)]
[(3, 0.23701878053575548), (6, 0.54408597917598067)]
[(6, 0.564546560959718)]
[(2, 0.29241478264050158), (6, 0.45779274166772788)]
[(4, 0.49346774129084608)]
[(4, 0.51428226202450156), (6, 0.4052250596344143)]
[(4, 0.66641626857482694), (6, 0.23631201684236786)]
[(3, 0.39541577494291819), (6, 0.20296508369505079)]
[(3, 0.25713285094083554), (6, 0.47943958901133021)]
[(3, 0.40029305229052237), (6, 0.34231056060002174)]
[(3, 0.69952918967403732), (4, 0.28768086898682543)]
[(1, 0.21615647896703741), (3, 0.38777728373007525), (4, 0.37971136962117069)]
[(1, 0.27229549070523995), (3, 0.25373850424765715), (6, 0.45846714586231657)]
[(6, 0.93262016073321585)]
[(6, 0.84335722515228928)]
[(2, 0.56769369158932004), (6, 0.34387599401815694)]
[(2, 0.44895789721659241), (6, 0.20286107841351078)]
[(0, 0.76801920134681334)]
[(0, 0.22589374662207229), (4, 0.40244811682520676), (6, 0.24439181085315992)]
[(0, 0.25747561140067415), (6, 0.53471339562873677)]
[(0, 0.54733917010735877), (6, 0.25270207788029647)]
[(3, 0.23702066279119105), (6, 0.5440849694757004)]
[(6, 0.56453859666903172)]
[(2, 0.29237088066119804), (6, 0.45777362333352228)]
[(4, 0.4934666510977479)]
[(4, 0.51426678822355765), (6, 0.40524461646348625)]
[(4, 0.66641622809126921), (6, 0.23632414522931214)]
[(3, 0.39541574821366643), (6, 0.20296503313668801)]
[(3, 0.25711319501168006), (6, 0.47945769119526405)]
[(3, 0.40028498971806836), (6, 0.3423098175759513)]
[(3, 0.69952205833096792), (4, 0.28768800352036217)]
[(1, 0.21615399756225614), (3, 0.38777593883423156), (4, 0.37971519600448311)]
[(1, 0.2722923059912028), (3, 0.25374507795285894), (6, 0.45846381060853425)]
[(6, 0.93261236899013122)]
[(6, 0.84334110025048781)]
[(2, 0.56769888614080444), (6, 0.34387925839177252)]
[(2, 0.44895958292441646), (6, 0.20286518361101233)]
[(0, 0.76802325065955102)]
[(0, 0.22589006005672227), (4, 0.40244731260769384), (6, 0.24439154844026556)]
[(0, 0.25747535193145449), (6, 0.5347089785839142)]
[(0, 0.54733722057119627), (6, 0.25267051757790027)]
[(3, 0.23701659914562079), (6, 0.54408631701328924)]
[(6, 0.56454493347095669)]
[(2, 0.29238921068847246), (6, 0.45778161074065338)]
[(4, 0.49346817706047047)]
[(4, 0.51426688193436587), (6, 0.40524450501550091)]
[(4, 0.66641778347334768), (6, 0.23632410517611105)]
[(3, 0.39541562663048657), (6, 0.20296527024374858)]
[(3, 0.2571483686347894), (6, 0.47941631799763568)]
[(3, 0.40029536765310819), (6, 0.34231077395767873)]
[(3, 0.69952121726854954), (4, 0.28768884474940987)]
[(1, 0.21614577086890263), (3, 0.38780490239536231), (4, 0.37969445982122935)]
[(1, 0.27229894918282138), (3, 0.25373058129486564), (6, 0.45847150968783595)]
[(6, 0.93261510736497022)]
[(6, 0.84335700517668566)]
[(2, 0.56768333030368512), (6, 0.34387359309554844)]
[(2, 0.44896000469394176), (6, 0.20286620974958317)]
[(0, 0.76801883711208052)]
[(0, 0.2258885745735961), (4, 0.40244699761454628), (6, 0.24439145682653893)]
[(0, 0.25747571567865185), (6, 0.5347155500118419)]
[(0, 0.5473411468899424), (6, 0.25270765375828125)]
[(3, 0.23701347360262581), (6, 0.54408751465455729)]
[(6, 0.56454984610400327)]
[(2, 0.2923959116834603), (6, 0.45778452891314614)]
[(4, 0.49346124174908967)]
[(4, 0.5142669786466465), (6, 0.40524438988695738)]
[(4, 0.66641608047932965), (6, 0.23632210076194571)]
[(3, 0.39541573650729789), (6, 0.20296523062182459)]
[(3, 0.25712596992278458), (6, 0.47944099878398205)]
[(3, 0.40029473154440737), (6, 0.3423107153667585)]
[(3, 0.69953240789181048), (4, 0.28767764752035424)]
[(1, 0.2161606766764588), (3, 0.38779965556904211), (4, 0.37968480025627371)]
[(1, 0.27230719403232917), (3, 0.25370553539571478), (6, 0.45848757929595707)]
[(6, 0.9326205102959273)]
[(6, 0.84335403634846096)]
[(2, 0.56768259745699534), (6, 0.34387374081420136)]
[(2, 0.44895944058758502), (6, 0.20286483724933493)]
[(0, 0.76801821824780125)]
[(0, 0.22589111177451932), (4, 0.40244753004171913), (6, 0.24439161954508271)]
[(0, 0.25747566725139986), (6, 0.53471451579116347)]
[(0, 0.54734043875332161), (6, 0.25273027816832444)]
[(3, 0.23702183994406195), (6, 0.54408463567199794)]
[(6, 0.56454779689852097)]
[(2, 0.29240353297057498), (6, 0.45778784667312061)]
[(4, 0.49346020035830718)]
[(4, 0.51426754922154816), (6, 0.40524370842441476)]
[(4, 0.6664162571788721), (6, 0.23632539647953518)]
[(3, 0.39541565468818957), (6, 0.20296522638737374)]
[(3, 0.25713374570705988), (6, 0.47942793364150788)]
[(3, 0.40029049153113527), (6, 0.34231032458852162)]
[(3, 0.69952263170288076), (4, 0.28768742992964019)]
[(1, 0.21614550587233861), (3, 0.387805790121873), (4, 0.3796938371116817)]
[(1, 0.2723067042796527), (3, 0.25370745777287101), (6, 0.4584862322746347)]
[(6, 0.93262803421471241)]
[(6, 0.84335319219103533)]
[(2, 0.5676824722976318), (6, 0.34387396199946013)]
[(2, 0.44895921802268535), (6, 0.20286429561888611)]
[(0, 0.76802035248240474)]
[(0, 0.22588778264397499), (4, 0.40244689947588064), (6, 0.24439139991570613)]
[(0, 0.25747534209391382), (6, 0.53470883564820748)]
[(0, 0.54733701057848105), (6, 0.2526901774971877)]
[(3, 0.23704117990273474), (6, 0.54408026972420742)]
[(6, 0.56454754908768456)]
[(2, 0.29238773435203047), (6, 0.45778096768949167)]
[(4, 0.49346894705544792)]
[(4, 0.51427995098354551), (6, 0.40522811186886265)]
[(4, 0.66641810569666149), (6, 0.23630831758544363)]
[(3, 0.39541574538627394), (6, 0.20296524763280654)]
[(3, 0.25711354127624769), (6, 0.479456885828424)]
[(3, 0.40029633668796266), (6, 0.34231086321976206)]
[(3, 0.69953373502730287), (4, 0.28767632009739547)]
[(1, 0.21615201399268039), (3, 0.38779371452608236), (4, 0.37969940418990844)]
[(1, 0.27229708361153515), (3, 0.25373497200188133), (6, 0.45846904584708292)]
[(6, 0.93261831621975089)]
[(6, 0.84335283185057119)]
[(2, 0.5676829050017772), (6, 0.34387284862330364)]
[(2, 0.44895868608466771), (6, 0.20286300038987379)]
[(0, 0.76801699220265618)]
[(0, 0.22589297599368935), (4, 0.40244797422402362), (6, 0.24439174725270901)]
[(0, 0.25747568378987284), (6, 0.53471485534517116)]
[(0, 0.54733825930141333), (6, 0.25271139358176442)]
[(3, 0.23702311482157648), (6, 0.54408438628346723)]
[(6, 0.56453904642340191)]
[(2, 0.29237553686597079), (6, 0.45777565299149248)]
[(4, 0.49346084948657992)]
[(4, 0.51426580245112663), (6, 0.40524578224709168)]
[(4, 0.66641639289810428), (6, 0.23630898147841742)]
[(3, 0.39541560927774572), (6, 0.20296528129271124)]
[(3, 0.25714004789542316), (6, 0.47941662979822741)]
[(3, 0.40029307582481133), (6, 0.34231056274068838)]
[(3, 0.6995425834642488), (4, 0.28766745914692488)]
[(1, 0.21618131442551611), (3, 0.38771964446802409), (4, 0.37974417141161154)]
[(1, 0.27229399921618058), (3, 0.25374165709487062), (6, 0.45846551315348921)]
[(6, 0.93262809459568952)]
[(6, 0.84335332213431358)]
[(2, 0.56769930281055803), (6, 0.34387943577992197)]
[(2, 0.44895959890794385), (6, 0.20286522251000938)]
[(0, 0.76802134809807265)]
[(0, 0.22589107570191591), (4, 0.40244757723816255), (6, 0.24439160816055405)]
[(0, 0.25747567424433726), (6, 0.53471466677247359)]
[(0, 0.54734282420242264), (6, 0.25273574394118675)]
[(3, 0.23702980104966234), (6, 0.54408227515484231)]
[(6, 0.56454716813301353)]
[(2, 0.29242030362657018), (6, 0.45779514297454049)]
[(4, 0.49346690448570185)]
[(4, 0.51426577985308253), (6, 0.4052458088278339)]
[(4, 0.66641666607244854), (6, 0.23631543810495093)]
[(3, 0.39541568735205396), (6, 0.20296529604300359)]
[(3, 0.25711915144042141), (6, 0.47946901534416164)]
[(3, 0.40029458339357166), (6, 0.34231070167960398)]
[(3, 0.69954451212815805), (4, 0.28766552440866766)]
[(1, 0.21616097621541225), (3, 0.38780037375875337), (4, 0.37968378249453022)]
[(1, 0.27230188618430912), (3, 0.25372296198760586), (6, 0.45847604632994338)]
[(6, 0.93262314020849368)]
[(6, 0.84335752913590412)]
[(2, 0.56770011329513814), (6, 0.34387952970847119)]
[(2, 0.44895908872076762), (6, 0.20286398077450973)]
[(0, 0.7680199639509574)]
[(0, 0.22589155609819345), (4, 0.4024476124022382), (6, 0.24439165246388109)]
[(0, 0.25747575414143059), (6, 0.53471641374276935)]
[(0, 0.54733530391766849), (6, 0.2526391273138287)]
[(3, 0.23704118098581525), (6, 0.54407981996897714)]
[(6, 0.56454994930407854)]
[(2, 0.29238303940539784), (6, 0.45777892238642076)]
[(4, 0.49346034478680068)]
[(4, 0.5142675034265447), (6, 0.40524376325862227)]
[(4, 0.66641676140143014), (6, 0.23631180167181401)]
[(3, 0.39541548317796749), (6, 0.20296529796279617)]
[(3, 0.25713787664447779), (6, 0.47944116891205241)]
[(3, 0.40029395628236525), (6, 0.34231064387887455)]
[(3, 0.69952283914004676), (4, 0.28768722254482892)]
[(1, 0.21616491576941779), (3, 0.3878132324835567), (4, 0.37966698426390333)]
[(1, 0.27230706170228308), (3, 0.25370606959676978), (6, 0.45848720192692927)]
[(6, 0.93261670813511266)]
[(6, 0.84335282048599003)]
[(2, 0.5676865286744498), (6, 0.34387429008371789)]
[(2, 0.44895829802781922), (6, 0.20286205509275365)]
[(0, 0.76801617722085724)]
[(0, 0.225890006188218), (4, 0.40244733376350017), (6, 0.24439153962970722)]
[(0, 0.25747539103447448), (6, 0.53470957924099416)]
[(0, 0.54734128564446027), (6, 0.25270208837734887)]
[(3, 0.23704080860543564), (6, 0.54407919824864803)]
[(6, 0.56453849479408125)]
[(2, 0.29239066184506446), (6, 0.4577822427780539)]
[(4, 0.49346671311985407)]
[(4, 0.51426689549426596), (6, 0.4052444888809188)]
[(4, 0.66641614273491345), (6, 0.23632283363633491)]
[(3, 0.39541558460227433), (6, 0.20296529671669478)]
[(3, 0.25713768991286118), (6, 0.47941397839775435)]
[(3, 0.40028682314944791), (6, 0.34230998650633443)]
[(3, 0.69952805683170116), (4, 0.28768200243412978)]
[(1, 0.21615390846153479), (3, 0.38775532789265466), (4, 0.37973589576656691)]
[(1, 0.2722997206279717), (3, 0.25372867253077463), (6, 0.45847261552986368)]
[(6, 0.93261975670203612)]
[(6, 0.84334871462075878)]
[(2, 0.56769284423824606), (6, 0.34387681965607036)]
[(2, 0.44896014203618845), (6, 0.20286654378852695)]
[(0, 0.76801653008888582)]
[(0, 0.22589072010685113), (4, 0.40244746329275405), (6, 0.24439159022894882)]
[(0, 0.25747532806910228), (6, 0.53470863046659567)]
[(0, 0.54734031230570712), (6, 0.25274114296610217)]
[(3, 0.23701151504528983), (6, 0.54408812635461035)]
[(6, 0.5645457220014386)]
[(2, 0.29242428203794218), (6, 0.45779687294203564)]
[(4, 0.49346078303807883)]
[(4, 0.5142664263624549), (6, 0.40524504581227977)]
[(4, 0.66641640294385107), (6, 0.23632493922499656)]
[(3, 0.39541553082448816), (6, 0.20296538764449665)]
[(3, 0.25715321537713148), (6, 0.47940871977719474)]
[(3, 0.40029194722309591), (6, 0.34231045871600968)]
[(3, 0.69952750717498158), (4, 0.28768255246551899)]
[(1, 0.21615313165891414), (3, 0.38779397013399902), (4, 0.37969803088617299)]
[(1, 0.27229480146728846), (3, 0.25373997873218651), (6, 0.45846637472558827)]
[(6, 0.93261495304423547)]
[(6, 0.84334547584405517)]
[(2, 0.56769428729874483), (6, 0.34387629429697414)]
[(2, 0.44895894873626702), (6, 0.20286364002189566)]
[(0, 0.76801662246531521)]
[(0, 0.22589244888654678), (4, 0.4024478110527196), (6, 0.24439171569159299)]
[(0, 0.25747546946995342), (6, 0.53471084485091169)]
[(0, 0.54733998720633137), (6, 0.25270464138289972)]
[(3, 0.23701861437234473), (6, 0.54408578789585649)]
[(6, 0.5645450988971441)]
[(2, 0.29237266681530116), (6, 0.45777440198085845)]
[(4, 0.4934684045025709)]
[(4, 0.51426678404095172), (6, 0.40524462143534123)]
[(4, 0.66641682811490222), (6, 0.23631421933963545)]
[(3, 0.39541558824221118), (6, 0.20296522927892766)]
[(3, 0.25714002363587329), (6, 0.47942049285864879)]
[(3, 0.4002939149794657), (6, 0.34231064005849171)]
[(3, 0.69953494200385635), (4, 0.28767511219167818)]
[(1, 0.21616381426856243), (3, 0.38781788386166033), (4, 0.37966343451259743)]
[(1, 0.27230305248086012), (3, 0.25371962948375532), (6, 0.45847813041867769)]
[(6, 0.93261354017327114)]
[(6, 0.84335166907977321)]
[(2, 0.56768594937291184), (6, 0.34387358228738929)]
[(2, 0.44895877878324308), (6, 0.20286322611919863)]
[(0, 0.76801387463937942)]
[(0, 0.22588833340122583), (4, 0.40244690705235914), (6, 0.24439144931897422)]
[(0, 0.25747565582800958), (6, 0.53471427353541523)]
[(0, 0.54734006882056208), (6, 0.25272290147105025)]
[(3, 0.23702614262010685), (6, 0.5440833482374936)]
[(6, 0.56455649512826389)]
[(2, 0.292415403566953), (6, 0.45779301176746706)]
[(4, 0.49345984002731802)]
[(4, 0.51426724355427511), (6, 0.40524407396911677)]
[(4, 0.66641622893364982), (6, 0.2363107650952837)]
[(3, 0.39541564078813451), (6, 0.20296531429794587)]
[(3, 0.25711498236983327), (6, 0.47947817560036282)]
[(3, 0.40029753167607868), (6, 0.34231097341055144)]
[(3, 0.69954209832449354), (4, 0.28766794312165883)]
[(1, 0.21614621068991077), (3, 0.38774396120853294), (4, 0.37975496030091299)]
[(1, 0.27230638375372801), (3, 0.25370866607100434), (6, 0.45848539529101939)]
[(6, 0.93262158696186304)]
[(6, 0.84335399368824571)]
[(2, 0.56769995873930545), (6, 0.34387943135667876)]
[(2, 0.44895723769528512), (6, 0.20285947058211135)]
[(0, 0.76801839937207017)]
[(0, 0.22588991086932), (4, 0.40244729098825355), (6, 0.24439153720138998)]
[(0, 0.25747565421308694), (6, 0.53471425426636987)]
[(0, 0.54734033972949003), (6, 0.25274586621057676)]
[(3, 0.23701747016473296), (6, 0.5440861529466583)]
[(6, 0.56455727085111107)]
[(2, 0.29240037656443352), (6, 0.45778647275391282)]
[(4, 0.49346891231734025)]
[(4, 0.51426629925429879), (6, 0.40524519624547695)]
[(4, 0.66641592317461484), (6, 0.23632090044787102)]
[(3, 0.39541567926738236), (6, 0.20296519779899641)]
[(3, 0.25714777767577529), (6, 0.47943493017605332)]
[(3, 0.40029415062687279), (6, 0.34231066175324043)]
[(3, 0.69952714830763274), (4, 0.28768291105475746)]
[(1, 0.2161623377053303), (3, 0.3877885958301821), (4, 0.37969419873369298)]
[(1, 0.27230563477597114), (3, 0.25371136506253172), (6, 0.45848355087403797)]
[(6, 0.93262774408208182)]
[(6, 0.84335964942296548)]
[(2, 0.56768868018180185), (6, 0.34387571800198158)]
[(2, 0.44895985479715067), (6, 0.20286584514681508)]
[(0, 0.76801639224122242)]
[(0, 0.22588762301768184), (4, 0.40244684492354327), (6, 0.24439139452532843)]
[(0, 0.25747550780033313), (6, 0.53471149651700722)]
[(0, 0.54733683226628982), (6, 0.2526863513088165)]
[(3, 0.23702134547650366), (6, 0.54408474803716089)]
[(6, 0.56454002345087717)]
[(2, 0.29242388271931385), (6, 0.45779669931829109)]
[(4, 0.49346889689650431)]
[(4, 0.51426647339437936), (6, 0.40524499010003445)]
[(4, 0.66641749111624338), (6, 0.236318221238424)]
[(3, 0.39541567112795145), (6, 0.20296521188534186)]
[(3, 0.25711316825881436), (6, 0.47945703584448796)]
[(3, 0.40028997599536514), (6, 0.34231027708142653)]
[(3, 0.69954459128656743), (4, 0.28766544737541783)]
[(1, 0.21615948442843927), (3, 0.38779305093457389), (4, 0.37969259708826986)]
[(1, 0.27229221315156021), (3, 0.2537452612519685), (6, 0.45846372133663021)]
[(6, 0.93262846452515369)]
[(6, 0.84335859255607881)]
[(2, 0.56770019026503127), (6, 0.34387957656560436)]
[(2, 0.44896000039775769), (6, 0.20286619930081598)]
[(0, 0.76801875795099217)]
[(0, 0.22588784424861272), (4, 0.4024468342010909), (6, 0.24439141640410683)]
[(0, 0.25747536407770638), (6, 0.53470916082049458)]
[(0, 0.54733841843778497), (6, 0.2527259061804672)]
[(3, 0.2370152943816802), (6, 0.54408687273152978)]
[(6, 0.5645450159140224)]
[(2, 0.29242173560939788), (6, 0.45779576569567448)]
[(4, 0.49346892347055715)]
[(4, 0.51426655460734916), (6, 0.4052448938329582)]
[(4, 0.66641592376008574), (6, 0.23631894199297207)]
[(3, 0.3954156564620363), (6, 0.20296532421202768)]
[(3, 0.25715020222973134), (6, 0.47940195321044976)]
[(3, 0.40028594318467575), (6, 0.34230990545112466)]
[(3, 0.6995241857402088), (4, 0.28768587523331074)]
[(1, 0.216156266785719), (3, 0.3877617848208943), (4, 0.37972708050536169)]
[(1, 0.27229228601840177), (3, 0.25374511743382172), (6, 0.45846379135758264)]
[(6, 0.93261108020238526)]
[(6, 0.84335312235177817)]
[(2, 0.56768641753508042), (6, 0.34387444843827053)]
[(2, 0.4489595866930246), (6, 0.20286519279344611)]
[(0, 0.7680189122842781)]
[(0, 0.22589099698462553), (4, 0.40244753618477935), (6, 0.24439160671481508)]
[(0, 0.25747540686040915), (6, 0.53470983388086701)]
[(0, 0.54733820167597624), (6, 0.25267638409717175)]
[(3, 0.23701713016118783), (6, 0.54408610059461937)]
[(6, 0.56455165191853351)]
[(2, 0.29242590661719664), (6, 0.45779757927351622)]
[(4, 0.49346849155939859)]
[(4, 0.51426688179756797), (6, 0.4052445051784635)]
[(4, 0.66641591146504697), (6, 0.23631088036813389)]
[(3, 0.39541558579118691), (6, 0.20296536508958934)]
[(3, 0.2571415051207479), (6, 0.47940979531134043)]
[(3, 0.40028852070622206), (6, 0.342310142980503)]
[(3, 0.69953248171013815), (4, 0.28767757437661118)]
[(1, 0.21616181637896711), (3, 0.38778875365831472), (4, 0.37969456224012921)]
[(1, 0.27230382058862801), (3, 0.2537173127636721), (6, 0.45847961441939888)]
[(6, 0.93261576778644217)]
[(6, 0.84334368246055857)]
[(2, 0.5676908881001983), (6, 0.34387612158274022)]
[(2, 0.44895878767487762), (6, 0.20286324780985626)]
[(0, 0.76802260719674009)]
[(0, 0.2258918188507871), (4, 0.40244769331746588), (6, 0.24439166710667004)]
[(0, 0.25747558186767178), (6, 0.53471283611095033)]
[(0, 0.54733851617785612), (6, 0.25273448216900979)]
[(3, 0.23701101058637883), (6, 0.54408820502715183)]
[(6, 0.56455142033392425)]
[(2, 0.29238394930869832), (6, 0.45777931881342837)]
[(4, 0.49346918253852867)]
[(4, 0.51426999425694209), (6, 0.40524074745046812)]
[(4, 0.66641558397993428), (6, 0.23631805276106579)]
[(3, 0.3954157204471348), (6, 0.20296520447492114)]
[(3, 0.25712769395392199), (6, 0.47944613861503493)]
[(3, 0.40029474733345599), (6, 0.3423107167958318)]
[(3, 0.69954031320308874), (4, 0.2876697341014432)]
[(1, 0.21614346248702002), (3, 0.38780106664141561), (4, 0.37970060398031608)]
[(1, 0.27229857246347738), (3, 0.25373149246411697), (6, 0.45847098918842522)]
[(6, 0.93262107215070267)]
[(6, 0.84335189341286321)]
[(2, 0.56768607502987978), (6, 0.3438746166633132)]
[(2, 0.44895929570583004), (6, 0.20286448461725606)]
[(0, 0.76796617080840968)]
[(0, 0.2258946165913111), (4, 0.4024483594147355), (6, 0.24439187278101399)]
[(0, 0.25747549296366468), (6, 0.53471124050519436)]
[(0, 0.54733914993158894), (6, 0.25271849403016322)]
[(3, 0.23703043877559221), (6, 0.54408245459813598)]
[(6, 0.56454991423283085)]
[(2, 0.29238467361577619), (6, 0.45777963436694735)]
[(4, 0.49346107875219797)]
[(4, 0.51428323695328404), (6, 0.40522375916913533)]
[(4, 0.66641569960710478), (6, 0.2363179140845372)]
[(3, 0.39541584024393406), (6, 0.20296525365949478)]
[(3, 0.25712790396174651), (6, 0.47943960044983758)]
[(3, 0.40028784254856065), (6, 0.34231008051890344)]
[(3, 0.69953658546167119), (4, 0.28767346224818768)]
[(1, 0.21615441223192342), (3, 0.38779021936468233), (4, 0.3797005009198543)]
[(1, 0.27230422854468167), (3, 0.25371603882778282), (6, 0.45848044210294508)]
[(6, 0.93261698759115064)]
[(6, 0.84334908499504424)]
[(2, 0.56770049118923549), (6, 0.34387938898521325)]
[(2, 0.44895983109638404), (6, 0.2028657874718256)]
[(0, 0.76801771429679255)]
[(0, 0.22588844436622926), (4, 0.40244698054562161), (6, 0.24439144746477273)]
[(0, 0.25747551574964306), (6, 0.53471163354436668)]
[(0, 0.54733796867395834), (6, 0.2526775001370638)]
[(3, 0.23701377214770661), (6, 0.54408722313025049)]
[(6, 0.56455252952032242)]
[(2, 0.29240687245234037), (6, 0.4577893000461486)]
[(4, 0.4934666112927239)]
[(4, 0.51428109864504101), (6, 0.4052266015158566)]
[(4, 0.66641554841461903), (6, 0.23631632780421225)]
[(3, 0.39541577439811831), (6, 0.2029650431076481)]
[(3, 0.25713991643889533), (6, 0.47941429416082426)]
[(3, 0.40029080133173028), (6, 0.34231035313059144)]
[(3, 0.69953941496632532), (4, 0.28767063011044774)]
[(1, 0.21615452245755473), (3, 0.38776595609785203), (4, 0.37972465368782271)]
[(1, 0.27230124270084494), (3, 0.25372471947690062), (6, 0.45847497088176786)]
[(6, 0.93261251260086042)]
[(6, 0.8433529390179445)]
[(2, 0.56769263355662025), (6, 0.34387616532290843)]
[(2, 0.44895865250359468), (6, 0.2028629185740416)]
[(0, 0.76797649990439543)]
[(0, 0.22589169224213124), (4, 0.40244773441488429), (6, 0.2443916470800418)]
[(0, 0.25747523252874022), (6, 0.53470727825399966)]
[(0, 0.5473344147117305), (6, 0.25265054524901975)]
[(3, 0.23701563865442524), (6, 0.54408676861043315)]
[(6, 0.56454358630469004)]
[(2, 0.29238220744720389), (6, 0.45777855990282368)]
[(4, 0.49346847134594257)]
[(4, 0.51426732173060774), (6, 0.40524398058212979)]
[(4, 0.66641686570989245), (6, 0.23631289219324969)]
[(3, 0.39541571673002512), (6, 0.20296519912146457)]
[(3, 0.25711661987929707), (6, 0.47945270977185023)]
[(3, 0.40029419844073566), (6, 0.3423106662362031)]
[(3, 0.69953088176152256), (4, 0.28767917593605169)]
[(1, 0.21616516213011011), (3, 0.38778160913103737), (4, 0.37969836080658276)]
[(1, 0.27229747154534689), (3, 0.25373408305823986), (6, 0.45846953561691695)]
[(6, 0.93261903965056003)]
[(6, 0.84335895713749287)]
[(2, 0.5677007297445722), (6, 0.34387992735119538)]
[(2, 0.44895939600304846), (6, 0.20286472874162248)]
[(0, 0.76801750685429071)]
[(0, 0.22588945620948414), (4, 0.40244722181180265), (6, 0.24439150401551393)]
[(0, 0.25747564063315498), (6, 0.5347139784346473)]
[(0, 0.54733822104604579), (6, 0.25270821928853793)]
[(3, 0.2370157708366932), (6, 0.5440865689839347)]
[(6, 0.5645457605359373)]
[(2, 0.29239322737985723), (6, 0.45778336006036136)]
[(4, 0.49346311013807098)]
[(4, 0.51426871457310885), (6, 0.40524230513357529)]
[(4, 0.66641591380043674), (6, 0.23631990832913094)]
[(3, 0.39541565243810484), (6, 0.20296521911850257)]
[(3, 0.25712045156830032), (6, 0.47944912796988393)]
[(3, 0.40028778058770348), (6, 0.34231007480665621)]
[(3, 0.69952934641754694), (4, 0.28768071201346079)]
[(1, 0.2161443091308741), (3, 0.38780192770198363), (4, 0.37969889625941589)]
[(1, 0.27230689105536937), (3, 0.25370673595344312), (6, 0.4584867358751169)]
[(6, 0.93261136701330283)]
[(6, 0.84335595424515897)]
[(2, 0.56768346730327546), (6, 0.3438737399299715)]
[(2, 0.44895744844232932), (6, 0.20285998444289702)]
[(0, 0.76801348621534926)]
[(0, 0.22589523367269351), (4, 0.40244851474248916), (6, 0.24439192138931576)]
[(0, 0.2574756951768527), (6, 0.5347151173499336)]
[(0, 0.54733747786494835), (6, 0.25267273538403101)]
[(3, 0.23702522754437635), (6, 0.54408347026148041)]
[(6, 0.56455485243054204)]
[(2, 0.29238390445845014), (6, 0.4577792992734126)]
[(4, 0.49346876462149836)]
[(4, 0.5142660299496411), (6, 0.40524551429288125)]
[(4, 0.6664169035700408), (6, 0.2363136880354888)]
[(3, 0.39541553397971818), (6, 0.20296536212125815)]
[(3, 0.25712770976116722), (6, 0.47944353359022646)]
[(3, 0.40028927876656634), (6, 0.34231021283314345)]
[(3, 0.6995432811313792), (4, 0.28766675869105873)]
[(1, 0.2161620942030599), (3, 0.387765802434544), (4, 0.37971723534138435)]
[(1, 0.27230230806156636), (3, 0.25372178096564013), (6, 0.45847677778714202)]
[(6, 0.93261561992140363)]
[(6, 0.84335943265376778)]
[(2, 0.56768516943421521), (6, 0.34387417313955487)]
[(2, 0.44895865211033859), (6, 0.20286291759170902)]
[(0, 0.76801799331064979)]
[(0, 0.22589022491684163), (4, 0.4024473094055937), (6, 0.24439156538836754)]
[(0, 0.25747553043804833), (6, 0.53471189657306817)]
[(0, 0.54734213685667665), (6, 0.25272080227485533)]
[(3, 0.23703938743226638), (6, 0.54407953979495982)]
[(6, 0.56455369886323925)]
[(2, 0.29237323814592836), (6, 0.45777465102930859)]
[(4, 0.49346904870915065)]
[(4, 0.51426824537772464), (6, 0.40524287192972569)]
[(4, 0.66641626505725993), (6, 0.23631484026998864)]
[(3, 0.39541575849413824), (6, 0.20296523091862986)]
[(3, 0.25712523566738071), (6, 0.47944833378570223)]
[(3, 0.4002923846773378), (6, 0.34231049904627764)]
[(3, 0.69953529929958724), (4, 0.28767475414111637)]
[(1, 0.21615621218603093), (3, 0.38772149817304713), (4, 0.37976742118422491)]
[(1, 0.27230159635577922), (3, 0.25372376042296313), (6, 0.45847555563469117)]
[(6, 0.9326178348382792)]
[(6, 0.84334969976562979)]
[(2, 0.56768885300646199), (6, 0.34387538473789797)]
[(2, 0.44895984707845527), (6, 0.20286582641310066)]
[(0, 0.76800764723843951)]
[(0, 0.22589196156794764), (4, 0.40244775542832223), (6, 0.2443916722603266)]
[(0, 0.2574754501025579), (6, 0.53471052581272682)]
[(0, 0.54733936546679152), (6, 0.25272163945549692)]
[(3, 0.23703129630496372), (6, 0.54408175309843143)]
[(6, 0.56455031558459157)]
[(2, 0.29241495694573783), (6, 0.45779281749043227)]
[(4, 0.49346615302152563)]
[(4, 0.51426891243110207), (6, 0.4052420654081354)]
[(4, 0.66641603506304037), (6, 0.2363231778550903)]
[(3, 0.39541557981798797), (6, 0.20296530387119724)]
[(3, 0.25711920162461405), (6, 0.47945275826507405)]
[(3, 0.40029276705565686), (6, 0.34231053431137703)]
[(3, 0.69952631400224918), (4, 0.28768374588369094)]
[(1, 0.21615776658533534), (3, 0.38778925607011178), (4, 0.37969810978300861)]
[(1, 0.2722967264208403), (3, 0.25373578041808986), (6, 0.45846860436460923)]
[(6, 0.93261436032460576)]
[(6, 0.8433438592477781)]
[(2, 0.56768441289356053), (6, 0.34387354766147266)]
[(2, 0.44895737966302762), (6, 0.20285981672897999)]
[(0, 0.76802126473474297)]
[(0, 0.22589042866404979), (4, 0.40244743766529872), (6, 0.24439156488324484)]
[(0, 0.25747557654251435), (6, 0.5347127386320043)]
[(0, 0.54733782426839472), (6, 0.25266602655280707)]
[(3, 0.23701492078517053), (6, 0.5440868566806083)]
[(6, 0.56455390748475209)]
[(2, 0.29237482443533908), (6, 0.45777534247072599)]
[(4, 0.49346843999514362)]
[(4, 0.51427350716854081), (6, 0.40523638913370769)]
[(4, 0.6664161366795579), (6, 0.23632350126403479)]
[(3, 0.39541564665742479), (6, 0.20296521058961567)]
[(3, 0.25712649987409564), (6, 0.47943397272597377)]
[(3, 0.40028728374669842), (6, 0.342310029003836)]
[(3, 0.69954509728626235), (4, 0.28766493590918479)]
[(1, 0.21616181494221681), (3, 0.3877950216147546), (4, 0.37968829582811842)]
[(1, 0.27230598146510149), (3, 0.25371013824603161), (6, 0.45848438436629313)]
[(6, 0.93261249421710812)]
[(6, 0.84335193297211752)]
[(2, 0.56769898454645951), (6, 0.34387909804418604)]
[(2, 0.4489572561383332), (6, 0.20285951554364978)]
[(0, 0.76797059147953584)]
[(0, 0.22588773206240664), (4, 0.40244686727191775), (6, 0.2443914006826706)]
[(0, 0.25747562057842088), (6, 0.53471356888431043)]
[(0, 0.54733905177667552), (6, 0.25269444435775035)]
[(3, 0.23702634880140028), (6, 0.5440833714292661)]
[(6, 0.5645460534627752)]
[(2, 0.29239260865364619), (6, 0.45778309062012451)]
[(4, 0.49346046288255674)]
[(4, 0.51426675964625557), (6, 0.40524465042852109)]
[(4, 0.66641617269721343), (6, 0.23632141411340205)]
[(3, 0.39541567732833477), (6, 0.2029653137720081)]
[(3, 0.25711946820453424), (6, 0.47944453916838037)]
[(3, 0.40028817895243141), (6, 0.34231011148161705)]
[(3, 0.69954444328161902), (4, 0.28766558784027862)]
[(1, 0.21615845825255151), (3, 0.3878045669992789), (4, 0.3796821073765092)]
[(1, 0.27229465233420685), (3, 0.25374029334596199), (6, 0.45846621208499577)]
[(6, 0.93261582939971199)]
[(6, 0.8433580021062177)]
[(2, 0.56768352763466989), (6, 0.34387434271637024)]
[(2, 0.44895769257729651), (6, 0.20286057968767435)]
[(0, 0.76796645554351062)]
[(0, 0.22589087450238166), (4, 0.40244756675845722), (6, 0.24439158916917342)]
[(0, 0.25747556519108111), (6, 0.53471252398461433)]
[(0, 0.54733523351774527), (6, 0.25266137184262971)]
[(3, 0.23701674938216113), (6, 0.5440863722085798)]
[(6, 0.56455210932292599)]
[(2, 0.29241714547090453), (6, 0.45779376944192945)]
[(4, 0.49346652315457851)]
[(4, 0.51426742965391603), (6, 0.40524385154302911)]
[(4, 0.66641635538319577), (6, 0.23631442143895628)]
[(3, 0.39541566811609874), (6, 0.20296533568738906)]
[(3, 0.25714026388858452), (6, 0.4794159989073315)]
[(3, 0.40029134907718561), (6, 0.34231040361995785)]
[(6, 0.57142847279837772)]
