[(2, 0.57142854912866392)]
[(3, 0.58934102737715599), (4, 0.3509195200291631)]
[(3, 0.6020904792836167), (4, 0.25761973058402371)]
[(6, 0.8195315052763108)]
[(6, 0.8948856556984669)]
[(2, 0.26986604889377064), (6, 0.56390096981067439)]
[(2, 0.52583415150525725), (6, 0.27982569705773119)]
[(0, 0.32692101905289761), (6, 0.30070805984697513)]
[(0, 0.44169654397580138), (4, 0.3115997191280247)]
[(4, 0.31911981362543351), (6, 0.39196086019456428)]
[(6, 0.43864863026972206)]
[(0, 0.31647792432784155), (6, 0.46611587119318526)]
[(0, 0.40037462092218146), (4, 0.20976541623291886), (6, 0.24432050163415678)]
[(6, 0.48326114175728935)]
[(4, 0.42690749423825763)]
[(0, 0.28650309780932348), (4, 0.25295353784941038), (6, 0.32471134383239736)]
[(4, 0.46281021709584969), (6, 0.48597699213246093)]
[(4, 0.62651520984878772)]
[(4, 0.53323268900079002), (6, 0.22788172826908909)]
[(4, 0.39528228994284659), (6, 0.35918314920031985)]
[(5, 0.50499999485331981), (6, 0.22935292301038429)]
[(3, 0.58930945711335636), (4, 0.35093969744258552)]
[(3, 0.60208869077825322), (4, 0.25762333373748353)]
[(6, 0.8195562709404618)]
[(6, 0.89488518324695965)]
[(2, 0.26986834236085411), (6, 0.56390469671387722)]
[(2, 0.52583688488140634), (6, 0.27983912820508128)]
[(0, 0.32691771654665719), (6, 0.30070545658413517)]
[(0, 0.44169563288886499), (4, 0.31159958211896821)]
[(4, 0.31911982572352798), (6, 0.39196095973282974)]
[(6, 0.43863986062980348)]
[(0, 0.31648671753952834), (6, 0.4661187800244288)]
[(0, 0.40037280671543246), (4, 0.20976541588018019), (6, 0.24431180978027303)]
[(6, 0.4832621883268709)]
[(4, 0.42689376727696748)]
[(0, 0.28650369713999796), (4, 0.25294805618843197), (6, 0.3247055323402237)]
[(4, 0.46280991907022334), (6, 0.4859775196498749)]
[(4, 0.62651719350730295)]
[(4, 0.53323353725704181), (6, 0.22788233092279919)]
[(4, 0.3952352197141078), (6, 0.35916894131745725)]
[(5, 0.50500955858948582), (6, 0.22935297802198776)]
[(3, 0.58933003935882), (4, 0.35092742330204829)]
[(3, 0.60209792881045643), (4, 0.25762518402519907)]
[(6, 0.81953724083917678)]
[(6, 0.89488578547982667)]
[(2, 0.26986818431573867), (6, 0.56390443501823995)]
[(2, 0.52583543988630699), (6, 0.27983378437620332)]
[(0, 0.32691717206305193), (6, 0.30070640729857734)]
[(0, 0.44170679467544993), (4, 0.31160194209156156)]
[(4, 0.31913506119405688), (6, 0.39195966166548823)]
[(6, 0.43864953053810057)]
[(0, 0.3164828903486136), (6, 0.46612367632518847)]
[(0, 0.40037391170627906), (4, 0.20976545704528585), (6, 0.24431248729455232)]
[(6, 0.48326004118887939)]
[(4, 0.42689533439182326)]
[(0, 0.28650774862877726), (4, 0.25290511389222403), (6, 0.32468837520014543)]
[(4, 0.46281367702732323), (6, 0.48596905178441191)]
[(4, 0.62651567551684817)]
[(4, 0.53323436215452602), (6, 0.22788291946832864)]
[(4, 0.39525836042707074), (6, 0.35914635254369515)]
[(5, 0.50501238200204879), (6, 0.22934951253405295)]
[(3, 0.58934298265641505), (4, 0.35091797783515216)]
[(3, 0.6020924951308968), (4, 0.25761576883311771)]
[(6, 0.81953222853355001)]
[(6, 0.89489026508165714)]
[(2, 0.26986883567105313), (6, 0.56390551805982736)]
[(2, 0.52582381184330496), (6, 0.27981662757795067)]
[(0, 0.32692887117360725), (6, 0.30070887344871516)]
[(0, 0.44169339590770706), (4, 0.31159897301948014)]
[(4, 0.31913354760824469), (6, 0.39195960610523967)]
[(6, 0.43862782409811579)]
[(0, 0.31648373402016045), (6, 0.46611561074553004)]
[(0, 0.40037217632581312), (4, 0.20976430298926618), (6, 0.2443162019169165)]
[(6, 0.48326187548324429)]
[(4, 0.42689629657218081)]
[(0, 0.2865032897754089), (4, 0.25295157200665824), (6, 0.32471022759135365)]
[(4, 0.46281378560651504), (6, 0.48596871802198299)]
[(4, 0.62651641601540797)]
[(4, 0.53323422351740823), (6, 0.22788281948177197)]
[(4, 0.39524565832293351), (6, 0.35918312302481964)]
[(5, 0.50500117382101173), (6, 0.22935078132504483)]
[(3, 0.58932747366556115), (4, 0.35092911263690169)]
[(3, 0.60209701094211021), (4, 0.25762947813714832)]
[(6, 0.81955234400337407)]
[(6, 0.89488509552652684)]
[(2, 0.26986943950792103), (6, 0.56390653306805683)]
[(2, 0.52583455013200409), (6, 0.2798299351289506)]
[(0, 0.32691706900912398), (6, 0.30070594341739249)]
[(0, 0.44169890254886951), (4, 0.3116000121004398)]
[(4, 0.31913293105181728), (6, 0.39195976092050189)]
[(6, 0.43864289001505546)]
[(0, 0.31648327356011097), (6, 0.46612336047665948)]
[(0, 0.40037651936132279), (4, 0.20976611124237585), (6, 0.24431930920860287)]
[(6, 0.48326108712224941)]
[(4, 0.42690045504461366)]
[(0, 0.28650466679122311), (4, 0.25293756967024233), (6, 0.32470206699856718)]
[(4, 0.46281001730811988), (6, 0.48597734895836553)]
[(4, 0.62651572076131223)]
[(4, 0.53323430521650195), (6, 0.22788288065343013)]
[(4, 0.39521989939007146), (6, 0.35916538057272535)]
[(5, 0.50500216167670509), (6, 0.22936080804926656)]
[(3, 0.58933524107131685), (4, 0.35092382797886051)]
[(3, 0.6020926134679393), (4, 0.25761566520205004)]
[(6, 0.819546116631101)]
[(6, 0.89489336238816375)]
[(2, 0.26986609277109314), (6, 0.5639010396557077)]
[(2, 0.52583229819255561), (6, 0.27981832618752861)]
[(0, 0.32691904868519622), (6, 0.3007065104812236)]
[(0, 0.44170940544486398), (4, 0.31160265892305244)]
[(4, 0.31913234078939529), (6, 0.39195960974984434)]
[(6, 0.43864290290561825)]
[(0, 0.31650000613146828), (6, 0.46613007899118142)]
[(0, 0.40037472853106937), (4, 0.20976603393769541), (6, 0.24431227194802757)]
[(6, 0.48326126176386602)]
[(4, 0.42689516858523824)]
[(0, 0.28650570385304713), (4, 0.25292689578823491), (6, 0.32469668170766514)]
[(4, 0.46281135168171017), (6, 0.48597474220706099)]
[(4, 0.62651687529445788)]
[(4, 0.53323288531167923), (6, 0.22788186335933702)]
[(4, 0.39529783604698654), (6, 0.359190034772432)]
[(5, 0.5050134765505343), (6, 0.22933689425607096)]
[(3, 0.58934411165433109), (4, 0.35091706452755189)]
[(3, 0.60208332103527251), (4, 0.25762743713489361)]
[(6, 0.8195341305922762)]
[(6, 0.89488866813416723)]
[(2, 0.2698719665276848), (6, 0.56391089338981693)]
[(2, 0.52583155942469773), (6, 0.27980522794089779)]
[(0, 0.32692202963875461), (6, 0.30070927514483664)]
[(0, 0.4417097179958292), (4, 0.31160262070506717)]
[(4, 0.31913284593671459), (6, 0.39196003012441583)]
[(6, 0.43865094369587482)]
[(0, 0.31650049077373871), (6, 0.46612645169101496)]
[(0, 0.40037217492528127), (4, 0.20976429615612213), (6, 0.24431801329016362)]
[(6, 0.48326042546468606)]
[(4, 0.42689923885210557)]
[(0, 0.28650353507522824), (4, 0.25294902684289783), (6, 0.32470895200330407)]
[(4, 0.46281081021716647), (6, 0.48597586329581749)]
[(4, 0.62651695560781584)]
[(4, 0.5332336931974947), (6, 0.22788244185848322)]
[(4, 0.39538713066298831), (6, 0.35917653032925867)]
[(5, 0.50499387099421456), (6, 0.22935540776706276)]
[(3, 0.58930695467148209), (4, 0.35094101705099223)]
[(3, 0.60209331169262115), (4, 0.25762084881225361)]
[(6, 0.81954001997087889)]
[(6, 0.8948922268500441)]
[(2, 0.26986852357450425), (6, 0.56390499760913526)]
[(2, 0.52582767316967727), (6, 0.27981196888959492)]
[(0, 0.32691754757614017), (6, 0.30070420035169476)]
[(0, 0.4416938576499948), (4, 0.31159913454792293)]
[(4, 0.31913083259297564), (6, 0.39195989383421181)]
[(6, 0.43865217155166003)]
[(0, 0.31650210359845149), (6, 0.46612781316832552)]
[(0, 0.40037291384803458), (4, 0.20976416541345552), (6, 0.2443211843176179)]
[(6, 0.4832610094744284)]
[(4, 0.42690758749550894)]
[(0, 0.28650517473922382), (4, 0.2529321451733697), (6, 0.32470007967507175)]
[(4, 0.46281535388244943), (6, 0.48596392282510464)]
[(4, 0.62651589412380759)]
[(4, 0.53323378378733166), (6, 0.22788250179603134)]
[(4, 0.39528111507410968), (6, 0.35918494527415201)]
[(5, 0.50502829340290734), (6, 0.22933663340900548)]
[(3, 0.58934402212744763), (4, 0.35091713759417192)]
[(3, 0.60209662057809665), (4, 0.25761343282347066)]
[(6, 0.81954215536249875)]
[(6, 0.89488679540032312)]
[(2, 0.26986820718542082), (6, 0.56390447285120859)]
[(2, 0.52582264396646428), (6, 0.27984001058185398)]
[(0, 0.32692335544841378), (6, 0.30070901258022587)]
[(0, 0.44170956160395836), (4, 0.31160281502536008)]
[(4, 0.3191338962402806), (6, 0.39195971195816742)]
[(6, 0.43864683284645767)]
[(0, 0.31649872993436745), (6, 0.46612593477384973)]
[(0, 0.40037313169040434), (4, 0.20976466109591119), (6, 0.24432067004370858)]
[(6, 0.48326069190716298)]
[(4, 0.4268883907942852)]
[(0, 0.28650922970523562), (4, 0.25288986114639572), (6, 0.32468081680922795)]
[(4, 0.46281061664464473), (6, 0.4859762417609555)]
[(4, 0.62651620075611136)]
[(4, 0.53323275960311356), (6, 0.22788177127250456)]
[(4, 0.39537857772471652), (6, 0.35920807276906397)]
[(5, 0.50499249300371563), (6, 0.22934738423748949)]
[(3, 0.58934304852752195), (4, 0.35091792502440405)]
[(3, 0.60208758183251354), (4, 0.25763156330051734)]
[(6, 0.81956086844593301)]
[(6, 0.89488391221244445)]
[(2, 0.26986833655093001), (6, 0.56390468706388808)]
[(2, 0.52583396130316484), (6, 0.27982177558719018)]
[(0, 0.32692089482813735), (6, 0.30070774634642056)]
[(0, 0.44169992233871863), (4, 0.31160060964048653)]
[(4, 0.31913368252749252), (6, 0.39196004394248235)]
[(6, 0.43864923602839445)]
[(0, 0.31650295447204274), (6, 0.46612845112774703)]
[(0, 0.40037622760809316), (4, 0.20976615016604275), (6, 0.24431765374054826)]
[(6, 0.48326180945543323)]
[(4, 0.42690017574242517)]
[(0, 0.2865103827778096), (4, 0.25287783944850384), (6, 0.32467524166424427)]
[(4, 0.46281125902123665), (6, 0.48597493938093822)]
[(4, 0.62651734047025187)]
[(4, 0.53323332312901639), (6, 0.22788217299525368)]
[(4, 0.39528217117199199), (6, 0.35917369506870078)]
[(5, 0.50501428829435913), (6, 0.2293325588967651)]
[(3, 0.58934113938963939), (4, 0.35091943296576483)]
[(3, 0.60209192361597963), (4, 0.25762048222984724)]
[(6, 0.81955606176967999)]
[(6, 0.89488946898653721)]
[(2, 0.26987091265142732), (6, 0.56390905290822479)]
[(2, 0.5258304086749479), (6, 0.27980192239592006)]
[(0, 0.32691700265499629), (6, 0.30070676582284955)]
[(0, 0.44169118753618064), (4, 0.31159885382944524)]
[(4, 0.31912916888081921), (6, 0.3919600713592909)]
[(6, 0.43863339072724894)]
[(0, 0.31649460828382797), (6, 0.46612628007818807)]
[(0, 0.40037366603262831), (4, 0.20976502461706586), (6, 0.24431498671726024)]
[(6, 0.48326048084782647)]
[(4, 0.42689476076536348)]
[(0, 0.28650743022418523), (4, 0.25290857786952065), (6, 0.32468946909330054)]
[(4, 0.46281413595568027), (6, 0.48596775418757654)]
[(4, 0.62651587684756338)]
[(4, 0.53323231708216512), (6, 0.22788146143712418)]
[(4, 0.39527413527325977), (6, 0.35917745178325411)]
[(5, 0.50501583764487967), (6, 0.22933569027622552)]
[(3, 0.58932800361513515), (4, 0.35092876796791084)]
[(3, 0.60208883214912179), (4, 0.25761905072290475)]
[(6, 0.81955311905727712)]
[(6, 0.89488269213993343)]
[(2, 0.26986848914732692), (6, 0.56390494038692096)]
[(2, 0.52582942060365534), (6, 0.2798403607566044)]
[(0, 0.32692321232463739), (6, 0.3007083533793799)]
[(0, 0.44170220866974402), (4, 0.31160074894421708)]
[(4, 0.31911948380050636), (6, 0.39196123441859604)]
[(6, 0.4386482470936508)]
[(0, 0.31649930702114393), (6, 0.46612789899552171)]
[(0, 0.40037170059646177), (4, 0.20976414963931825), (6, 0.24431770238651862)]
[(6, 0.48326055937697793)]
[(4, 0.42692257480967188)]
[(0, 0.28650474090207717), (4, 0.25293685529262011), (6, 0.32470153469582236)]
[(4, 0.46281379369422587), (6, 0.48596869110111462)]
[(4, 0.62651674904959509)]
[(4, 0.53323415761388426), (6, 0.22788277397754872)]
[(4, 0.39534906164445133), (6, 0.3591859472297384)]
[(5, 0.50502254297879956), (6, 0.22933684778069169)]
[(3, 0.58934425917747357), (4, 0.3509169438797094)]
[(3, 0.602090448823286), (4, 0.2576238861733588)]
[(6, 0.81953084103436702)]
[(6, 0.89488483117176709)]
[(2, 0.26986950038142438), (6, 0.56390663597047108)]
[(2, 0.52583158467529956), (6, 0.27980081986858918)]
[(0, 0.32692429643143145), (6, 0.30071030556755629)]
[(0, 0.44170221505806118), (4, 0.3116010591970379)]
[(4, 0.31913522975783554), (6, 0.39195975196416416)]
[(6, 0.438633334573855)]
[(0, 0.31649994814444771), (6, 0.46612754162309411)]
[(0, 0.40037762497413959), (4, 0.20976489320031136), (6, 0.24433455899590739)]
[(6, 0.4832605574896916)]
[(4, 0.42690493721443895)]
[(0, 0.28650621369337326), (4, 0.25292147490050038), (6, 0.32469446893155979)]
[(4, 0.46281304967120351), (6, 0.48597071090355126)]
[(4, 0.62651515209175812)]
[(4, 0.53323360896461069), (6, 0.22788237917280524)]
[(4, 0.39532438071147957), (6, 0.35919028485757259)]
[(5, 0.50501207036993534), (6, 0.22933204018881911)]
[(3, 0.58932698240253767), (4, 0.35092943022828699)]
[(3, 0.60209740028261172), (4, 0.25762633677951402)]
[(6, 0.81953730155217497)]
[(6, 0.89488808436112255)]
[(2, 0.26986822716998488), (6, 0.56390450589266439)]
[(2, 0.52583062835378525), (6, 0.27981183709346652)]
[(0, 0.3269279684770825), (6, 0.30070741118267141)]
[(0, 0.4417020423371178), (4, 0.31160089317402251)]
[(4, 0.31913356566989015), (6, 0.39195974980959714)]
[(6, 0.43864437637644343)]
[(0, 0.31647952023929721), (6, 0.46612503541002415)]
[(0, 0.40037771428795593), (4, 0.20976543296706576), (6, 0.2443284453240106)]
[(6, 0.4832623249209706)]
[(4, 0.42690432270629802)]
[(0, 0.28650718084987498), (4, 0.25291095459256308), (6, 0.32469144060971278)]
[(4, 0.46281556111557826), (6, 0.48596323243441991)]
[(4, 0.62651629498922368)]
[(4, 0.5332327290543547), (6, 0.22788174927448898)]
[(4, 0.39525784182869655), (6, 0.35917821305323699)]
[(5, 0.50500579595393935), (6, 0.22935577488985603)]
[(3, 0.58931540287934037), (4, 0.35093642653138041)]
[(3, 0.60209606083444978), (4, 0.25761277863884741)]
[(6, 0.81953298608641667)]
[(6, 0.8948911276330499)]
[(2, 0.26987096617860784), (6, 0.56390914553047411)]
[(2, 0.52583452589806878), (6, 0.27982513558862887)]
[(0, 0.32691991381755281), (6, 0.30070632261871966)]
[(0, 0.44170226311352179), (4, 0.31160099984845796)]
[(4, 0.31912981648974731), (6, 0.39196003590669715)]
[(6, 0.43864316075724336)]
[(0, 0.31647723957617607), (6, 0.46611976805508298)]
[(0, 0.40037633677324014), (4, 0.209764400261334), (6, 0.24433401669159466)]
[(6, 0.48326153216800155)]
[(4, 0.42691184859140324)]
[(0, 0.28650352595082118), (4, 0.2529490595772656), (6, 0.32470929569615614)]
[(4, 0.4628123754160316), (6, 0.48597240645926637)]
[(4, 0.62651679176341835)]
[(4, 0.53323403301359951), (6, 0.22788267970725318)]
[(4, 0.39525236392142565), (6, 0.35917693828098568)]
[(5, 0.50501701827992629), (6, 0.22933543920138627)]
[(3, 0.58931851517116018), (4, 0.35093463246543971)]
[(3, 0.60210214930992845), (4, 0.25762023516317817)]
[(6, 0.81955741189337583)]
[(6, 0.89489692876957927)]
[(2, 0.26986811608862438), (6, 0.56390432226124998)]
[(2, 0.52582979213750736), (6, 0.27984163748862245)]
[(0, 0.3269170972543548), (6, 0.3007055457700808)]
[(0, 0.44169621877002357), (4, 0.31159973218282244)]
[(4, 0.31913329985914307), (6, 0.39195984380378163)]
[(6, 0.43864800209312321)]
[(0, 0.3164869929254267), (6, 0.46612334561319196)]
[(0, 0.40036997755487402), (4, 0.20976311921797308), (6, 0.24431950989220205)]
[(6, 0.48326196230492552)]
[(4, 0.42689919873975296)]
[(0, 0.28650294355994682), (4, 0.25295594229565921), (6, 0.32470906015262968)]
[(4, 0.4628108894451809), (6, 0.48597570259172596)]
[(4, 0.62651668696692964)]
[(4, 0.53323241961497769), (6, 0.22788153567083752)]
[(4, 0.39525996086282711), (6, 0.35917314069528106)]
[(5, 0.50500125740860391), (6, 0.22934948845968314)]
[(3, 0.5893420151724823), (4, 0.3509187469592972)]
[(3, 0.60210049706868907), (4, 0.25762202610656482)]
[(6, 0.81954146908296566)]
[(6, 0.89487391161240981)]
[(2, 0.26986895738383815), (6, 0.56390572183871979)]
[(2, 0.52582972898220548), (6, 0.2798289360698854)]
[(0, 0.32692394804083158), (6, 0.30070880366771741)]
[(0, 0.44170374126100692), (4, 0.31160137713727909)]
[(4, 0.31913531463450201), (6, 0.3919595913074152)]
[(6, 0.43864118790017687)]
[(0, 0.31649833981454883), (6, 0.46612638297979486)]
[(0, 0.40037658727187497), (4, 0.20976725747607902), (6, 0.24431326659167166)]
[(6, 0.48326180119940149)]
[(4, 0.42689438167183069)]
[(0, 0.28650320739438206), (4, 0.25295266520106346), (6, 0.32470968319041577)]
[(4, 0.46281154698611371), (6, 0.4859743186010016)]
[(4, 0.62651676737689987)]
[(4, 0.53323262100656366), (6, 0.22788167052188801)]
[(4, 0.395422354247848), (6, 0.35921460409917982)]
[(5, 0.50499757515426613), (6, 0.22935540179035568)]
[(3, 0.58932290248728292), (4, 0.35093199878021936)]
[(3, 0.60208583670914506), (4, 0.25762564462643456)]
[(6, 0.8195499806869263)]
[(6, 0.89488667984060899)]
[(2, 0.26986943072403458), (6, 0.56390651824280824)]
[(2, 0.52582930790387272), (6, 0.27984596786237681)]
[(0, 0.32692416607160779), (6, 0.30070995949320389)]
[(0, 0.44169702904836639), (4, 0.31159981875770132)]
[(4, 0.31913532184433518), (6, 0.39195990886820309)]
[(6, 0.43864708728548313)]
[(0, 0.31649614813287713), (6, 0.46612675618065152)]
[(0, 0.40037627358730671), (4, 0.20976437601646336), (6, 0.24433458934318922)]
[(6, 0.48326219962654698)]
[(4, 0.42691503314601281)]
[(0, 0.286506564206639), (4, 0.25291738522872631), (6, 0.32469445284633142)]
[(4, 0.46281090198821723), (6, 0.48597567730825103)]
[(4, 0.62651639975711426)]
[(4, 0.53323403734392494), (6, 0.22788268424823691)]
[(4, 0.39536076018999666), (6, 0.35919191102882669)]
[(5, 0.50501415123965798), (6, 0.22933228092662566)]
[(3, 0.58934263105635276), (4, 0.35091825875279425)]
[(3, 0.6020881317007265), (4, 0.25762630294604388)]
[(6, 0.81954226660131724)]
[(6, 0.89488689002798294)]
[(2, 0.26986668918177531), (6, 0.56390199506540217)]
[(2, 0.52583476400740981), (6, 0.27983056337461826)]
[(0, 0.32691749053732438), (6, 0.30070052184365459)]
[(0, 0.44169663230067935), (4, 0.31159973118286821)]
[(4, 0.31913175047536263), (6, 0.39195998073952903)]
[(6, 0.43863707182843203)]
[(0, 0.31648547306084052), (6, 0.46611931474159229)]
[(0, 0.40037167775581617), (4, 0.2097646357988531), (6, 0.24431431216868404)]
[(6, 0.48326020791371371)]
[(4, 0.42689409439621312)]
[(0, 0.28650369257673286), (4, 0.2529476345854163), (6, 0.32470718842346202)]
[(4, 0.46281204144931098), (6, 0.48597319984452181)]
[(4, 0.62651470792611486)]
[(4, 0.53323421828142059), (6, 0.22788281734758556)]
[(4, 0.39528682144138066), (6, 0.35918688515043978)]
[(5, 0.50500363346047938), (6, 0.22935808778180786)]
[(3, 0.58932514027772065), (4, 0.35093060490721845)]
[(3, 0.60210208771244123), (4, 0.25762008716002444)]
[(6, 0.8195310915880839)]
[(6, 0.89489095289644749)]
[(2, 0.26986896165060742), (6, 0.56390572898919311)]
[(2, 0.52582625892331925), (6, 0.27981015347843075)]
[(0, 0.32691782701712241), (6, 0.3007078417938524)]
[(0, 0.44169461598781012), (4, 0.31159923862743105)]
[(4, 0.31913041921761048), (6, 0.39196009359858064)]
[(6, 0.43864492634019214)]
[(0, 0.31647826387793787), (6, 0.46612010407753329)]
[(0, 0.40037347907382836), (4, 0.20976558006022528), (6, 0.2443129893862902)]
[(6, 0.48326160858263795)]
[(4, 0.42689965945993907)]
[(0, 0.28650985707375093), (4, 0.25288575129537416), (6, 0.32467160297728753)]
[(4, 0.46281157196691802), (6, 0.48597426359968071)]
[(4, 0.62651632365746046)]
[(4, 0.53323374240624799), (6, 0.22788247302329395)]
[(4, 0.39541643310796915), (6, 0.35921356016998174)]
[(5, 0.50499938710829972), (6, 0.22935988486743769)]
[(3, 0.58932745811168963), (4, 0.35092912272045229)]
[(3, 0.60209063931734963), (4, 0.25761994775249369)]
[(6, 0.81954293912202014)]
[(6, 0.89489347314112233)]
[(2, 0.26987106183143339), (6, 0.5639093114432896)]
[(2, 0.5258373985707131), (6, 0.2798359886476593)]
[(0, 0.32692035919354395), (6, 0.30070197881399285)]
[(0, 0.44169717856392438), (4, 0.31159973080246389)]
[(4, 0.31913275537658425), (6, 0.39195992647598177)]
[(6, 0.4386482025590453)]
[(0, 0.3164770332465231), (6, 0.46612412701044786)]
[(0, 0.40037329920858689), (4, 0.209763937585733), (6, 0.24432215841772867)]
[(6, 0.48326105892924787)]
[(4, 0.42689388518939919)]
[(0, 0.2865053499131896), (4, 0.25293032474790006), (6, 0.32469924346236767)]
[(4, 0.46281195705896733), (6, 0.48597339804499745)]
[(4, 0.62651652744558717)]
[(4, 0.53323359741149756), (6, 0.22788236833394182)]
[(4, 0.39521337355667374), (6, 0.35916218482598072)]
[(5, 0.50499844019438567), (6, 0.229353480807933)]
[(3, 0.58932443067182783), (4, 0.35093105078063447)]
[(3, 0.60209379039372368), (4, 0.25761318442780551)]
[(6, 0.81956125537537716)]
[(6, 0.89489387708232182)]
[(2, 0.26986611293744317), (6, 0.56390107179738946)]
[(2, 0.52583651883006777), (6, 0.27983806254338173)]
[(0, 0.32692406013929848), (6, 0.30070820996629344)]
[(0, 0.44170315753481248), (4, 0.31160122937696499)]
[(4, 0.31913104529570857), (6, 0.39195989562567851)]
[(6, 0.43863645560977987)]
[(0, 0.31648069139277035), (6, 0.4661195471065544)]
[(0, 0.40037498179064185), (4, 0.20976380832094876), (6, 0.24432490332337675)]
[(6, 0.48326132034560665)]
[(4, 0.4269122105536905)]
[(0, 0.2865094155618223), (4, 0.25288796187049295), (6, 0.32467973380585124)]
[(4, 0.46281159327983917), (6, 0.48597421674348412)]
[(4, 0.6265155453190564)]
[(4, 0.53323361232976452), (6, 0.22788238140382905)]
[(4, 0.3952176006425091), (6, 0.35915812190672103)]
[(5, 0.50502212467133778), (6, 0.22933912057263339)]
[(3, 0.58930891983082789), (4, 0.35093998350573247)]
[(3, 0.60208997317388946), (4, 0.25762674765450644)]
[(6, 0.81953079006652785)]
[(6, 0.89488854164568299)]
[(2, 0.26986680605697594), (6, 0.56390218347035903)]
[(2, 0.52583353905149244), (6, 0.27982084266587626)]
[(0, 0.32692246884214304), (6, 0.30070832797565594)]
[(0, 0.44170205838674359), (4, 0.31160099945457448)]
[(4, 0.31913497379853611), (6, 0.39195978595731429)]
[(6, 0.43862805216826117)]
[(0, 0.31648795347967507), (6, 0.46612013789749102)]
[(0, 0.40037498766337748), (4, 0.20976411857936056), (6, 0.24432682362620822)]
[(6, 0.4832613776673596)]
[(4, 0.42689093003063011)]
[(0, 0.28650659331437811), (4, 0.25291761236911203), (6, 0.32469232529918568)]
[(4, 0.46281078974621614), (6, 0.48597590216372166)]
[(4, 0.62651503290095889)]
[(4, 0.53323351451278811), (6, 0.2278823087075143)]
[(4, 0.39528183255190497), (6, 0.35918558105611897)]
[(5, 0.50500226907960921), (6, 0.22934600212084089)]
[(3, 0.58933218086253858), (4, 0.35092597197601388)]
[(3, 0.60208542975509427), (4, 0.25763146111911822)]
[(6, 0.81953416953209757)]
[(6, 0.89489547031436012)]
[(2, 0.26987022010534845), (6, 0.5639078605618898)]
[(2, 0.52583369531020596), (6, 0.27982749227433779)]
[(0, 0.32691935593831944), (6, 0.30070580181373141)]
[(0, 0.44170388692491908), (4, 0.31160143011535052)]
[(4, 0.3191329557659538), (6, 0.391959689816962)]
[(6, 0.43864842023673584)]
[(0, 0.31650258172923512), (6, 0.46612861505193182)]
[(0, 0.40037422445985915), (4, 0.20976396655126864), (6, 0.24432649235189763)]
[(6, 0.48326096017247577)]
[(4, 0.42690790110378962)]
[(0, 0.28650899706541072), (4, 0.25289215853246005), (6, 0.32468218705002527)]
[(4, 0.46281506542370937), (6, 0.48596486109662412)]
[(4, 0.62651653198889778)]
[(4, 0.53323330343243791), (6, 0.22788215907173545)]
[(4, 0.39525331913264317), (6, 0.35917683359069674)]
[(5, 0.50499785084615068), (6, 0.22935380955825307)]
[(3, 0.58933326356460214), (4, 0.35092522314940522)]
[(3, 0.60208929848849368), (4, 0.25762055935030703)]
[(6, 0.81953778047278814)]
[(6, 0.89489252092357274)]
[(2, 0.26987151517585889), (6, 0.56391010119576179)]
[(2, 0.52583418125840187), (6, 0.27983446479029389)]
[(0, 0.32691887535507919), (6, 0.30070789812940568)]
[(0, 0.44170789418661222), (4, 0.31160243544705951)]
[(4, 0.31913328562801729), (6, 0.39195996769101032)]
[(6, 0.43864545101121377)]
[(0, 0.3164794063416046), (6, 0.466117123256719)]
[(0, 0.40037152414768301), (4, 0.20976341340907378), (6, 0.24431823260287475)]
[(6, 0.48326138880434416)]
[(4, 0.42689098897213512)]
[(0, 0.28650848175460564), (4, 0.25289778725594608), (6, 0.32468383925400962)]
[(4, 0.46281035022527228), (6, 0.48597674736846003)]
[(4, 0.62651622198764778)]
[(4, 0.53323251238354397), (6, 0.22788160170199451)]
[(4, 0.39526358145035029), (6, 0.35918958067113987)]
[(5, 0.50502087445721766), (6, 0.22933709134091215)]
[(3, 0.58932718872436807), (4, 0.35092929707362419)]
[(3, 0.60209067279013717), (4, 0.25761691845421558)]
[(6, 0.8195342988312313)]
[(6, 0.89489068939288952)]
[(2, 0.26987029492529635), (6, 0.56390798868747005)]
[(2, 0.5258280251048898), (6, 0.27981442349582786)]
[(0, 0.32692546772909464), (6, 0.30071013343042718)]
[(0, 0.44169195016149554), (4, 0.311599055698215)]
[(4, 0.3191323654231466), (6, 0.39195984109838244)]
[(6, 0.43863545251980923)]
[(0, 0.3165021526878406), (6, 0.46612763539076779)]
[(0, 0.40037267832489637), (4, 0.2097640801435296), (6, 0.244322949760755)]
[(6, 0.48326130705684606)]
[(4, 0.42690340984776298)]
[(0, 0.28650978751977946), (4, 0.25288394427095329), (6, 0.32467847951593704)]
[(4, 0.46281013228332346), (6, 0.48597714524406616)]
[(4, 0.62651718530591871)]
[(4, 0.53323255980475803), (6, 0.22788163641938189)]
[(4, 0.39529642515589269), (6, 0.35917528460351905)]
[(5, 0.50501362066752464), (6, 0.22933316081673255)]
[(3, 0.58932797130359715), (4, 0.35092878903938796)]
[(3, 0.6020854338345808), (4, 0.25762758713159661)]
[(6, 0.81954880429860599)]
[(6, 0.89488569291870201)]
[(2, 0.26986929171319507), (6, 0.5639062836774521)]
[(2, 0.52583275007021435), (6, 0.27983445757143782)]
[(0, 0.32692391407366445), (6, 0.30070780191077928)]
[(0, 0.44170861248992382), (4, 0.31160254729490205)]
[(4, 0.31913297040244282), (6, 0.39195984576264647)]
[(6, 0.43863474743674274)]
[(0, 0.31649941052513059), (6, 0.46612671543096418)]
[(0, 0.40037213789877735), (4, 0.20976518507220804), (6, 0.24431250276431113)]
[(6, 0.48326180011594921)]
[(4, 0.4269070858664627)]
[(0, 0.28650287536815028), (4, 0.25295597675985687), (6, 0.32471192549051409)]
[(4, 0.46281347809793993), (6, 0.48596957099668509)]
[(4, 0.62651608604451159)]
[(4, 0.53323403958873239), (6, 0.22788268824712254)]
[(4, 0.3952416966191612), (6, 0.35917344970963622)]
[(5, 0.50500241499703824), (6, 0.22934845849340024)]
[(3, 0.58933278221525354), (4, 0.35092555734120578)]
[(3, 0.60209023982228604), (4, 0.25762548987301892)]
[(6, 0.81956175063290126)]
[(6, 0.89488408441852374)]
[(2, 0.26986594926915486), (6, 0.5639008113298718)]
[(2, 0.52582046566575591), (6, 0.27982007906047629)]
[(0, 0.32691829102032283), (6, 0.30070777049661712)]
[(0, 0.44170138900641376), (4, 0.31160067943635894)]
[(4, 0.31913287741252927), (6, 0.39195988625509809)]
[(6, 0.43862866120965111)]
[(0, 0.31648576504757531), (6, 0.46612442678064353)]
[(0, 0.40037377254261153), (4, 0.20976489392329956), (6, 0.24431819960417953)]
[(6, 0.48326006559838108)]
[(4, 0.4269027060840464)]
[(0, 0.28650901073423801), (4, 0.25289204454542069), (6, 0.32468216762190222)]
[(4, 0.462814748624303), (6, 0.48596586118071322)]
[(4, 0.62651754223220346)]
[(4, 0.53323339698117878), (6, 0.22788222579542769)]
[(4, 0.3954036076120323), (6, 0.35920682727681713)]
[(5, 0.50499877977079577), (6, 0.22935822353104798)]
[(3, 0.58930788167263881), (4, 0.35094053197286862)]
[(3, 0.60209320855462489), (4, 0.25761628328029113)]
[(6, 0.81955641421713321)]
[(6, 0.89488090112197061)]
[(2, 0.26986921301445188), (6, 0.56390615112397557)]
[(2, 0.52582485843740101), (6, 0.27981685158777131)]
[(0, 0.32692623384804137), (6, 0.30070905231407358)]
[(0, 0.44169465368164007), (4, 0.31159957075189304)]
[(4, 0.31912968745856252), (6, 0.39196047295001812)]
[(6, 0.43863572984866556)]
[(0, 0.31647977954934142), (6, 0.46611629945150401)]
[(0, 0.40037457581134339), (4, 0.20976416890271921), (6, 0.24432521642424318)]
[(6, 0.48326143359526874)]
[(4, 0.42689298471182813)]
[(0, 0.28650932644020144), (4, 0.25288895184824278), (6, 0.32467995862045063)]
[(4, 0.46281362020482364), (6, 0.48596917939620715)]
[(4, 0.62651619352426813)]
[(4, 0.53323420994214543), (6, 0.22788281109464398)]
[(4, 0.39538024649360476), (6, 0.35915947755052813)]
[(5, 0.50502501526200594), (6, 0.22933698350373777)]
[(3, 0.5893273189033138), (4, 0.35092921287912948)]
[(3, 0.60209673397572183), (4, 0.2576309481380254)]
[(6, 0.81953556224687252)]
[(6, 0.89488744806933118)]
[(2, 0.26986884404530226), (6, 0.56390553212763073)]
[(2, 0.52583495968058858), (6, 0.27983643180426204)]
[(0, 0.32692519945162424), (6, 0.30071043117977064)]
[(0, 0.4417025665903283), (4, 0.31160095277745758)]
[(4, 0.31913150689021291), (6, 0.39195992739672714)]
[(6, 0.43864336224671502)]
[(0, 0.31648589180166908), (6, 0.46612017590003119)]
[(0, 0.40037329579836045), (4, 0.20976585364385864), (6, 0.24431183222528474)]
[(6, 0.48326114691641447)]
[(4, 0.42690834846244979)]
[(0, 0.28650354269498091), (4, 0.25294911489075678), (6, 0.32470832819400408)]
[(4, 0.46281083924576472), (6, 0.48597580334810708)]
[(4, 0.62651557927615675)]
[(4, 0.53323403641167277), (6, 0.22788268641625239)]
[(4, 0.39542091396047635), (6, 0.35922617812984037)]
[(5, 0.50500395358100536), (6, 0.229347230703905)]
[(3, 0.58932075914676252), (4, 0.35093330129623257)]
[(3, 0.60208719533574462), (4, 0.25762038976183715)]
[(6, 0.81953577083062601)]
[(6, 0.89489573225246721)]
[(2, 0.26987106267911587), (6, 0.56390931288208002)]
[(2, 0.5258289341057909), (6, 0.27981252140351853)]
[(0, 0.32691946323347293), (6, 0.30070801356356996)]
[(0, 0.44170008246838466), (4, 0.31160051154508334)]
[(4, 0.31912978221120514), (6, 0.39196007701908231)]
[(6, 0.43863150378781318)]
[(0, 0.31648216983283478), (6, 0.46611594526905081)]
[(0, 0.40037242266146927), (4, 0.20976428740489447), (6, 0.24431937168472692)]
[(6, 0.48326115342721981)]
[(4, 0.42690499515093722)]
[(0, 0.28650535088028861), (4, 0.25293042951373479), (6, 0.32469879003404462)]
[(4, 0.46281063702003117), (6, 0.48597620374581701)]
[(4, 0.62651623437262727)]
[(4, 0.5332336693673998), (6, 0.22788242141987813)]
[(4, 0.395280066391136), (6, 0.3591830489656519)]
[(5, 0.50500236163307055), (6, 0.22934914533957707)]
[(3, 0.58933482395432368), (4, 0.35092412529818501)]
[(3, 0.6020893372424112), (4, 0.25762104512561856)]
[(6, 0.81953329262000374)]
[(6, 0.89489135436420031)]
[(2, 0.26987184298727285), (6, 0.56391067598629285)]
[(2, 0.52583396482055422), (6, 0.27982569347682779)]
[(0, 0.32692238640112165), (6, 0.30070427229399899)]
[(0, 0.44171029702925929), (4, 0.3116029203758604)]
[(4, 0.319130072761588), (6, 0.39196033437788863)]
[(6, 0.43864493118399722)]
[(0, 0.31648997060845424), (6, 0.46611748836394684)]
[(0, 0.40037419650028139), (4, 0.20976516349920624), (6, 0.24431720327351683)]
[(6, 0.48326130142497237)]
[(4, 0.42690196681659415)]
[(0, 0.28650503282573614), (4, 0.25293377935902772), (6, 0.32470020707750868)]
[(4, 0.46281132372188061), (6, 0.48597483308210299)]
[(4, 0.62651612811319479)]
[(4, 0.53323417766992143), (6, 0.22788278760915254)]
[(4, 0.3952441105066079), (6, 0.35917307539617593)]
[(5, 0.50501370885776042), (6, 0.22933279522187294)]
[(3, 0.58931466370839469), (4, 0.35093684407535675)]
[(3, 0.60208344759730759), (4, 0.25762699025169633)]
[(6, 0.819549426673855)]
[(6, 0.89489138322243644)]
[(2, 0.26987107704330815), (6, 0.56390933785610742)]
[(2, 0.52583540777253113), (6, 0.27983293102145551)]
[(0, 0.32692064612278293), (6, 0.30070664131648389)]
[(0, 0.44170090832598752), (4, 0.31160067772246847)]
[(4, 0.3191326575712124), (6, 0.39195991695540044)]
[(6, 0.43864811442643808)]
[(0, 0.31647901002873868), (6, 0.46611770829050952)]
[(0, 0.40037166060334256), (4, 0.20976408967986118), (6, 0.24431823252354856)]
[(6, 0.48326077344889029)]
[(4, 0.42690754084900012)]
[(0, 0.28650656727306806), (4, 0.25291765785356096), (6, 0.32469326213221283)]
[(4, 0.46280994346439502), (6, 0.48597747748891651)]
[(4, 0.6265171957019593)]
[(4, 0.53323327214891647), (6, 0.22788213982104305)]
[(4, 0.39528449685989836), (6, 0.35918496318550441)]
[(5, 0.50501300266432048), (6, 0.22933458949302638)]
[(3, 0.58932359229763231), (4, 0.35093157288908272)]
[(3, 0.6020865497711827), (4, 0.25762119770779907)]
[(6, 0.8195432627245155)]
[(6, 0.89488558321326894)]
[(2, 0.26986636379836582), (6, 0.56390147259412049)]
[(2, 0.52583180655523809), (6, 0.27982646354990887)]
[(0, 0.32692182113775764), (6, 0.30070891982974918)]
[(0, 0.44169229324603743), (4, 0.31159862116788023)]
[(4, 0.31913386999920734), (6, 0.39195983970709725)]
[(6, 0.43864984732063639)]
[(0, 0.31650147535037004), (6, 0.46612792579605627)]
[(0, 0.40037639895657567), (4, 0.20976409313733468), (6, 0.24433586805418336)]
[(6, 0.48326224544305418)]
[(4, 0.42690186954866632)]
[(0, 0.28650930854692724), (4, 0.25288921550125842), (6, 0.32467971886336122)]
[(4, 0.46281100114173312), (6, 0.48597547587486417)]
[(4, 0.62651763597883503)]
[(4, 0.53323300702516363), (6, 0.22788194821095653)]
[(4, 0.39534085055950002), (6, 0.3591931220025833)]
[(5, 0.50500419380940664), (6, 0.22936136705399632)]
[(3, 0.58934085576207906), (4, 0.35091965312439888)]
[(3, 0.60209443337437429), (4, 0.25761569534991524)]
[(6, 0.81953125729413978)]
[(6, 0.89488134933647867)]
[(2, 0.26986892191764295), (6, 0.56390566244707185)]
[(2, 0.52583007744187593), (6, 0.27982908090986802)]
[(0, 0.32692275819623956), (6, 0.30070894683919797)]
[(0, 0.44169995043467081), (4, 0.31160052708307051)]
[(4, 0.31912030415983123), (6, 0.39196097081361869)]
[(6, 0.43864055217887682)]
[(0, 0.31647951626101384), (6, 0.46612365904629427)]
[(0, 0.40037654939643291), (4, 0.20976602750159376), (6, 0.24432173655394746)]
[(6, 0.48326189790025947)]
[(4, 0.42690580593625066)]
[(0, 0.28650367108876768), (4, 0.25294819410027952), (6, 0.32470604799696123)]
[(4, 0.4628138209062041), (6, 0.48596861420788207)]
[(4, 0.62651647775344832)]
[(4, 0.53323337865616205), (6, 0.22788221647262646)]
[(4, 0.39530733211108765), (6, 0.35918624006335709)]
[(5, 0.50501575229988271), (6, 0.22933529749378367)]
[(3, 0.58934209535639626), (4, 0.35091868367294221)]
[(3, 0.60208620949859271), (4, 0.25762774078266365)]
[(6, 0.81955418596305751)]
[(6, 0.89488821188846834)]
[(2, 0.269866658425298), (6, 0.56390194555361994)]
[(2, 0.52583404189412652), (6, 0.27983207177888303)]
[(0, 0.32692464230164675), (6, 0.30071046517856659)]
[(0, 0.44169517272972741), (4, 0.31159952398029167)]
[(4, 0.31913037300882058), (6, 0.39196006616499074)]
[(6, 0.43863729060338619)]
[(0, 0.3164767920460661), (6, 0.46612331108946653)]
[(0, 0.40037072794965411), (4, 0.2097634510615132), (6, 0.24431778855839595)]
[(6, 0.48326064115506312)]
[(4, 0.42689885401382849)]
[(0, 0.2865031844696872), (4, 0.25295259224312328), (6, 0.32471116979158476)]
[(4, 0.46281433066684191), (6, 0.48596713757204951)]
[(4, 0.62651726118014861)]
[(4, 0.53323395032142995), (6, 0.22788262338829279)]
[(4, 0.395425731585475), (6, 0.35921730333436969)]
[(5, 0.50499299878806614), (6, 0.22935309811354143)]
[(3, 0.58934195011362367), (4, 0.35091879824660216)]
[(3, 0.60208584766518136), (4, 0.25762686077162972)]
[(6, 0.81953134441693298)]
[(6, 0.8948801670905544)]
[(2, 0.26986819261676115), (6, 0.56390444881738189)]
[(2, 0.5258299013536647), (6, 0.27982754499484497)]
[(0, 0.32691858007047236), (6, 0.30070752019479641)]
[(0, 0.44169016921129417), (4, 0.31159827080773872)]
[(4, 0.31913478084456509), (6, 0.39195940589925832)]
[(6, 0.43863461576323559)]
[(0, 0.31649543236262173), (6, 0.46612729116928003)]
[(0, 0.40037764535970183), (4, 0.20976495451049662), (6, 0.24433523897239132)]
[(6, 0.48326162085122537)]
[(4, 0.42689187904422787)]
[(0, 0.28650938455956626), (4, 0.25288959395779248), (6, 0.32467637256913928)]
[(4, 0.46281165340206759), (6, 0.48597408354984156)]
[(4, 0.62651694772608402)]
[(4, 0.53323400085813277), (6, 0.22788266135453225)]
[(4, 0.39528071823635719), (6, 0.35918601565539299)]
[(5, 0.50499923464578433), (6, 0.22935078613634316)]
[(3, 0.58931715686120856), (4, 0.35093542273090733)]
[(3, 0.60209822455583251), (4, 0.25762374729590148)]
[(6, 0.81953858321708373)]
[(6, 0.8948949780240063)]
[(2, 0.26987202963474488), (6, 0.56391100473570277)]
[(2, 0.52583571674515261), (6, 0.27983084732487745)]
[(0, 0.32692537728618526), (6, 0.30071072050632824)]
[(0, 0.44170610913045782), (4, 0.31160184604853247)]
[(4, 0.31913228991339404), (6, 0.39195978810212667)]
[(6, 0.43864305177720547)]
[(0, 0.3164817386224682), (6, 0.46611582456889405)]
[(0, 0.40037277739597932), (4, 0.20976384595951517), (6, 0.24432274349698233)]
[(6, 0.48326145477415255)]
[(4, 0.42690196561977112)]
[(0, 0.28650548263626846), (4, 0.25293097946937337), (6, 0.32469310126866918)]
[(4, 0.46281005507636808), (6, 0.48597728250220484)]
[(4, 0.626516846533821)]
[(4, 0.53323450730929123), (6, 0.22788302132585048)]
[(4, 0.39530633019470163), (6, 0.35918767339758367)]
[(5, 0.5050148725633492), (6, 0.22933275892263022)]
[(3, 0.58932186877482695), (4, 0.35093263085241216)]
[(3, 0.60209274552539627), (4, 0.25761524315890794)]
[(6, 0.81956100438963408)]
[(6, 0.89488273416878483)]
[(2, 0.26986901110812234), (6, 0.56390581192271849)]
[(2, 0.52583601535315772), (6, 0.27983002018545389)]
[(0, 0.32692499932555524), (6, 0.30070840334039256)]
[(0, 0.44169853278003146), (4, 0.31160026124566786)]
[(4, 0.31912257356240226), (6, 0.39196062921878472)]
[(6, 0.43863946583838359)]
[(0, 0.31649898310486002), (6, 0.4661283854648709)]
[(0, 0.40037208306283228), (4, 0.20976282833249088), (6, 0.24432726279470937)]
[(6, 0.4832603034823858)]
[(4, 0.42690604024021661)]
[(0, 0.28651038232554776), (4, 0.25287804158583888), (6, 0.32467469482602268)]
[(4, 0.46281194550343008), (6, 0.48597342443637487)]
[(4, 0.62651541481764117)]
[(4, 0.53323355293457697), (6, 0.22788233843039485)]
[(4, 0.39528204795679706), (6, 0.35918535759780451)]
[(5, 0.50501674455721379), (6, 0.22933437503414339)]
[(3, 0.58931660526278973), (4, 0.35093574042470438)]
[(3, 0.60209789784575862), (4, 0.25762472685432858)]
[(6, 0.81954212351886069)]
[(6, 0.89487615924065933)]
[(2, 0.26986679301183963), (6, 0.56390216240563484)]
[(2, 0.52582833955206199), (6, 0.27982355627393257)]
[(0, 0.32692487149323302), (6, 0.30070849055632426)]
[(0, 0.44169371995731654), (4, 0.31159904274126432)]
[(4, 0.31913223303684707), (6, 0.39196015264696016)]
[(6, 0.43864905138525279)]
[(0, 0.31649847622912602), (6, 0.46612674004000365)]
[(0, 0.40037113094344401), (4, 0.20976417994347624), (6, 0.24431789869556927)]
[(6, 0.48326187399071141)]
[(4, 0.42689096759285328)]
[(0, 0.28650298211606767), (4, 0.2529548101801159), (6, 0.3247116426570078)]
[(4, 0.46281177884646935), (6, 0.48597380254767669)]
[(4, 0.62651609269793151)]
[(4, 0.53323271226729418), (6, 0.22788173739385381)]
[(4, 0.39543814931494725), (6, 0.35921840841590069)]
[(5, 0.50501883929578162), (6, 0.22933677282035783)]
[(3, 0.58933826893150565), (4, 0.35092161826382801)]
[(3, 0.60209464158149173), (4, 0.25762885329222929)]
[(6, 0.81953914411981499)]
[(6, 0.89488293144707698)]
[(2, 0.26986767330491113), (6, 0.56390359383542676)]
[(2, 0.52583073843082428), (6, 0.27983155486326217)]
[(0, 0.32692366099389963), (6, 0.30070999266338855)]
[(0, 0.44170051846579628), (4, 0.31160061419671492)]
[(4, 0.31913436333945949), (6, 0.39195971429040505)]
[(6, 0.43863408016549227)]
[(0, 0.31649812208234085), (6, 0.46612746590249388)]
[(0, 0.40037235441721042), (4, 0.20976518962144633), (6, 0.2443165737228814)]
[(6, 0.48326194230353015)]
[(4, 0.42689552251210539)]
[(0, 0.28650435075857938), (4, 0.25294036387407259), (6, 0.32470563646905709)]
[(4, 0.46281189161408171), (6, 0.48597354588197211)]
[(4, 0.62651690217588019)]
[(4, 0.53323351838674127), (6, 0.2278823118348946)]
[(4, 0.39530058939173801), (6, 0.35918767265377916)]
[(5, 0.50499789779262116), (6, 0.2293594758446075)]
[(3, 0.58932433244846794), (4, 0.35093111220623052)]
[(3, 0.60208781438407744), (4, 0.25762350215479296)]
[(6, 0.81956124815400444)]
[(6, 0.89489124137067888)]
[(2, 0.26986677800520137), (6, 0.56390213822047341)]
[(2, 0.5258357853762714), (6, 0.2798385851996214)]
[(0, 0.32691659130090944), (6, 0.30070625126921824)]
[(0, 0.44170568964872614), (4, 0.31160176422773611)]
[(4, 0.31913344683647848), (6, 0.39195966197737775)]
[(6, 0.43864622085792637)]
[(0, 0.31650054022175506), (6, 0.46612761684144838)]
[(0, 0.40037616558768785), (4, 0.20976450029315882), (6, 0.24433343146297126)]
[(6, 0.48326160454195488)]
[(4, 0.42690055307178931)]
[(0, 0.28650994216259945), (4, 0.25288249994119949), (6, 0.32467711078016481)]
[(4, 0.46281012617762296), (6, 0.48597715626157523)]
[(4, 0.62651631676812269)]
[(4, 0.53323330774798594), (6, 0.22788216394219127)]
[(4, 0.39539619020992223), (6, 0.35920609031081524)]
[(5, 0.50499298712301965), (6, 0.22934417053417491)]
[(3, 0.58934338185557034), (4, 0.35091765689230531)]
[(3, 0.60208855996234067), (4, 0.25761995929863118)]
[(6, 0.81954305573138753)]
[(6, 0.89488728468290379)]
[(2, 0.26986971585996189), (6, 0.56390700102964375)]
[(2, 0.52583183027631519), (6, 0.27981274995764421)]
[(0, 0.32692487772362555), (6, 0.30070988741175103)]
[(0, 0.44170764520348016), (4, 0.31160229656859634)]
[(4, 0.31913157547031623), (6, 0.39195983752794611)]
[(6, 0.43863428901025553)]
[(0, 0.31650209021114328), (6, 0.4661283681516325)]
[(0, 0.40037503334130964), (4, 0.20976586866401944), (6, 0.24431768009271779)]
[(6, 0.4832609511910963)]
[(4, 0.42689712387445383)]
[(0, 0.28650626829884762), (4, 0.25292096511422257), (6, 0.32469402329646008)]
[(4, 0.46281557043617561), (6, 0.48596320093249534)]
[(4, 0.62651601856718553)]
[(4, 0.53323330710100303), (6, 0.22788216241697098)]
[(4, 0.39524721527464429), (6, 0.35917641022170405)]
[(5, 0.50501767752936044), (6, 0.2293346884300457)]
[(3, 0.58934391475795611), (4, 0.35091722507452328)]
[(3, 0.60209037008546773), (4, 0.25762174292741807)]
[(6, 0.81954210729329025)]
[(6, 0.89488326790839334)]
[(2, 0.26986927858725651), (6, 0.56390626158170287)]
[(2, 0.52582773567701302), (6, 0.27980703399121337)]
[(0, 0.32691912487199976), (6, 0.30070837372608206)]
[(0, 0.44171011238699426), (4, 0.31160282402692935)]
[(4, 0.31913403069634089), (6, 0.39195924770465901)]
[(6, 0.43864947404070931)]
[(0, 0.31647842472025334), (6, 0.46611832381184709)]
[(0, 0.40037443436528125), (4, 0.20976500070118281), (6, 0.24431972218991463)]
[(6, 0.48326186136850663)]
[(4, 0.42690030130306833)]
[(0, 0.28650318511189621), (4, 0.25295262302596427), (6, 0.32471094633556308)]
[(4, 0.46281543777744), (6, 0.48596369858782479)]
[(4, 0.62651742381603348)]
[(4, 0.53323401588583019), (6, 0.2278826700094205)]
[(4, 0.39525965329131263), (6, 0.35917072544556067)]
[(5, 0.5049967254484391), (6, 0.22935657843671153)]
[(3, 0.58934192178812561), (4, 0.35091882056117568)]
[(3, 0.60209169093947046), (4, 0.25761835870022531)]
[(6, 0.81954788916852073)]
[(6, 0.8948814187778894)]
[(2, 0.26986660247579464), (6, 0.56390185551237193)]
[(2, 0.52582885082284403), (6, 0.27982950451437139)]
[(0, 0.32692418055638006), (6, 0.30070969095468486)]
[(0, 0.4417093675191805), (4, 0.31160263124179688)]
[(4, 0.31913044834798476), (6, 0.39196008098793556)]
[(6, 0.43863454488627335)]
[(0, 0.31649054216345912), (6, 0.46612302125947302)]
[(0, 0.40037680781677998), (4, 0.20976732204084722), (6, 0.24431387073029726)]
[(6, 0.48326116957827148)]
[(4, 0.42691209283504)]
[(0, 0.28650857894920151), (4, 0.25289658950141664), (6, 0.32468399421130206)]
[(4, 0.46281432441738379), (6, 0.48596715195415607)]
[(4, 0.62651638684371935)]
[(4, 0.53323422600008008), (6, 0.22788282193717954)]
[(4, 0.39528548560121901), (6, 0.35918514298593418)]
[(5, 0.50499419834862969), (6, 0.22936008339609323)]
[(3, 0.58930772213219185), (4, 0.35094061576545271)]
[(3, 0.60209852126128682), (4, 0.25762461859609126)]
[(6, 0.81955626187102182)]
[(6, 0.89489270712849911)]
[(2, 0.26986954881264313), (6, 0.56390671792335323)]
[(2, 0.52582911064856874), (6, 0.27982646609935885)]
[(0, 0.32692665043346852), (6, 0.30070761782895145)]
[(0, 0.44170505154514128), (4, 0.31160163914594491)]
[(4, 0.31913484171312606), (6, 0.39195967420937039)]
[(6, 0.43864461121671017)]
[(0, 0.31647853514756402), (6, 0.46611854042304868)]
[(0, 0.40037608116135981), (4, 0.20976412051689294), (6, 0.24433588520072339)]
[(6, 0.48326096951765862)]
[(4, 0.42690341001651749)]
[(0, 0.28650603270538927), (4, 0.25292314424546825), (6, 0.32469619278001571)]
[(4, 0.46281138475254585), (6, 0.48597467112227166)]
[(4, 0.6265171450139343)]
[(4, 0.53323378073046157), (6, 0.22788250153137224)]
[(4, 0.39533433391525369), (6, 0.35918811442196763)]
[(5, 0.505005754619959), (6, 0.22935763960179606)]
[(3, 0.58933598218922534), (4, 0.3509232955863128)]
[(3, 0.60209230917446477), (4, 0.2576225094548249)]
[(6, 0.8195368254515929)]
[(6, 0.89487729851400144)]
[(2, 0.26986649170376542), (6, 0.56390167759793031)]
[(2, 0.52583660271308774), (6, 0.27983311380843384)]
[(0, 0.32692285005500016), (6, 0.30070731773069032)]
[(0, 0.44169946585758763), (4, 0.31160005667920709)]
[(4, 0.31913313715028269), (6, 0.39196003502777982)]
[(6, 0.43863598654486158)]
[(0, 0.31649236133162184), (6, 0.46612352959417097)]
[(0, 0.40037857520511805), (4, 0.20976536790217198), (6, 0.24433496306805083)]
[(6, 0.48326071638895518)]
[(4, 0.42690717583377974)]
[(0, 0.28650549416223581), (4, 0.25292900144360408), (6, 0.32469783158680765)]
[(4, 0.46281418910364003), (6, 0.48596755240294387)]
[(4, 0.62651554657875819)]
[(4, 0.53323406509037208), (6, 0.2278827063280302)]
[(4, 0.39546349733328395), (6, 0.35922863145338324)]
[(5, 0.50502519844908211), (6, 0.22933938129731007)]
[(3, 0.58932402056371391), (4, 0.35093130680650864)]
[(3, 0.6020868980873133), (4, 0.25762442267273811)]
[(6, 0.81955517080085449)]
[(6, 0.89487521551070048)]
[(2, 0.2698681723576104), (6, 0.56390441530229951)]
[(2, 0.52583528752169184), (6, 0.27982778752600529)]
[(0, 0.32692651252230737), (6, 0.30070937963939987)]
[(0, 0.44169351265598683), (4, 0.31159887669582959)]
[(4, 0.31913047762239666), (6, 0.39195980409978043)]
[(6, 0.43864962472506891)]
[(0, 0.31648347228271656), (6, 0.46611506792655022)]
[(0, 0.40037641871165425), (4, 0.2097644720818114), (6, 0.24432813559274452)]
[(6, 0.48326165029680296)]
[(4, 0.42690160641877056)]
[(0, 0.28650389185669645), (4, 0.25294528881680844), (6, 0.32470723919878708)]
[(4, 0.46281067008297044), (6, 0.4859761378543358)]
[(4, 0.62651644684007846)]
[(4, 0.53323446008939668), (6, 0.22788299208861174)]
[(4, 0.3952246538161408), (6, 0.35915672275554789)]
[(5, 0.50499573203305037), (6, 0.22935826759589326)]
[(3, 0.58930690847795741), (4, 0.35094104110332136)]
[(3, 0.60210344280519146), (4, 0.2576168701849777)]
[(6, 0.81954213802310871)]
[(6, 0.89488412019309937)]
[(2, 0.26987147897495695), (6, 0.56391003798430228)]
[(2, 0.52583774993047805), (6, 0.2798365636506514)]
[(0, 0.32692388882883577), (6, 0.30071069930192601)]
[(0, 0.4417069843612908), (4, 0.31160208122618333)]
[(4, 0.31913534318403575), (6, 0.39195937555138533)]
[(6, 0.43862960960266306)]
[(0, 0.31650118669052696), (6, 0.46612919724129237)]
[(0, 0.40037555090950006), (4, 0.20976653891649591), (6, 0.24431603210785813)]
[(6, 0.48326170102047944)]
[(4, 0.42690762861554343)]
[(0, 0.28650456868657914), (4, 0.25293834796236403), (6, 0.32470346511452292)]
[(4, 0.46281509469806831), (6, 0.48596476723224058)]
[(4, 0.62651759013295028)]
[(4, 0.53323427380768362), (6, 0.22788285619235815)]
[(4, 0.39523438335620692), (6, 0.35916100809782653)]
[(5, 0.50500410141907492), (6, 0.22934900583974985)]
[(3, 0.58933360436736026), (4, 0.35092498527502991)]
[(3, 0.60208604098129137), (4, 0.25763012291081877)]
[(6, 0.81956155982041268)]
[(6, 0.89488896861310763)]
[(2, 0.26987097364298207), (6, 0.5639091587213938)]
[(2, 0.52583516496896865), (6, 0.27982345102971318)]
[(0, 0.32692218102958098), (6, 0.30070691496152069)]
[(0, 0.44169117529320329), (4, 0.31159862423350371)]
[(4, 0.31913521580002441), (6, 0.39195961146808106)]
[(6, 0.43864229948419842)]
[(0, 0.31650035375076185), (6, 0.46612733806985651)]
[(0, 0.40037181397952132), (4, 0.20976435152210013), (6, 0.24431585576284179)]
[(6, 0.48326122956211154)]
[(4, 0.4268988784092963)]
[(0, 0.28650587175235404), (4, 0.25292493011604716), (6, 0.32469652535836402)]
[(4, 0.46281132302136879), (6, 0.48597480325384657)]
[(4, 0.62651615725683618)]
[(4, 0.53323435752899939), (6, 0.22788291520183843)]
[(4, 0.3952882582339855), (6, 0.35917719557237204)]
[(5, 0.50500117540862577), (6, 0.22935509623462175)]
[(3, 0.58931087330246135), (4, 0.35093893609971033)]
[(3, 0.60209427217967593), (4, 0.25761501277357601)]
[(6, 0.81955034270517502)]
[(6, 0.89489034164175874)]
[(2, 0.26986563430558386), (6, 0.56390031217505665)]
[(2, 0.52583233862163015), (6, 0.27982328479215457)]
[(0, 0.32692521230734339), (6, 0.30071057716622063)]
[(0, 0.44170216669222567), (4, 0.31160110028228682)]
[(4, 0.31913106190124391), (6, 0.39195989200740716)]
[(6, 0.4386460311259312)]
[(0, 0.31650022997915828), (6, 0.4661263716474901)]
[(0, 0.40037309473449401), (4, 0.20976486411868595), (6, 0.24431742117501645)]
[(6, 0.48326093571406137)]
[(4, 0.42690113908778604)]
[(0, 0.28650704037115754), (4, 0.25291246384712546), (6, 0.32469196879857204)]
[(4, 0.46281236842755902), (6, 0.48597242360337151)]
[(4, 0.62651621913032707)]
[(4, 0.53323373492506976), (6, 0.22788246802229453)]
[(4, 0.39534468234245529), (6, 0.35916844293854466)]
[(5, 0.50501444120767769), (6, 0.22933913610698217)]
[(3, 0.58934146290246214), (4, 0.35091918065768213)]
[(3, 0.60208763424199485), (4, 0.25762472068707298)]
[(6, 0.8195318954875821)]
[(6, 0.89488276470423511)]
[(2, 0.26987071025038334), (6, 0.56390870298402784)]
[(2, 0.52583759378832129), (6, 0.27983607509190855)]
[(0, 0.32691775165360432), (6, 0.30070255355510855)]
[(0, 0.44169437901303388), (4, 0.31159910285865944)]
[(4, 0.31913037015971946), (6, 0.39196002201554586)]
[(6, 0.43865125279142214)]
[(0, 0.31650190342255319), (6, 0.46612903688962909)]
[(0, 0.4003730795455428), (4, 0.20976356753235478), (6, 0.24432005341666765)]
[(6, 0.48326169949957504)]
[(4, 0.42691023011358076)]
[(0, 0.28651024876355119), (4, 0.25288121638878647), (6, 0.32467091486837507)]
[(4, 0.46281170480734474), (6, 0.48597397052335894)]
[(4, 0.6265152755866118)]
[(4, 0.53323349008257603), (6, 0.22788229736676874)]
[(4, 0.39541455408272913), (6, 0.35922082627717367)]
[(5, 0.50502540282296859), (6, 0.22933822929972622)]
[(3, 0.58932517956898145), (4, 0.35093058013223172)]
[(3, 0.60208505141910029), (4, 0.25763039290097328)]
[(6, 0.81954756707494891)]
[(6, 0.89488369264631573)]
[(2, 0.26986881533572404), (6, 0.56390548410532071)]
[(2, 0.52583597505602453), (6, 0.27983194208107615)]
[(0, 0.32691942909655247), (6, 0.30070767719963309)]
[(0, 0.44171038228172876), (4, 0.31160301760365772)]
[(4, 0.31913562675084406), (6, 0.39195937545495813)]
[(6, 0.43862891952814681)]
[(0, 0.31647970770007422), (6, 0.46611468380632048)]
[(0, 0.40037393108094066), (4, 0.20976380568976666), (6, 0.24432587665255104)]
[(6, 0.48326228538136079)]
[(4, 0.42689230086814528)]
[(0, 0.28650605536416957), (4, 0.25292314194798754), (6, 0.32469522959584141)]
[(4, 0.46281426455687941), (6, 0.48596733418037114)]
[(4, 0.62651457098442864)]
[(4, 0.53323228734879002), (6, 0.22788144162215515)]
[(4, 0.39536030423988844), (6, 0.35919876249322252)]
[(5, 0.50501735910141488), (6, 0.22933526044155034)]
[(3, 0.58930617210995373), (4, 0.35094142315301768)]
[(3, 0.60208451704217292), (4, 0.2576268587897742)]
[(6, 0.81953860288432268)]
[(6, 0.89489151031933023)]
[(2, 0.26987070826813864), (6, 0.56390869954620082)]
[(2, 0.5258362452462636), (6, 0.27983767506683049)]
[(0, 0.32692000857974912), (6, 0.30070635177493427)]
[(0, 0.44169661970409052), (4, 0.31159980144534788)]
[(4, 0.31913352844433113), (6, 0.39195979053724495)]
[(6, 0.43862966897179206)]
[(0, 0.31650203116123804), (6, 0.46612875872923759)]
[(0, 0.40037216643515378), (4, 0.20976294741754983), (6, 0.24432455579214679)]
[(6, 0.48326065697785625)]
[(4, 0.42690150042658431)]
[(0, 0.28650685496818168), (4, 0.25291459270947053), (6, 0.32469207189157334)]
[(4, 0.462814168361939), (6, 0.48596761862653443)]
[(4, 0.62651464268644153)]
[(4, 0.53323480232059906), (6, 0.22788323182105616)]
[(4, 0.39545902167489005), (6, 0.35923209704710973)]
[(5, 0.50500143495859984), (6, 0.22935110596603883)]
[(3, 0.58933979461629271), (4, 0.35092046839618057)]
[(3, 0.60209225219448814), (4, 0.25762024576129616)]
[(6, 0.81953190323753611)]
[(6, 0.89488725843910755)]
[(2, 0.26986794260359293), (6, 0.56390403618258711)]
[(2, 0.52583564899059554), (6, 0.27984082528358839)]
[(0, 0.3269244121115718), (6, 0.30070928246515605)]
[(0, 0.44169585958690027), (4, 0.31159964494176756)]
[(4, 0.31913452206054421), (6, 0.39195990168503592)]
[(6, 0.43864952267548002)]
[(0, 0.31648784525083345), (6, 0.46612309962095255)]
[(0, 0.40037280244878981), (4, 0.20976482310563921), (6, 0.24431681462697236)]
[(6, 0.48326170529685913)]
[(4, 0.42689681107347388)]
[(0, 0.28650391219520582), (4, 0.25294498732244775), (6, 0.32470759244316438)]
[(4, 0.46281145170517618), (6, 0.48597452641410938)]
[(4, 0.62651598706252953)]
[(4, 0.53323374854933892), (6, 0.22788247937024353)]
[(4, 0.39530572925497259), (6, 0.35917986633853471)]
[(5, 0.50502529861872625), (6, 0.22933709796789165)]
[(3, 0.5710208062113411)]
