[(2, 0.57142854912866392)]
[(3, 0.45851507943195691), (4, 0.37436933684345736)]
[(6, 0.95371173495809713)]
[(2, 0.51022653422362374), (6, 0.32912174953552936)]
[(0, 0.56718543417144651)]
[(0, 0.20408519481807794), (4, 0.44674675042190354)]
[(6, 0.50456840117196822)]
[(0, 0.44134977645409035), (6, 0.28323274260339848)]
[(0, 0.27256062904252859), (6, 0.48945806496010924)]
[(3, 0.23863471115700993), (4, 0.2127985947993801), (6, 0.5361145376221238)]
[(2, 0.30121519830596283), (6, 0.29972388548717288)]
[(4, 0.61297355837099388), (6, 0.25723881513127461)]
[(0, 0.25050090591442087), (4, 0.60914376967470985)]
[(4, 0.56940410466333879)]
[(4, 0.58999495795167889), (6, 0.24749518441118856)]
[(4, 0.50348088167368932), (6, 0.22225459760949073)]
[(4, 0.4301681561107793), (6, 0.36156429993130573)]
[(4, 0.46333499924900168), (5, 0.24669341400530345)]
[(5, 0.34786815119482095), (6, 0.28311406431079572)]
[(4, 0.26415653858469235), (5, 0.22978579774787611)]
[(6, 0.3951670016269907)]
[(3, 0.45851292088316992), (4, 0.37436806783383403)]
[(6, 0.95371909681096234)]
[(2, 0.51022751494988317), (6, 0.32912192552452213)]
[(0, 0.5671861898096443)]
[(0, 0.20408523740315174), (4, 0.44674573354144725)]
[(6, 0.5045679498325969)]
[(0, 0.44135053496737681), (6, 0.28323804250633533)]
[(0, 0.27255322880576066), (6, 0.4894596327761167)]
[(3, 0.23863340442561576), (4, 0.21279750701340006), (6, 0.536116931577033)]
[(2, 0.30121497984561191), (6, 0.29972392032046224)]
[(4, 0.61295438537299152), (6, 0.25725711551128)]
[(0, 0.25049859097558402), (4, 0.60914018881626142)]
[(4, 0.56938523449739875)]
[(4, 0.58999228077872989), (6, 0.24749618110357388)]
[(4, 0.50347790676722526), (6, 0.22224345588206496)]
[(4, 0.43016184184218514), (6, 0.36156727648955994)]
[(4, 0.46333322696023338), (5, 0.24669345447909979)]
[(5, 0.34785582466609916), (6, 0.28316683408908683)]
[(4, 0.26417402503017884), (5, 0.22975007420997309)]
[(6, 0.39516670565457362)]
[(3, 0.45851064921771661), (4, 0.37436701449306908)]
[(6, 0.95371869473422588)]
[(2, 0.51022906153207825), (6, 0.32912361330670442)]
[(0, 0.56718934918565644)]
[(0, 0.20408532463072718), (4, 0.44674760506792388)]
[(6, 0.50456772397047456)]
[(0, 0.44135071745321003), (6, 0.28323927179240088)]
[(0, 0.27255552618857914), (6, 0.48945895362934483)]
[(3, 0.238633449253114), (4, 0.21279746482051837), (6, 0.53611692895226026)]
[(2, 0.30121335561810658), (6, 0.29972416123276746)]
[(4, 0.61296906427450393), (6, 0.2572431008919468)]
[(0, 0.25049722952734244), (4, 0.60913730785630749)]
[(4, 0.56941597192157245)]
[(4, 0.58999090969472801), (6, 0.24749644671215099)]
[(4, 0.50348241479117817), (6, 0.22226026682681216)]
[(4, 0.43016085484022765), (6, 0.36156849932757273)]
[(4, 0.46333491058918713), (5, 0.24669405676552758)]
[(5, 0.34786428403641939), (6, 0.28311835673830604)]
[(4, 0.26415882970576748), (5, 0.22978286636066866)]
[(6, 0.39516671557911509)]
[(3, 0.45851474022847361), (4, 0.37436903963978962)]
[(6, 0.95370880762151677)]
[(2, 0.51022798056813479), (6, 0.32912029581948471)]
[(0, 0.56718957033939799)]
[(0, 0.20408544385411287), (4, 0.44674870096133718)]
[(6, 0.50456882382166812)]
[(0, 0.44135095996166929), (6, 0.28324138290773404)]
[(0, 0.27256007808824984), (6, 0.48945927737167605)]
[(3, 0.23863501452374108), (4, 0.21279862306793512), (6, 0.5361142060263272)]
[(2, 0.30121920441716693), (6, 0.29972336227577029)]
[(4, 0.61297162650041381), (6, 0.25724066147778707)]
[(0, 0.25049589890419072), (4, 0.60913652007001995)]
[(4, 0.56940693579590795)]
[(4, 0.58998486142473694), (6, 0.24749812745712885)]
[(4, 0.50348233795042463), (6, 0.22225931148232766)]
[(4, 0.43016316651481701), (6, 0.36156478561200922)]
[(4, 0.46333485658281215), (5, 0.2466933717053362)]
[(5, 0.34786627932366265), (6, 0.28310925812055693)]
[(4, 0.26417478592956367), (5, 0.22974844176156697)]
[(6, 0.39516719549520085)]
[(3, 0.45851449349512874), (4, 0.37436888874402147)]
[(6, 0.95370996956444976)]
[(2, 0.51022359078823987), (6, 0.32911814409717993)]
[(0, 0.56718945618017425)]
[(0, 0.20408510650353154), (4, 0.44674553453338173)]
[(6, 0.50456842115673917)]
[(0, 0.44135054149833097), (6, 0.28323801279570671)]
[(0, 0.27255016749548111), (6, 0.48945939561163038)]
[(3, 0.23863422262992301), (4, 0.21279825033435676), (6, 0.53611537043868274)]
[(2, 0.30121729182265478), (6, 0.29972358323256443)]
[(4, 0.61295600398924066), (6, 0.2572555691798083)]
[(0, 0.25050102489124143), (4, 0.60914272675308434)]
[(4, 0.56942258302183568)]
[(4, 0.58999091676946769), (6, 0.24749644239707591)]
[(4, 0.50347685184985713), (6, 0.22224115372463857)]
[(4, 0.43017374696539629), (6, 0.36156442207801703)]
[(4, 0.46333108347116736), (5, 0.24669587280084379)]
[(5, 0.3478617404842469), (6, 0.28313502608832619)]
[(4, 0.26415260884444625), (5, 0.22979235079315433)]
[(6, 0.39516679778691577)]
[(3, 0.45851388074038169), (4, 0.37436875518924784)]
[(6, 0.95370784812567444)]
[(2, 0.51022720253679932), (6, 0.32912228712176572)]
[(0, 0.56718836796155581)]
[(0, 0.20408508030262476), (4, 0.44674804022929571)]
[(6, 0.50456790182977174)]
[(0, 0.44135037988167825), (6, 0.28323683130850386)]
[(0, 0.27255785346803491), (6, 0.48945977878805746)]
[(3, 0.23862749732956456), (4, 0.21279543133538889), (6, 0.53612491247519878)]
[(2, 0.30121432492040806), (6, 0.29972400181497366)]
[(4, 0.61300868233358385), (6, 0.25720522761507392)]
[(0, 0.25049390457521437), (4, 0.60913418790165885)]
[(4, 0.56942905590363557)]
[(4, 0.58999497987013794), (6, 0.24749528967085946)]
[(4, 0.50347661466453897), (6, 0.22223900736939517)]
[(4, 0.43016908140424354), (6, 0.36156530918949059)]
[(4, 0.46333517022107534), (5, 0.2466941352172749)]
[(5, 0.3478592460880191), (6, 0.28316037993421794)]
[(4, 0.26417425012304574), (5, 0.22975077228767268)]
[(6, 0.39516741856073345)]
[(3, 0.458516092245976), (4, 0.37436977034539221)]
[(6, 0.95370826350125326)]
[(2, 0.51022904535150637), (6, 0.32912310704985853)]
[(0, 0.5671902495920873)]
[(0, 0.20408513836721523), (4, 0.4467457295445123)]
[(6, 0.50456678060486682)]
[(0, 0.44134983806701372), (6, 0.28323312173181309)]
[(0, 0.27255170031426235), (6, 0.48945875560663743)]
[(3, 0.23863384012039654), (4, 0.21279807075848362), (6, 0.53611593243934064)]
[(2, 0.30121917057673447), (6, 0.29972336719617465)]
[(4, 0.61296172069537214), (6, 0.25725011652015101)]
[(0, 0.25049797476664615), (4, 0.60913878414313427)]
[(4, 0.56940866012470215)]
[(4, 0.58998751904245195), (6, 0.24749736486857279)]
[(4, 0.50348300706393101), (6, 0.22226155873523698)]
[(4, 0.43016225096495991), (6, 0.36156625502258116)]
[(4, 0.46333440784043628), (5, 0.24669370306070523)]
[(5, 0.34786208492435949), (6, 0.28313368420276797)]
[(4, 0.26417415406439965), (5, 0.22975264613494659)]
[(6, 0.39516717553988412)]
[(3, 0.45851593262073942), (4, 0.37436967341858812)]
[(6, 0.95371244432504887)]
[(2, 0.51022745738166331), (6, 0.32912263595920366)]
[(0, 0.56718978027163647)]
[(0, 0.20408542024960721), (4, 0.44674623822070691)]
[(6, 0.50456846945808009)]
[(0, 0.44135080463745469), (6, 0.28324003787519503)]
[(0, 0.27255880591346782), (6, 0.4894620784040839)]
[(3, 0.23863396106464702), (4, 0.21279785579980551), (6, 0.53611602635887479)]
[(2, 0.30121889996534817), (6, 0.2997233963140733)]
[(4, 0.61294283769374025), (6, 0.25726813627490019)]
[(0, 0.2505007634758718), (4, 0.60914285868850426)]
[(4, 0.56937362881545683)]
[(4, 0.58999534948880317), (6, 0.2474955341403294)]
[(4, 0.50347597297425939), (6, 0.22223758078328373)]
[(4, 0.43017249352656012), (6, 0.36156560789296605)]
[(4, 0.46333388503684714), (5, 0.24669387317409769)]
[(5, 0.34786732404816367), (6, 0.28309584305220026)]
[(4, 0.2641763503890569), (5, 0.22974535804745541)]
[(6, 0.39516671424217442)]
[(3, 0.45851491864997113), (4, 0.37436913236061853)]
[(6, 0.95370961878906058)]
[(2, 0.51022422162690562), (6, 0.32912061970205908)]
[(0, 0.56719214293137921)]
[(0, 0.20408550869719314), (4, 0.44674665165056054)]
[(6, 0.50456608904261702)]
[(0, 0.44135072181417367), (6, 0.28323951616753629)]
[(0, 0.27255452154689502), (6, 0.4894603753230054)]
[(3, 0.23863547667803453), (4, 0.2127992063239082), (6, 0.53611316086002825)]
[(2, 0.30121682231497121), (6, 0.29972364732692769)]
[(4, 0.61294983650035173), (6, 0.25726145800842259)]
[(0, 0.25050202737896388), (4, 0.60914481880867799)]
[(4, 0.56942953245917804)]
[(4, 0.59000013696809239), (6, 0.24749396770751858)]
[(4, 0.50347680722587096), (6, 0.22223888834962691)]
[(4, 0.43016734558398073), (6, 0.36156503216207958)]
[(4, 0.46333402062257278), (5, 0.24669361713179647)]
[(5, 0.34785862111956173), (6, 0.28314384348774463)]
[(4, 0.26416899467891303), (5, 0.22976103717540369)]
[(6, 0.39516676194188904)]
[(3, 0.45851217298344882), (4, 0.37436781520202672)]
[(6, 0.95371060439646682)]
[(2, 0.51023078022515034), (6, 0.32912471436340629)]
[(0, 0.56718914534006493)]
[(0, 0.20408500749072978), (4, 0.44674627225532554)]
[(6, 0.50456779657310158)]
[(0, 0.44135094205741493), (6, 0.28324119595861347)]
[(0, 0.27255807952193445), (6, 0.48945832438215386)]
[(3, 0.23862860525196689), (4, 0.21279365787508819), (6, 0.53612557700222896)]
[(2, 0.30121304626732465), (6, 0.29972424194275732)]
[(4, 0.61298831271388499), (6, 0.25722473072151847)]
[(0, 0.25049899391336677), (4, 0.60914031027068016)]
[(4, 0.56951327356979276)]
[(4, 0.58999510995529303), (6, 0.24749532204097027)]
[(4, 0.50348194244348943), (6, 0.22225828851375806)]
[(4, 0.43016436805277919), (6, 0.36156646513161345)]
[(4, 0.46333576612713678), (5, 0.24669531315791476)]
[(5, 0.34786697155925922), (6, 0.28309752865776938)]
[(4, 0.26415487387003495), (5, 0.22978915883315315)]
[(6, 0.39516671063066605)]
[(3, 0.45851297662701146), (4, 0.37436821410808768)]
[(6, 0.95370833023834356)]
[(2, 0.51022855271827816), (6, 0.32912239943810884)]
[(0, 0.56718598861135683)]
[(0, 0.20408552468974225), (4, 0.44674826986393429)]
[(6, 0.50456794376388292)]
[(0, 0.44135003709133364), (6, 0.28323440427748758)]
[(0, 0.27255457416382078), (6, 0.48945985076002863)]
[(3, 0.23863193953102485), (4, 0.21279617582463603), (6, 0.53611972683775633)]
[(2, 0.3012179586916065), (6, 0.29972350196012426)]
[(4, 0.61297731138792322), (6, 0.25723523263335651)]
[(0, 0.250498311516825), (4, 0.60913889899436668)]
[(4, 0.56939039961734794)]
[(4, 0.5899888095880873), (6, 0.24749694513579462)]
[(4, 0.50347876043444284), (6, 0.22224704778623006)]
[(4, 0.4301569664006088), (6, 0.36156684414289253)]
[(4, 0.4633297164688826), (5, 0.24669353061222721)]
[(5, 0.34786800725923811), (6, 0.2830938924294632)]
[(4, 0.26415381473668798), (5, 0.22979077215080759)]
[(6, 0.39516730729436633)]
[(3, 0.45851035610047469), (4, 0.37436689620964841)]
[(6, 0.95370907686286588)]
[(2, 0.51022895693323156), (6, 0.32912476426903114)]
[(0, 0.56719160664481816)]
[(0, 0.20408552124423768), (4, 0.44674942601155465)]
[(6, 0.50456461066734348)]
[(0, 0.44135055414655211), (6, 0.283238157253004)]
[(0, 0.27255582796681177), (6, 0.48946121652451413)]
[(3, 0.23863443711146265), (4, 0.21279845741469072), (6, 0.53611494897357104)]
[(2, 0.30121597527914862), (6, 0.29972377056002514)]
[(4, 0.6129555169348363), (6, 0.25725603479857384)]
[(0, 0.25049899290600119), (4, 0.60914001542112062)]
[(4, 0.56939965227549583)]
[(4, 0.58999779350301051), (6, 0.24749455273865031)]
[(4, 0.50348284300950463), (6, 0.22226151746752104)]
[(4, 0.43017820535802043), (6, 0.36156188826579622)]
[(4, 0.46333450486951899), (5, 0.24669427945902847)]
[(5, 0.34786023040536429), (6, 0.28310966301685891)]
[(4, 0.26416237522946873), (5, 0.22977196229607552)]
[(6, 0.39516684946350727)]
[(3, 0.4585189460550475), (4, 0.37437104184818049)]
[(6, 0.95371171902338159)]
[(2, 0.51022683448105677), (6, 0.32912078832258895)]
[(0, 0.56718941462860906)]
[(0, 0.20408547091989912), (4, 0.44674892138806782)]
[(6, 0.50456686991066746)]
[(0, 0.44135098687169677), (6, 0.28324154708512905)]
[(0, 0.27255937968226523), (6, 0.48945834314964048)]
[(3, 0.23863327551231567), (4, 0.21279752278380126), (6, 0.53611704471977606)]
[(2, 0.30121954207922752), (6, 0.29972333602534856)]
[(4, 0.61301653774059195), (6, 0.25719776756665114)]
[(0, 0.25049695739544381), (4, 0.60913776461553371)]
[(4, 0.56937642222185381)]
[(4, 0.58998608399364105), (6, 0.24749783976648301)]
[(4, 0.50348190566199746), (6, 0.22225827779490706)]
[(4, 0.43015841347332773), (6, 0.3615669616483505)]
[(4, 0.46333505686175946), (5, 0.2466939080886239)]
[(5, 0.3478618099756613), (6, 0.28312782759379446)]
[(4, 0.26416521451523362), (5, 0.22976626422244775)]
[(6, 0.39516668236157454)]
[(3, 0.45851141463678785), (4, 0.37436744167745817)]
[(6, 0.95371042534001504)]
[(2, 0.51022918647813853), (6, 0.32912342525051463)]
[(0, 0.56718903123140718)]
[(0, 0.20408505298388682), (4, 0.44674583553547809)]
[(6, 0.50456689083274853)]
[(0, 0.44135074052014234), (6, 0.28323951364995292)]
[(0, 0.27255478680620343), (6, 0.48946301318342234)]
[(3, 0.23863444331773653), (4, 0.21279846348005033), (6, 0.53611493666977428)]
[(2, 0.30121799294511858), (6, 0.29972349964554273)]
[(4, 0.61298257955628155), (6, 0.25723019988309753)]
[(0, 0.25050035219835143), (4, 0.60914212773678422)]
[(4, 0.56940096110249527)]
[(4, 0.58999833546089264), (6, 0.2474944265319054)]
[(4, 0.50347585511674342), (6, 0.22223742455927761)]
[(4, 0.43016450579934323), (6, 0.36156435536103476)]
[(4, 0.46333490213549827), (5, 0.24669376879104776)]
[(5, 0.34786262567144982), (6, 0.28312277223273902)]
[(4, 0.26415348979750586), (5, 0.22979114376826268)]
[(6, 0.39516678945515166)]
[(3, 0.4585157005517298), (4, 0.37436947516196079)]
[(6, 0.95371889160424772)]
[(2, 0.5102242321485676), (6, 0.3291191144882345)]
[(0, 0.56718822158276849)]
[(0, 0.20408568345533742), (4, 0.44674958701481676)]
[(6, 0.50456747151735681)]
[(0, 0.44135020203935299), (6, 0.28323546749573858)]
[(0, 0.27255034176501214), (6, 0.48945948891768953)]
[(3, 0.23863312879753382), (4, 0.21279716886641981), (6, 0.53611754523161026)]
[(2, 0.30121830544635497), (6, 0.29972346199446609)]
[(4, 0.61294740831861561), (6, 0.25726376696276304)]
[(0, 0.25050072491158104), (4, 0.60914303522642033)]
[(4, 0.56938850023762111)]
[(4, 0.58998607549940763), (6, 0.2474978224453345)]
[(4, 0.50348132531512368), (6, 0.22225563267184356)]
[(4, 0.43016958625528284), (6, 0.36156476239238411)]
[(4, 0.46332985518401248), (5, 0.24669604268291898)]
[(5, 0.34786869403079262), (6, 0.28310651961317868)]
[(4, 0.26416015710276902), (5, 0.22977901244035695)]
[(6, 0.39516733289495021)]
[(3, 0.45851806682594326), (4, 0.37437069861158945)]
[(6, 0.95370834852731823)]
[(2, 0.5102218600520626), (6, 0.32911836698259272)]
[(0, 0.56718477236807718)]
[(0, 0.20408546751444348), (4, 0.44674582647500749)]
[(6, 0.50456428943551623)]
[(0, 0.44134965645225149), (6, 0.2832320121781855)]
[(0, 0.27255202816986929), (6, 0.48945638776444284)]
[(3, 0.23863242934526252), (4, 0.21279674723588618), (6, 0.53611866597625668)]
[(2, 0.30121565029645081), (6, 0.29972381571746431)]
[(4, 0.61300918036447438), (6, 0.25720480369724319)]
[(0, 0.25050020153767011), (4, 0.60914167881456494)]
[(4, 0.56947710376475258)]
[(4, 0.58998921771871959), (6, 0.24749684529420157)]
[(4, 0.50347785918719934), (6, 0.22224356630518419)]
[(4, 0.43017129739000581), (6, 0.36156431526669452)]
[(4, 0.46333679653444498), (5, 0.24669498797895503)]
[(5, 0.34786709219673601), (6, 0.2831061662023967)]
[(4, 0.26415455161171048), (5, 0.22978947155889784)]
[(6, 0.39516710431915458)]
[(3, 0.45851566422606743), (4, 0.37436959405260506)]
[(6, 0.95371060457918699)]
[(2, 0.510230584098744), (6, 0.32912479916355392)]
[(0, 0.56718950031301241)]
[(0, 0.20408550624188812), (4, 0.44674894277378963)]
[(6, 0.50456517662545242)]
[(0, 0.44135089756651741), (6, 0.28324080905442872)]
[(0, 0.27255558212630909), (6, 0.48945964971101197)]
[(3, 0.23863532585908107), (4, 0.21279907589852265), (6, 0.53611344203674538)]
[(2, 0.30121654597722985), (6, 0.29972368660689752)]
[(4, 0.61299692430952546), (6, 0.25721650966329246)]
[(0, 0.25049975043072437), (4, 0.60914191867041401)]
[(4, 0.56943670197983365)]
[(4, 0.58999239827442873), (6, 0.24749644205484422)]
[(4, 0.50348213647533402), (6, 0.22225948756698666)]
[(4, 0.43016365273268514), (6, 0.36156759992546478)]
[(4, 0.46333516157487631), (5, 0.24669395131807964)]
[(5, 0.34786193905056095), (6, 0.28312108614953702)]
[(4, 0.2641599319164013), (5, 0.22977696782822216)]
[(6, 0.39516696711699095)]
[(3, 0.4585169925595709), (4, 0.37437013225635296)]
[(6, 0.95371020448078714)]
[(2, 0.51022637163419959), (6, 0.32912093647258545)]
[(0, 0.56719145400138304)]
[(0, 0.20408521852649963), (4, 0.44674670640367803)]
[(6, 0.50456601049123184)]
[(0, 0.44135032437003768), (6, 0.28323640623680763)]
[(0, 0.2725611939609941), (6, 0.48945962301096835)]
[(3, 0.23863190261484726), (4, 0.2127965491182047), (6, 0.53611939063739045)]
[(2, 0.30121828380157922), (6, 0.29972345657159111)]
[(4, 0.61296888782168801), (6, 0.25724327296341104)]
[(0, 0.25050254920795129), (4, 0.60914579427968496)]
[(4, 0.56943994681429955)]
[(4, 0.58998375385709001), (6, 0.24749877541274262)]
[(4, 0.50347544989914128), (6, 0.22223548933165926)]
[(4, 0.43017649197690327), (6, 0.36155967284772667)]
[(4, 0.46333597677663968), (5, 0.24669483273566412)]
[(5, 0.34786674417044539), (6, 0.28309970401935575)]
[(4, 0.26416933067362919), (5, 0.22976075818260674)]
[(6, 0.39516669708357888)]
[(3, 0.45851185516841464), (4, 0.37436747549183802)]
[(6, 0.95370771368690321)]
[(2, 0.51022517045761995), (6, 0.32911966853994512)]
[(0, 0.56718891016114226)]
[(0, 0.20408601413529784), (4, 0.44674490706233344)]
[(6, 0.50456729190211069)]
[(0, 0.44135090336764493), (6, 0.28324090236706634)]
[(0, 0.27255548326292106), (6, 0.48945929804225535)]
[(3, 0.23863333951166252), (4, 0.2127977194324065), (6, 0.53611678412323127)]
[(2, 0.30121934596596373), (6, 0.29972334923084193)]
[(4, 0.61300534770554038), (6, 0.25720846439949463)]
[(0, 0.25049949389972909), (4, 0.60914129804223027)]
[(4, 0.56940505252387275)]
[(4, 0.58998975695424671), (6, 0.24749741207410345)]
[(4, 0.50348229324159177), (6, 0.22225996312639174)]
[(4, 0.43016914740970713), (6, 0.36156239417168484)]
[(4, 0.46333437153850698), (5, 0.24669426228334371)]
[(5, 0.34786146896219156), (6, 0.28313333647603373)]
[(4, 0.26415536951377788), (5, 0.22978772291459831)]
[(6, 0.39516678110695364)]
[(3, 0.45851272312771152), (4, 0.37436789626220451)]
[(6, 0.95370888205716586)]
[(2, 0.51023312576586755), (6, 0.32912561404893864)]
[(0, 0.56718550835771009)]
[(0, 0.20408519486269941), (4, 0.44674608000086385)]
[(6, 0.50456831108740197)]
[(0, 0.44135090826314172), (6, 0.28324102326150102)]
[(0, 0.27256269474567257), (6, 0.48945902735980884)]
[(3, 0.23862931038401197), (4, 0.21279411285641933), (6, 0.53612441726360427)]
[(2, 0.30121884029539425), (6, 0.29972339818749744)]
[(4, 0.61295505814781293), (6, 0.25725647161069304)]
[(0, 0.2505002476274098), (4, 0.609141917866034)]
[(4, 0.56941700628339098)]
[(4, 0.58998902237596118), (6, 0.24749690429239232)]
[(4, 0.50348190384549762), (6, 0.22225841150390332)]
[(4, 0.43017464857841575), (6, 0.36155890227366083)]
[(4, 0.4633311858101738), (5, 0.24669607133555041)]
[(5, 0.34786688703858798), (6, 0.28309905199306135)]
[(4, 0.2641587276783835), (5, 0.229778878816431)]
[(6, 0.39516677676382245)]
[(3, 0.45851604811356078), (4, 0.37436966055718068)]
[(6, 0.95370850697777598)]
[(2, 0.51022626340569111), (6, 0.32911816690450668)]
[(0, 0.5671897981474785)]
[(0, 0.20408503770815808), (4, 0.44674725483498512)]
[(6, 0.50456879842891977)]
[(0, 0.44135063609752906), (6, 0.28323868955234266)]
[(0, 0.27255679161743718), (6, 0.4894574901726001)]
[(3, 0.23863062464456045), (4, 0.21279530501509572), (6, 0.53612191191988257)]
[(2, 0.30121864754051808), (6, 0.29972342055045831)]
[(4, 0.61298317745215747), (6, 0.25722961588216309)]
[(0, 0.25049811378617309), (4, 0.60913907754582908)]
[(4, 0.56942216374848198)]
[(4, 0.58999377118518703), (6, 0.24749550054978076)]
[(4, 0.50347869242991294), (6, 0.22224684405024203)]
[(4, 0.43016542304571936), (6, 0.36156667691807742)]
[(4, 0.46332970545394653), (5, 0.24669523137076463)]
[(5, 0.34786710409888483), (6, 0.28309004313844943)]
[(4, 0.26415508558326151), (5, 0.22978816481977343)]
[(6, 0.39516716987409795)]
[(3, 0.45851152727155309), (4, 0.37436753823757679)]
[(6, 0.95370960517602932)]
[(2, 0.51022610727096185), (6, 0.3291203894062707)]
[(0, 0.56719160619534137)]
[(0, 0.20408553835051224), (4, 0.44674837701721709)]
[(6, 0.50456807351478494)]
[(0, 0.44135042575407396), (6, 0.28323706177311481)]
[(0, 0.27255550645348997), (6, 0.48946033377984283)]
[(3, 0.2386240727590952), (4, 0.212792914445605), (6, 0.53613085168966401)]
[(2, 0.30121424681594167), (6, 0.29972404160680016)]
[(4, 0.61296841998064289), (6, 0.25724371861268808)]
[(0, 0.25049353013080772), (4, 0.60913217640302508)]
[(4, 0.56940257551271189)]
[(4, 0.58998769131266637), (6, 0.24749735302208664)]
[(4, 0.50347743948486634), (6, 0.22224150904331186)]
[(4, 0.43016025908750405), (6, 0.36156557380424587)]
[(4, 0.46333250443810831), (5, 0.24669617657773915)]
[(5, 0.34786112617581555), (6, 0.28313074427348484)]
[(4, 0.26416160913215136), (5, 0.22977736804612103)]
[(6, 0.39516670149602073)]
[(3, 0.45851571474154917), (4, 0.37436951173603944)]
[(6, 0.95371045575676927)]
[(2, 0.51022962229865454), (6, 0.32912231708393402)]
[(0, 0.56718929092454828)]
[(0, 0.20408579427564255), (4, 0.44674921718436889)]
[(6, 0.50456824697671021)]
[(0, 0.44135077743717671), (6, 0.28323978065911426)]
[(0, 0.27255587242560797), (6, 0.48945893098695198)]
[(3, 0.23863465560302488), (4, 0.21279873036177846), (6, 0.53611445765697541)]
[(2, 0.30121401259280128), (6, 0.29972405309717898)]
[(4, 0.61295368957497565), (6, 0.25725777917433562)]
[(0, 0.25049513281418928), (4, 0.60913516828973369)]
[(4, 0.56936594921983241)]
[(4, 0.58999498199898737), (6, 0.24749535032415632)]
[(4, 0.50347556901464019), (6, 0.22223558490426876)]
[(4, 0.43016263711746616), (6, 0.36156629567658888)]
[(4, 0.46333470890974254), (5, 0.24669375977625227)]
[(5, 0.34786825310957686), (6, 0.28310971586520445)]
[(4, 0.26415767722106137), (5, 0.22978365419714011)]
[(6, 0.39516721526788501)]
[(3, 0.45851302747122075), (4, 0.37436820846416924)]
[(6, 0.95370820039852389)]
[(2, 0.51022635701080343), (6, 0.32912120255217525)]
[(0, 0.56719622262365499)]
[(0, 0.20408547553278361), (4, 0.44674872910030644)]
[(6, 0.50456711182824865)]
[(0, 0.44134990580256511), (6, 0.2832335945013712)]
[(0, 0.27256852437005458), (6, 0.48946146582291283)]
[(3, 0.23863579089470693), (4, 0.21279940943875963), (6, 0.53611264362556621)]
[(2, 0.30121844290351718), (6, 0.29972344992489897)]
[(4, 0.61297522439836694), (6, 0.25723722464985438)]
[(0, 0.25049951970250084), (4, 0.60914081434782252)]
[(4, 0.56942951361294192)]
[(4, 0.58998663337811852), (6, 0.2474979639916324)]
[(4, 0.50348196560264913), (6, 0.22225840466399185)]
[(4, 0.43017132307308531), (6, 0.36156271663261913)]
[(4, 0.46333513438447571), (5, 0.2466942776428008)]
[(5, 0.34786453949509871), (6, 0.2831089294621939)]
[(4, 0.26417381642052246), (5, 0.22974833270786865)]
[(6, 0.39516690307678942)]
[(3, 0.4585127499338903), (4, 0.37436809685065592)]
[(6, 0.95370887236079349)]
[(2, 0.51022911340902921), (6, 0.3291212722753854)]
[(0, 0.56719223046496592)]
[(0, 0.20408535076132775), (4, 0.44674791126514035)]
[(6, 0.50456824837381742)]
[(0, 0.44135081999563125), (6, 0.2832400735325763)]
[(0, 0.27256120198613171), (6, 0.48946245204074984)]
[(3, 0.23862974946900076), (4, 0.21279470958622526), (6, 0.53612338191321673)]
[(2, 0.30121050463405213), (6, 0.29972468977320277)]
[(4, 0.61295155865671336), (6, 0.2572598141407752)]
[(0, 0.25049506265387378), (4, 0.60913467950553402)]
[(4, 0.56939160614193396)]
[(4, 0.58999153026338202), (6, 0.24749620868780026)]
[(4, 0.5034767176235182), (6, 0.22223892280407809)]
[(4, 0.43017637418750321), (6, 0.36156032311007913)]
[(4, 0.46333452003299519), (5, 0.24669448688121912)]
[(5, 0.34786775270847575), (6, 0.2831147107859574)]
[(4, 0.26417239431136397), (5, 0.22975384350989927)]
[(6, 0.39516685063473861)]
[(3, 0.45851112909450725), (4, 0.37436720877919016)]
[(6, 0.95370905430038966)]
[(2, 0.51023525897139288), (6, 0.32912835629291848)]
[(0, 0.5671857294498408)]
[(0, 0.20408530614112463), (4, 0.4467452345981851)]
[(6, 0.50456447457364517)]
[(0, 0.44135054840992), (6, 0.28323797141086415)]
[(0, 0.27256054814396219), (6, 0.48945821728900785)]
[(3, 0.2386353623249238), (4, 0.21279928558649755), (6, 0.53611319596533358)]
[(2, 0.30121687091359473), (6, 0.29972364080185127)]
[(4, 0.6130233553010952), (6, 0.2571912688367276)]
[(0, 0.25050281694152626), (4, 0.6091458674977982)]
[(4, 0.56942138718081448)]
[(4, 0.58999011510639943), (6, 0.24749667708703385)]
[(4, 0.50348254955202099), (6, 0.22226044744761014)]
[(4, 0.43016338187222763), (6, 0.36157062776970128)]
[(4, 0.46333090968495017), (5, 0.24669520253579499)]
[(5, 0.34786653367529985), (6, 0.28311339140992964)]
[(4, 0.26417048999864551), (5, 0.22975768226623369)]
[(6, 0.39516668279945399)]
[(3, 0.45851735596846305), (4, 0.37437031307211532)]
[(6, 0.95371902304298029)]
[(2, 0.51022824162761771), (6, 0.32912262927670016)]
[(0, 0.56717900711988778)]
[(0, 0.20408531308946423), (4, 0.44674624481958619)]
[(6, 0.50456513347143372)]
[(0, 0.44135028417972155), (6, 0.28323625673121167)]
[(0, 0.27255570215794434), (6, 0.48945683461517853)]
[(3, 0.23863219441095665), (4, 0.21279653883850921), (6, 0.53611910913156857)]
[(2, 0.30121438061486427), (6, 0.29972401638725521)]
[(4, 0.61298946994031689), (6, 0.25722362603437082)]
[(0, 0.25049852937016132), (4, 0.60913988804547203)]
[(4, 0.5694179502607315)]
[(4, 0.58998847755233208), (6, 0.24749800971882371)]
[(4, 0.50348268174025967), (6, 0.22226042312471586)]
[(4, 0.4301577541616512), (6, 0.3615658820301349)]
[(4, 0.46333436528379318), (5, 0.2466936326847898)]
[(5, 0.34786728735050593), (6, 0.28310132741131777)]
[(4, 0.26416211405086576), (5, 0.22977655069060629)]
[(6, 0.39516717410153934)]
[(3, 0.45851739812006548), (4, 0.37437028286541341)]
[(6, 0.95370919272426691)]
[(2, 0.51023018325391389), (6, 0.32912374283309603)]
[(0, 0.56718975359895218)]
[(0, 0.20408552300638794), (4, 0.44674814003583219)]
[(6, 0.5045670862140178)]
[(0, 0.44135063623854487), (6, 0.28323856961479632)]
[(0, 0.27255793820895019), (6, 0.48945715044114557)]
[(3, 0.23863047786861735), (4, 0.21279522777829335), (6, 0.53612213581793144)]
[(2, 0.30121619704549557), (6, 0.29972373409151448)]
[(4, 0.61294816568692556), (6, 0.25726304895856361)]
[(0, 0.25049864734986416), (4, 0.60913988526181062)]
[(4, 0.56949627556200155)]
[(4, 0.5899836455703108), (6, 0.24749854370546873)]
[(4, 0.50347936069457966), (6, 0.22224870463127969)]
[(4, 0.43017516995795924), (6, 0.36156385997220414)]
[(4, 0.46333483981283757), (5, 0.24669292191765327)]
[(5, 0.34786662829263337), (6, 0.28311780381769591)]
[(4, 0.26416709656227549), (5, 0.22976526457387858)]
[(6, 0.39516689686880968)]
[(3, 0.45851533753065143), (4, 0.37436930027375331)]
[(6, 0.95370734806217838)]
[(2, 0.51022366287663257), (6, 0.32912058264732907)]
[(0, 0.5671916758287201)]
[(0, 0.20408526680485686), (4, 0.44674584079032925)]
[(6, 0.50456429667404312)]
[(0, 0.44135095001489577), (6, 0.28324127764986584)]
[(0, 0.27255823628574777), (6, 0.48945887590689779)]
[(3, 0.23862884696899603), (4, 0.21279430636972674), (6, 0.53612468740271335)]
[(2, 0.30121563806012314), (6, 0.29972380535102594)]
[(4, 0.61298712363656072), (6, 0.25722586444685913)]
[(0, 0.25049813428726364), (4, 0.60913909907943342)]
[(4, 0.56939357824388992)]
[(4, 0.58999346681606035), (6, 0.24749609412211143)]
[(4, 0.50347615658356926), (6, 0.22223671575418322)]
[(4, 0.43016022840731033), (6, 0.36156770173428382)]
[(4, 0.46333505186436857), (5, 0.24669471780407601)]
[(5, 0.34786581166121694), (6, 0.28311489287040231)]
[(4, 0.26417260638533024), (5, 0.229755454376912)]
[(6, 0.3951667042980726)]
[(3, 0.45851348998605046), (4, 0.37436827412889234)]
[(6, 0.95371190572811881)]
[(2, 0.51022604561031915), (6, 0.32912012224377379)]
[(0, 0.56718892977855617)]
[(0, 0.20408522926300013), (4, 0.44674620690217853)]
[(6, 0.50456817849190705)]
[(0, 0.4413502767985048), (6, 0.28323596361337999)]
[(0, 0.2725522200232961), (6, 0.4894579988053453)]
[(3, 0.23863332773408616), (4, 0.21279756910587019), (6, 0.53611694620710604)]
[(2, 0.30121755998831956), (6, 0.29972355461431494)]
[(4, 0.61295413028386614), (6, 0.25725735663860588)]
[(0, 0.25050032945420936), (4, 0.60914265210554208)]
[(4, 0.56940211762187487)]
[(4, 0.58999719532919048), (6, 0.24749489682085582)]
[(4, 0.50347637767769948), (6, 0.22223849615095129)]
[(4, 0.43016975330009666), (6, 0.36156469613251319)]
[(4, 0.46333053751207409), (5, 0.24669585060117583)]
[(5, 0.3478620922909027), (6, 0.28312846307112632)]
[(4, 0.26415293755191371), (5, 0.22979281127676193)]
[(6, 0.39516700504305319)]
[(3, 0.45851731374317611), (4, 0.37437034774667466)]
[(6, 0.95370748812025907)]
[(2, 0.5102252476740613), (6, 0.32911929108068161)]
[(0, 0.56719484663642883)]
[(0, 0.20408551129134703), (4, 0.44674938423035271)]
[(6, 0.50456865247222649)]
[(0, 0.44134994498646962), (6, 0.28323372166048733)]
[(0, 0.27255739777976951), (6, 0.48945933621732685)]
[(3, 0.23863480952374724), (4, 0.21279873321872653), (6, 0.53611430091367629)]
[(2, 0.30120938306107004), (6, 0.29972490048931738)]
[(4, 0.61294255330480085), (6, 0.25726840750706598)]
[(0, 0.25050059205570513), (4, 0.60914241246314527)]
[(4, 0.56941109980058446)]
[(4, 0.58998338049078447), (6, 0.24749886292631235)]
[(4, 0.50348206854860955), (6, 0.22225901540791562)]
[(4, 0.43015751611171232), (6, 0.36156848433712691)]
[(4, 0.46333421379956141), (5, 0.24669320156821858)]
[(5, 0.34786622658041738), (6, 0.28312191583271473)]
[(4, 0.26415705699410746), (5, 0.2297848561813283)]
[(6, 0.39516718908769444)]
[(3, 0.4585125112550657), (4, 0.37436785948558249)]
[(6, 0.95370713037055854)]
[(2, 0.51022264634339776), (6, 0.32911928683612962)]
[(0, 0.56718701728441201)]
[(0, 0.20408552752511408), (4, 0.44674863344883081)]
[(6, 0.50456788254546636)]
[(0, 0.44135087526696165), (6, 0.2832406648930253)]
[(0, 0.27255216504458091), (6, 0.48945790256309279)]
[(3, 0.23863192703944008), (4, 0.2127968101676255), (6, 0.53611910537669993)]
[(2, 0.3012092089111465), (6, 0.29972494894452134)]
[(4, 0.61300093995525262), (6, 0.25721267547718157)]
[(0, 0.2504989016270861), (4, 0.60914009055625573)]
[(4, 0.56942453263238002)]
[(4, 0.58998565271586256), (6, 0.24749787933638878)]
[(4, 0.50348175244208837), (6, 0.22225793292980683)]
[(4, 0.43015664125681208), (6, 0.36156917348634593)]
[(4, 0.46333524420871297), (5, 0.24669474769073457)]
[(5, 0.34786404172803892), (6, 0.28308165307091399)]
[(4, 0.26415509945682236), (5, 0.22978750811184137)]
[(6, 0.39516668233073926)]
[(3, 0.45851849322000005), (4, 0.37437096355431021)]
[(6, 0.95370915473036622)]
[(2, 0.51022846392722232), (6, 0.32912173563165231)]
[(0, 0.56718880727711707)]
[(0, 0.20408539319517247), (4, 0.44674644567219035)]
[(6, 0.50456823009133778)]
[(0, 0.4413509541029802), (6, 0.283241313275227)]
[(0, 0.27255064091053732), (6, 0.48945852005512425)]
[(3, 0.23863434774019893), (4, 0.21279845147956652), (6, 0.53611504428757617)]
[(2, 0.30121436308154126), (6, 0.29972402092513784)]
[(4, 0.61298184217371421), (6, 0.25723090785700514)]
[(0, 0.25050063006037793), (4, 0.60914223855292748)]
[(4, 0.56942950576300055)]
[(4, 0.58998908183054277), (6, 0.24749688118079913)]
[(4, 0.5034752627895116), (6, 0.2222348731321539)]
[(4, 0.43016602429825745), (6, 0.36156390781753878)]
[(4, 0.46333248836213886), (5, 0.24669572752038565)]
[(5, 0.34786007724306528), (6, 0.28313964533715197)]
[(4, 0.26415998501782861), (5, 0.22977997786433438)]
[(6, 0.39516686235925225)]
[(3, 0.45851612515252166), (4, 0.37436969024638694)]
[(6, 0.95370951764215828)]
[(2, 0.51022763335147869), (6, 0.32912095611412401)]
[(0, 0.56718877243560306)]
[(0, 0.20408564181549879), (4, 0.44674777546637917)]
[(6, 0.50456495102366417)]
[(0, 0.44135096608222124), (6, 0.28324136325784477)]
[(0, 0.27256336530805086), (6, 0.48945917355035928)]
[(3, 0.23863236304277358), (4, 0.21279681130873762), (6, 0.53611866822782606)]
[(2, 0.30121909796267937), (6, 0.29972337665051901)]
[(4, 0.61294646828837818), (6, 0.25726466980220791)]
[(0, 0.25049976936677731), (4, 0.60914124146754567)]
[(4, 0.56940631834813782)]
[(4, 0.58998981370132708), (6, 0.24749671474544199)]
[(4, 0.50347544172778869), (6, 0.22223444712111362)]
[(4, 0.43017945887722725), (6, 0.36156068296064042)]
[(4, 0.46333259119537923), (5, 0.24669630616994845)]
[(5, 0.34786059913313871), (6, 0.28313212624451051)]
[(4, 0.26416763736984822), (5, 0.22976294037839518)]
[(6, 0.39516675541815804)]
[(3, 0.4585136095326085), (4, 0.37436839296749852)]
[(6, 0.95370792884529176)]
[(2, 0.51022788352817205), (6, 0.32912261764553696)]
[(0, 0.56718825423948083)]
[(0, 0.2040855282612567), (4, 0.44674952032594611)]
[(6, 0.50456874500773952)]
[(0, 0.44135079289244561), (6, 0.28323989330579452)]
[(0, 0.27255404872792094), (6, 0.4894621575839696)]
[(3, 0.23863455139527892), (4, 0.21279840716456819), (6, 0.53611488494168424)]
[(2, 0.30121859848886134), (6, 0.29972343428863496)]
[(4, 0.61298034110213107), (6, 0.25723232623646786)]
[(0, 0.25049927233106045), (4, 0.609141235320245)]
[(4, 0.56943675737326005)]
[(4, 0.58998476484429663), (6, 0.24749833986171801)]
[(4, 0.50348084948417404), (6, 0.2222546342091713)]
[(4, 0.43016866775053447), (6, 0.36156227704457627)]
[(4, 0.46333325257509117), (5, 0.24669716066582872)]
[(5, 0.34785750706257218), (6, 0.28316967946079163)]
[(4, 0.26417190876307467), (5, 0.2297550990120909)]
[(6, 0.3951674370683716)]
[(3, 0.45851508105480376), (4, 0.37436938979156287)]
[(6, 0.9537132674956792)]
[(2, 0.51022550620116935), (6, 0.3291223969652754)]
[(0, 0.56719168796952302)]
[(0, 0.20408531630307422), (4, 0.44674774665066896)]
[(6, 0.50456877401736588)]
[(0, 0.44135097642321358), (6, 0.2832414708619202)]
[(0, 0.27255527594370704), (6, 0.48945959717981252)]
[(3, 0.23863245608595643), (4, 0.21279685756767702), (6, 0.53611852895270917)]
[(2, 0.30121901708003007), (6, 0.29972338475813309)]
[(4, 0.61302048251288876), (6, 0.25719399062166581)]
[(0, 0.25049751594109798), (4, 0.60913823049602711)]
[(4, 0.56940161507996001)]
[(4, 0.58999108850289605), (6, 0.24749638029439902)]
[(4, 0.50347596561879049), (6, 0.22223620151741472)]
[(4, 0.43015748351953559), (6, 0.36156433941970595)]
[(4, 0.46333637161138908), (5, 0.24669496663365795)]
[(5, 0.34786009551265362), (6, 0.28313571903299795)]
[(4, 0.26416893418824633), (5, 0.2297623679783152)]
[(6, 0.39516735557991478)]
[(3, 0.45851241803972409), (4, 0.37436797961602564)]
[(6, 0.95370716133263289)]
[(2, 0.51022874273898255), (6, 0.32912391280386444)]
[(0, 0.56718435706364878)]
[(0, 0.20408549991613253), (4, 0.44674784338559359)]
[(6, 0.50456522957358874)]
[(0, 0.44135092707174634), (6, 0.28324100874051927)]
[(0, 0.27255916594728674), (6, 0.48945899997305059)]
[(3, 0.23863605542191935), (4, 0.21279928724279351), (6, 0.53611250130632404)]
[(2, 0.30121597742887946), (6, 0.29972376331597161)]
[(4, 0.61295549972134333), (6, 0.25725605119549971)]
[(0, 0.25050285728144106), (4, 0.60914560234802173)]
[(4, 0.56938742744507864)]
[(4, 0.58999671188922276), (6, 0.24749484769979133)]
[(4, 0.50347611059815844), (6, 0.22223917105761004)]
[(4, 0.43016267103154943), (6, 0.36156625201203429)]
[(4, 0.4633342928953324), (5, 0.24669337772830741)]
[(5, 0.34785794475359211), (6, 0.28315043185596134)]
[(4, 0.26415325636020703), (5, 0.22979104711905107)]
[(6, 0.39516692047177759)]
[(3, 0.45851665170321565), (4, 0.3743699672874311)]
[(6, 0.95370977380589506)]
[(2, 0.51022600700841869), (6, 0.32912116211526149)]
[(0, 0.56718422833381377)]
[(0, 0.20408512233617965), (4, 0.44674502308078617)]
[(6, 0.50456806540282162)]
[(0, 0.44134978387798474), (6, 0.28323277923676982)]
[(0, 0.27255617043498337), (6, 0.48945923007829717)]
[(3, 0.23863388866034413), (4, 0.21279776634168662), (6, 0.53611618816674533)]
[(2, 0.30121653528271658), (6, 0.29972368667730143)]
[(4, 0.61299581619698462), (6, 0.25721756710777294)]
[(0, 0.25049932440891287), (4, 0.60914008890320859)]
[(4, 0.56940659239021929)]
[(4, 0.59000158101132705), (6, 0.24749408790353863)]
[(4, 0.5034823061953031), (6, 0.22225962413063383)]
[(4, 0.43016591508504226), (6, 0.3615650872495883)]
[(4, 0.46333094890414589), (5, 0.24669535231166534)]
[(5, 0.34786760227584718), (6, 0.2831151072380671)]
[(4, 0.26415414728603009), (5, 0.22979051282215046)]
[(6, 0.39516675309938154)]
[(3, 0.45851805673748353), (4, 0.37437062091699258)]
[(6, 0.95371045833727197)]
[(2, 0.51022324983558531), (6, 0.32911818887644267)]
[(0, 0.56719138451504914)]
[(0, 0.2040854227913686), (4, 0.44674874028024536)]
[(6, 0.50456812530665329)]
[(0, 0.44135085423055881), (6, 0.28324047064869257)]
[(0, 0.27255555166228257), (6, 0.4894583523725014)]
[(3, 0.23863526457811576), (4, 0.21279897196755848), (6, 0.53611360723722201)]
[(2, 0.30121431135607213), (6, 0.29972402625282679)]
[(4, 0.61296717696160175), (6, 0.25724490480961065)]
[(0, 0.25049878942871101), (4, 0.60913955455352131)]
[(4, 0.56943970236822306)]
[(4, 0.58999774971678376), (6, 0.24749484987562453)]
[(4, 0.50348214455240614), (6, 0.22225863213508798)]
[(4, 0.43015175075096435), (6, 0.36156926515283322)]
[(4, 0.46333423143258956), (5, 0.24669402773442317)]
[(5, 0.34786614929285353), (6, 0.28312182619889553)]
[(4, 0.26415516710256787), (5, 0.22978789992576873)]
[(6, 0.39516694427252508)]
[(3, 0.45851283930628683), (4, 0.37436826330364237)]
[(6, 0.95370817150243525)]
[(2, 0.51022709694538171), (6, 0.32912268246164705)]
[(0, 0.56719192498325954)]
[(0, 0.20408569436352392), (4, 0.44674947350964395)]
[(6, 0.50456871438943107)]
[(0, 0.44135022612740415), (6, 0.28323576551968649)]
[(0, 0.27255862299210221), (6, 0.48945836886792027)]
[(3, 0.23863018652305734), (4, 0.21279534570577791), (6, 0.53612230927882853)]
[(2, 0.3012175993815272), (6, 0.29972354458971756)]
[(4, 0.61297349491188224), (6, 0.25723887754055991)]
[(0, 0.25050339155444173), (4, 0.60914704119404284)]
[(4, 0.56938785756735366)]
[(4, 0.58999150714677195), (6, 0.24749644491021336)]
[(4, 0.50348295499808138), (6, 0.22226142588038122)]
[(4, 0.43017084904708525), (6, 0.36156276951617122)]
[(4, 0.46333579447745898), (5, 0.24669475309284519)]
[(5, 0.34785898051067926), (6, 0.28314120219959771)]
[(4, 0.26415573158892669), (5, 0.22978414354762122)]
[(6, 0.39516696579148269)]
[(3, 0.45851506490722399), (4, 0.37436925872686705)]
[(6, 0.95370903393826811)]
[(2, 0.51022874973864341), (6, 0.32912193759520864)]
[(0, 0.56718632667760438)]
[(0, 0.20408519510117981), (4, 0.44674505668595349)]
[(6, 0.50456436272375749)]
[(0, 0.4413506082126909), (6, 0.28323837220369685)]
[(0, 0.27255834915202748), (6, 0.48945775109268247)]
[(3, 0.23863406249073107), (4, 0.21279801563694953), (6, 0.53611576517668635)]
[(2, 0.30121587946390566), (6, 0.29972378472074102)]
[(4, 0.6129812893842207), (6, 0.2572314333537144)]
[(0, 0.2505046854111605), (4, 0.60914848817844935)]
[(4, 0.56939343005174137)]
[(4, 0.58999338123581979), (6, 0.2474957602220787)]
[(4, 0.50348261766081426), (6, 0.22226037115950351)]
[(4, 0.43016875777139796), (6, 0.36156108074462689)]
[(4, 0.46333660673958543), (5, 0.24669485455509907)]
[(5, 0.34786799933955215), (6, 0.28311053047111268)]
[(4, 0.2641722664353498), (5, 0.22975425428209839)]
[(6, 0.39516694482183407)]
[(3, 0.45851779236815182), (4, 0.37437057876457408)]
[(6, 0.95370997022674653)]
[(2, 0.51022668283331329), (6, 0.32912168319808949)]
[(0, 0.56718531105378589)]
[(0, 0.20408554994407652), (4, 0.44674837480707269)]
[(6, 0.50456889950267692)]
[(0, 0.44135051703766731), (6, 0.28323770986503627)]
[(0, 0.27256285591753121), (6, 0.48946150096572971)]
[(3, 0.23863574299686036), (4, 0.21279941013287532), (6, 0.53611269081352941)]
[(2, 0.30121621403507887), (6, 0.29972373156036664)]
[(4, 0.61294718932412462), (6, 0.25726398364077896)]
[(0, 0.25050152933169628), (4, 0.60914446148885404)]
[(4, 0.56944539345299972)]
[(4, 0.58999434155920005), (6, 0.24749546835130506)]
[(4, 0.50347580539869885), (6, 0.22223572747967318)]
[(4, 0.43015968643895697), (6, 0.36156369691941631)]
[(4, 0.4633315563767787), (5, 0.24669493811575993)]
[(5, 0.34786184585877833), (6, 0.28312643259027925)]
[(4, 0.26417000321291406), (5, 0.22976064044054248)]
[(6, 0.3951667241289894)]
[(3, 0.45851260692929213), (4, 0.37436790577208917)]
[(6, 0.95370882072603058)]
[(2, 0.51023094887496245), (6, 0.32912526174435813)]
[(0, 0.56718826628970842)]
[(0, 0.20408487892917296), (4, 0.44674597809951921)]
[(6, 0.50456774181920649)]
[(0, 0.44135035358736746), (6, 0.28323652118458664)]
[(0, 0.27256418701591723), (6, 0.4894681850532081)]
[(3, 0.23863509841071964), (4, 0.21279899574905584), (6, 0.53611374957955771)]
[(2, 0.30121320534991036), (6, 0.2997242007880081)]
[(4, 0.61301400903097225), (6, 0.25720019341401906)]
[(0, 0.25050288583663372), (4, 0.60914573478284118)]
[(4, 0.56940124286637894)]
[(4, 0.58999071764632915), (6, 0.24749637435021024)]
[(4, 0.50348277888460835), (6, 0.22226137201623267)]
[(4, 0.43016542995441936), (6, 0.36156401936085131)]
[(4, 0.46333485259630852), (5, 0.24669480206630212)]
[(5, 0.34786597075189774), (6, 0.28310580304034089)]
[(4, 0.2641739381613214), (5, 0.22975027280737198)]
[(6, 0.3951673580994407)]
[(3, 0.45851294406740639), (4, 0.3743681839048027)]
[(6, 0.9537099505919342)]
[(2, 0.51022642923255157), (6, 0.32912011402071778)]
[(0, 0.56718847287654817)]
[(0, 0.20408577123758853), (4, 0.44674755672321803)]
[(6, 0.50456799615350068)]
[(0, 0.44135004875086142), (6, 0.28323444008380233)]
[(0, 0.27256173508541276), (6, 0.48945840006994451)]
[(3, 0.23862595511255086), (4, 0.21279250210388573), (6, 0.53612938137460386)]
[(2, 0.30121783941964242), (6, 0.29972351390084456)]
[(4, 0.61299933866469403), (6, 0.25721420038330256)]
[(0, 0.25049922468207275), (4, 0.60914036085848944)]
[(4, 0.56942732728985834)]
[(4, 0.5899853335532631), (6, 0.24749815946812947)]
[(4, 0.50347588672113963), (6, 0.22223676788945124)]
[(4, 0.43015735276891154), (6, 0.3615686502320245)]
[(4, 0.46333009229272104), (5, 0.24669566912757074)]
[(5, 0.34786725607852209), (6, 0.28310108198784689)]
[(4, 0.26415545822327252), (5, 0.22978798422917171)]
[(6, 0.39516711717126002)]
[(3, 0.45851314553699307), (4, 0.37436818543368611)]
[(6, 0.9537091725999125)]
[(2, 0.5102325636350391), (6, 0.32912776759479806)]
[(0, 0.56719235407113022)]
[(0, 0.20408537283673717), (4, 0.44674718113137929)]
[(6, 0.50456440403007763)]
[(0, 0.44135039579970436), (6, 0.28323680100895721)]
[(0, 0.27256106078993708), (6, 0.48946152999700693)]
[(3, 0.23863249979453285), (4, 0.21279688474088773), (6, 0.5361184581002717)]
[(2, 0.30121627184638128), (6, 0.29972372968017646)]
[(4, 0.61298744598059185), (6, 0.25722554523801588)]
[(0, 0.25050327285676355), (4, 0.60914627671429533)]
[(4, 0.56941198080316813)]
[(4, 0.58998447713611435), (6, 0.24749832779544473)]
[(4, 0.50347612288818555), (6, 0.22223751888864704)]
[(4, 0.4301726851409779), (6, 0.36156457434767886)]
[(4, 0.46333460544245664), (5, 0.24669364250999148)]
[(5, 0.34786371911480962), (6, 0.28312025791921036)]
[(4, 0.26415630295575526), (5, 0.22978665377454904)]
[(6, 0.39516697117027555)]
[(3, 0.45851429781976938), (4, 0.3743687937171003)]
[(6, 0.95370714846411253)]
[(2, 0.51022940845086751), (6, 0.32912577889895234)]
[(0, 0.56718717106823191)]
[(0, 0.20408562697419033), (4, 0.4467494351206861)]
[(6, 0.50456901324525905)]
[(0, 0.44135052779383405), (6, 0.28323795882666958)]
[(0, 0.27256265983041578), (6, 0.48945926511172044)]
[(3, 0.23863415646173911), (4, 0.21279810898165752), (6, 0.53611557789147957)]
[(2, 0.30121608684129064), (6, 0.29972374716841338)]
[(4, 0.61297967116735885), (6, 0.25723297858894995)]
[(0, 0.25050243488095814), (4, 0.6091458368306768)]
[(4, 0.56940106231404086)]
[(4, 0.58999923727205639), (6, 0.24749417658239811)]
[(4, 0.5034824525191739), (6, 0.22226056978988112)]
[(4, 0.43016014295368754), (6, 0.36156880985915385)]
[(4, 0.46333617460452586), (5, 0.24669517247178019)]
[(5, 0.347866761553628), (6, 0.28310144765010931)]
[(4, 0.26416974725597275), (5, 0.22975948856929132)]
[(6, 0.3951667072036924)]
[(3, 0.45851266075170466), (4, 0.37436811431188799)]
[(6, 0.95370970179181336)]
[(2, 0.51022914220709004), (6, 0.32912502190789961)]
[(0, 0.56719022656344098)]
[(0, 0.20408514801470293), (4, 0.44674684290924566)]
[(6, 0.50456871991975449)]
[(0, 0.44135038251173914), (6, 0.28323690016987757)]
[(0, 0.2725545408404062), (6, 0.48945918922207199)]
[(3, 0.23863032829496619), (4, 0.21279526044483379), (6, 0.53612225282542447)]
[(2, 0.30121548750376442), (6, 0.29972384204999092)]
[(4, 0.61298912105563819), (6, 0.25722395034174167)]
[(0, 0.25049981752921208), (4, 0.60914203921285093)]
[(4, 0.56939666685313117)]
[(4, 0.58998440058966017), (6, 0.24749842503251085)]
[(4, 0.50347582396952595), (6, 0.22223685967051932)]
[(4, 0.43015834197977615), (6, 0.36157332977475753)]
[(4, 0.46333522896003787), (5, 0.24669445203528587)]
[(5, 0.34786136924537048), (6, 0.28313074133335564)]
[(4, 0.26415728938051947), (5, 0.22978158663634951)]
[(6, 0.39516668259481452)]
[(3, 0.45851900175033744), (4, 0.3743711521286347)]
[(6, 0.95371075406421069)]
[(2, 0.51022919467812933), (6, 0.32912335740215887)]
[(0, 0.56718879457342042)]
[(0, 0.20408567603960212), (4, 0.4467482381765101)]
[(6, 0.5045680665719332)]
[(0, 0.44135081370453333), (6, 0.28324007504718851)]
[(0, 0.2725507991669156), (6, 0.4894599505299837)]
[(3, 0.23863476770628078), (4, 0.21279859204845494), (6, 0.53611448381433913)]
[(2, 0.30121515883804473), (6, 0.29972388960173485)]
[(4, 0.61294595125404872), (6, 0.25726516535961924)]
[(0, 0.2504958273841984), (4, 0.60913591002616674)]
[(4, 0.56950381074609002)]
[(4, 0.58998574950307148), (6, 0.2474982776698266)]
[(4, 0.50347920373890243), (6, 0.22224806497240854)]
[(4, 0.43016491446164856), (6, 0.36156503589991318)]
[(4, 0.46333081603092702), (5, 0.24669633786847836)]
[(5, 0.34785941243116747), (6, 0.28315186768310796)]
[(4, 0.26415325835502629), (5, 0.22979150898719244)]
[(6, 0.39516701902086038)]
[(3, 0.45851560829062399), (4, 0.37436943080997481)]
[(6, 0.9537189740293267)]
[(2, 0.51022489203573607), (6, 0.32912087509876636)]
[(0, 0.56718436980222342)]
[(0, 0.20408535453209231), (4, 0.44674612080901654)]
[(6, 0.50456672281889581)]
[(0, 0.44135081916956792), (6, 0.28324003396755854)]
[(0, 0.27256196421056916), (6, 0.48946163178317703)]
[(3, 0.23863610152839787), (4, 0.21279951232778821), (6, 0.53611223016047516)]
[(2, 0.30121532508442567), (6, 0.29972386795513406)]
[(4, 0.61295943920898055), (6, 0.25725229041936493)]
[(0, 0.2505038345843994), (4, 0.60914688081171975)]
[(4, 0.56943385741081887)]
[(4, 0.58998605772198198), (6, 0.247497842400664)]
[(4, 0.503482607534252), (6, 0.22226109766926394)]
[(4, 0.43017337577352444), (6, 0.36156196960634168)]
[(4, 0.46333021115913448), (5, 0.24669582124125738)]
[(5, 0.34786428937887892), (6, 0.28311450591096932)]
[(4, 0.26417283211594772), (5, 0.22975244082388088)]
[(6, 0.39516711660275777)]
[(3, 0.45851199645855201), (4, 0.37436786690857782)]
[(6, 0.95370920460211583)]
[(2, 0.51022417930285557), (6, 0.32911977519575686)]
[(0, 0.5671866204479924)]
[(0, 0.20408508636276718), (4, 0.44674752940579188)]
[(6, 0.50456819726043689)]
[(0, 0.44135076391580991), (6, 0.28323968764019397)]
[(0, 0.27255469791486509), (6, 0.48945901192273222)]
[(3, 0.23863291781223742), (4, 0.21279701843657081), (6, 0.53611790646411339)]
[(2, 0.30121736794547244), (6, 0.29972357129333332)]
[(4, 0.61300795618902626), (6, 0.25720597389740518)]
[(0, 0.25050021859718147), (4, 0.60914208535559422)]
[(4, 0.5694416177758076)]
[(4, 0.5899869161402127), (6, 0.24749761358188571)]
[(4, 0.5034820424916252), (6, 0.22225881937864284)]
[(4, 0.43017116761869123), (6, 0.3615635898635286)]
[(4, 0.46333538412677949), (5, 0.24669448525544457)]
[(5, 0.34786621418251551), (6, 0.28310880723969101)]
[(4, 0.26417760459992057), (5, 0.22974569848736662)]
[(6, 0.39516686072555146)]
[(3, 0.45851364005586109), (4, 0.37436846871210483)]
[(6, 0.95370947635192926)]
[(2, 0.5102278979838103), (6, 0.32912340445949984)]
[(0, 0.56718983835493719)]
[(0, 0.20408542716376471), (4, 0.44674799839830076)]
[(6, 0.50456774348315514)]
[(0, 0.44135051748058285), (6, 0.28323770047000563)]
[(0, 0.27255724682368604), (6, 0.48945717991820537)]
[(3, 0.2386337576867501), (4, 0.21279770885627169), (6, 0.53611637666346623)]
[(2, 0.30121598014525064), (6, 0.29972376912982046)]
[(4, 0.61301082864026368), (6, 0.25720323308859488)]
[(0, 0.25050150848086178), (4, 0.60914327785792699)]
[(4, 0.56941843157358962)]
[(4, 0.58998753362642176), (6, 0.24749731067475803)]
[(4, 0.50348078744682678), (6, 0.22225481938807581)]
[(4, 0.43016965156340015), (6, 0.36156562693439326)]
[(4, 0.46333424463900957), (5, 0.24669366506762494)]
[(5, 0.3478655638312988), (6, 0.28310600451899676)]
[(4, 0.26417183051664417), (5, 0.22975606558103365)]
[(6, 0.39516716065144969)]
[(3, 0.45851448865092431), (4, 0.37436895017098187)]
[(6, 0.95370874459931176)]
[(2, 0.51023127239303878), (6, 0.32912594860188127)]
[(0, 0.56719057621665703)]
[(0, 0.20408578536113753), (4, 0.4467472225208437)]
[(6, 0.50456680466391368)]
[(0, 0.44134977400666658), (6, 0.28323275842706941)]
[(0, 0.27256302830429313), (6, 0.48945848429777478)]
[(3, 0.23863502448336427), (4, 0.21279896637886836), (6, 0.53611385289202618)]
[(2, 0.3012116275278009), (6, 0.29972447839417216)]
[(4, 0.61295834096814095), (6, 0.25725333894699853)]
[(0, 0.25049644755146822), (4, 0.6091355254793247)]
[(4, 0.56943739230616019)]
[(4, 0.58998363958675992), (6, 0.24749859263289495)]
[(4, 0.5034769917987193), (6, 0.22224061110243659)]
[(4, 0.43015637058488726), (6, 0.36156793303583629)]
[(4, 0.46333509251915522), (5, 0.24669426215020879)]
[(5, 0.34785864944323602), (6, 0.28316433723953188)]
[(4, 0.26416397148612192), (5, 0.22977026466972986)]
[(6, 0.39516668616690986)]
[(3, 0.45851401023559896), (4, 0.37436875330620617)]
[(6, 0.95370857898563577)]
[(2, 0.51022785537612569), (6, 0.32912180620598969)]
[(0, 0.56718545106168472)]
[(0, 0.204085421203544), (4, 0.44674820384079844)]
[(6, 0.50456836938938876)]
[(0, 0.44135083027167171), (6, 0.28324042467803934)]
[(0, 0.27256232597689967), (6, 0.48945783846628921)]
[(3, 0.23862482915537875), (4, 0.21279267076127417), (6, 0.53613033882395977)]
[(2, 0.30121843888433647), (6, 0.29972344452007937)]
[(4, 0.61299752057693058), (6, 0.25721593643973956)]
[(0, 0.25049864198602217), (4, 0.60913932916083158)]
[(4, 0.56945462616271136)]
[(4, 0.5899832503106669), (6, 0.24749868296523533)]
[(4, 0.50348281454264709), (6, 0.22226138341970911)]
[(4, 0.43015837096718401), (6, 0.36156530729148767)]
[(4, 0.4633308027990457), (5, 0.24669679949985171)]
[(5, 0.34786271224059495), (6, 0.28313125609651324)]
[(4, 0.26415676759120349), (5, 0.22978083818120559)]
[(6, 0.39516731687851769)]
[(3, 0.45851428740122019), (4, 0.37436879390682221)]
[(6, 0.95371018540573327)]
[(2, 0.51022684563409459), (6, 0.32912086142530739)]
[(0, 0.56718502234433887)]
[(0, 0.20408528882912091), (4, 0.44674653026566247)]
[(6, 0.50456803982859855)]
[(0, 0.44135070153010675), (6, 0.28323913089153036)]
[(0, 0.27255971368280846), (6, 0.48945796720961415)]
[(3, 0.23863161034675381), (4, 0.21279597111329732), (6, 0.53612026059203555)]
[(2, 0.30121652041393915), (6, 0.29972369315782516)]
[(4, 0.61296059505877953), (6, 0.25725118760955901)]
[(0, 0.25049496134390736), (4, 0.6091345994805214)]
[(4, 0.56942588371588443)]
[(4, 0.58999115504146016), (6, 0.24749668948099324)]
[(4, 0.50347543378262427), (6, 0.22223606773790266)]
[(4, 0.4301641600483942), (6, 0.36156340918732488)]
[(4, 0.46333061475664034), (5, 0.24669688913086024)]
[(5, 0.34786935776557609), (6, 0.28310433501361326)]
[(4, 0.26415281362371101), (5, 0.22978886225465681)]
[(6, 0.39516699031543528)]
[(3, 0.45851121779165094), (4, 0.37436721547759289)]
[(6, 0.95370806208771619)]
[(2, 0.51022684928958895), (6, 0.32912119049468347)]
[(0, 0.56718854266774088)]
[(0, 0.2040859370756718), (4, 0.4467480496951633)]
[(6, 0.50456849979563956)]
[(0, 0.44135096432000681), (6, 0.2832414369298431)]
[(0, 0.27255816132848737), (6, 0.48946086678007983)]
[(3, 0.23863301486024527), (4, 0.21279741765014634), (6, 0.53611741042879923)]
[(2, 0.30121651565878638), (6, 0.29972369507773811)]
[(4, 0.6129461232929162), (6, 0.25726499911334549)]
[(0, 0.25049734623194991), (4, 0.60913871780142792)]
[(4, 0.56944608367375549)]
[(4, 0.58998651106699718), (6, 0.24749764922289275)]
[(4, 0.50348248330568435), (6, 0.22225980695958167)]
[(4, 0.43015895559670109), (6, 0.36157256700415652)]
[(4, 0.46333425580400656), (5, 0.24669398259702902)]
[(5, 0.34786193202906623), (6, 0.28312792131481529)]
[(4, 0.26416367970836763), (5, 0.22976907607727576)]
[(6, 0.39516668231609836)]
[(3, 0.45851613971738858), (4, 0.37436971286280446)]
[(6, 0.95370831371720466)]
[(2, 0.51023110629979385), (6, 0.32912355951508737)]
[(0, 0.56719350652972556)]
[(0, 0.20408536437571514), (4, 0.44674514644642582)]
[(6, 0.50456774965030793)]
[(0, 0.44135053961691711), (6, 0.28323793338430786)]
[(0, 0.27255519259394956), (6, 0.48946224266863364)]
[(3, 0.23863359712373225), (4, 0.21279786387346275), (6, 0.53611638214871915)]
[(2, 0.30121857685534387), (6, 0.29972342752631426)]
[(4, 0.61297406608631622), (6, 0.2572383278758118)]
[(0, 0.25050075764190222), (4, 0.609142513904667)]
[(4, 0.56942772260755092)]
[(4, 0.58999141694006274), (6, 0.2474962273973958)]
[(4, 0.50348118784125551), (6, 0.22225523356168006)]
[(4, 0.4301607984517361), (6, 0.36156616871253688)]
[(4, 0.46333502425187728), (5, 0.24669378347094031)]
[(5, 0.34786214489525408), (6, 0.28308853837202708)]
[(4, 0.26415324080516805), (5, 0.22979199837357642)]
[(6, 0.39516692022170918)]
[(3, 0.45851680043105764), (4, 0.37436999651858638)]
[(6, 0.95370833759833396)]
[(2, 0.51023146217535131), (6, 0.32912549357656451)]
[(0, 0.56718722567011282)]
[(0, 0.20408542517707531), (4, 0.44674611085541927)]
[(6, 0.50456893803427549)]
[(0, 0.44135096723052231), (6, 0.28324138456128001)]
[(0, 0.27255866704054899), (6, 0.48945834613473171)]
[(3, 0.23863344813969917), (4, 0.21279745717338669), (6, 0.53611693763029511)]
[(2, 0.30121558704819068), (6, 0.29972382589743796)]
[(4, 0.6130131263903783), (6, 0.25720103953056384)]
[(0, 0.25049825933437442), (4, 0.60913940954175272)]
[(4, 0.56935656300737192)]
[(4, 0.58999108962742464), (6, 0.24749634355881706)]
[(4, 0.50347663295168932), (6, 0.2222400451309815)]
[(4, 0.43016682386104382), (6, 0.36156684826254826)]
[(4, 0.46333498051504302), (5, 0.24669401309824304)]
[(5, 0.34786102012211001), (6, 0.28312607756875285)]
[(4, 0.26416163268566833), (5, 0.22977717931159933)]
[(6, 0.39516731523444365)]
[(3, 0.45851367617588612), (4, 0.37436845460433854)]
[(6, 0.95370861317959688)]
[(2, 0.51022763367329182), (6, 0.32912137144316878)]
[(0, 0.56718496529609186)]
[(0, 0.20408517099969137), (4, 0.44674554308557468)]
[(6, 0.5045670035054054)]
[(0, 0.44135030849398643), (6, 0.28323629775255676)]
[(0, 0.27256412037998645), (6, 0.4894592916072521)]
[(3, 0.23863543573108617), (4, 0.21279920716170261), (6, 0.53611320094655757)]
[(2, 0.30121030233071161), (6, 0.29972472182440668)]
[(4, 0.61299056851018496), (6, 0.25722257420554107)]
[(0, 0.25049762276246651), (4, 0.60913900489261696)]
[(4, 0.56940567774739359)]
[(4, 0.59000137029918787), (6, 0.24749383943600992)]
[(4, 0.50348253346559602), (6, 0.22226023068135994)]
[(4, 0.43016387866179018), (6, 0.361564959341929)]
[(4, 0.46333613297191845), (5, 0.24669498151523425)]
[(5, 0.34786843927981326), (6, 0.28311094047488433)]
[(4, 0.26417243363383114), (5, 0.22975365089675917)]
[(6, 0.39516727098778914)]
[(3, 0.4585124618140502), (4, 0.37436795181551963)]
[(6, 0.9537095421584173)]
[(2, 0.51022843438058285), (6, 0.32912213224302228)]
[(0, 0.5671889542011036)]
[(0, 0.20408523711024765), (4, 0.44674777327250309)]
[(6, 0.50456436859070108)]
[(0, 0.44135047864962673), (6, 0.28323741206308184)]
[(0, 0.27255528727268802), (6, 0.4894586025162786)]
[(3, 0.2386344149942235), (4, 0.2127982581434151), (6, 0.53611517028887967)]
[(2, 0.30121613979677653), (6, 0.29972374491941622)]
[(4, 0.61295783084604005), (6, 0.25725382556823673)]
[(0, 0.25049779243719222), (4, 0.60913887747626239)]
[(4, 0.56942396308336518)]
[(4, 0.58998504810114882), (6, 0.24749870564954124)]
[(4, 0.50348218672788614), (6, 0.22225900208894953)]
[(4, 0.43016739111076246), (6, 0.36156562310003787)]
[(4, 0.46333207014612848), (5, 0.24669648025131508)]
[(5, 0.34785936181219568), (6, 0.28316081424628536)]
[(4, 0.26415349262256982), (5, 0.22978726535938232)]
[(6, 0.39516707406817086)]
[(3, 0.45851593577509336), (4, 0.37436963337256196)]
[(6, 0.95371006046982132)]
[(2, 0.51022764498116002), (6, 0.32912099337512979)]
[(0, 0.56719205229157854)]
[(0, 0.20408546572579198), (4, 0.4467452880160514)]
[(6, 0.50456484700047199)]
[(0, 0.44135094184399348), (6, 0.28324124696619196)]
[(0, 0.27255649335482218), (6, 0.48945682013908054)]
[(3, 0.23863182019906165), (4, 0.21279642097872004), (6, 0.53611960111991563)]
[(2, 0.30121434616552967), (6, 0.29972402261698355)]
[(4, 0.61296110083078426), (6, 0.2572507051028502)]
[(0, 0.25050018687480841), (4, 0.60914299801750438)]
[(4, 0.56938570936647548)]
[(4, 0.58998844449903209), (6, 0.24749718261663098)]
[(4, 0.50347679548000634), (6, 0.22223957113325063)]
[(4, 0.43016818928815775), (6, 0.36156324668989936)]
[(4, 0.46333483010924242), (5, 0.24669438334212562)]
[(5, 0.347861615318455), (6, 0.28313917495758545)]
[(4, 0.26416322356862393), (5, 0.22977487709649566)]
[(6, 0.39516668280130429)]
[(3, 0.45851269181546406), (4, 0.37436796963364311)]
[(6, 0.95371134386984191)]
[(2, 0.51022475077045848), (6, 0.32911823524487577)]
[(0, 0.56718457092292995)]
[(0, 0.20408545186473484), (4, 0.44674599906192453)]
[(6, 0.50456863969902344)]
[(0, 0.44135044099343912), (6, 0.28323720944240294)]
[(0, 0.27255987771722373), (6, 0.48945816195964653)]
[(3, 0.23863442123626319), (4, 0.2127985611185032), (6, 0.53611486118166052)]
[(2, 0.3012192945276132), (6, 0.29972335635347286)]
[(4, 0.61299045267141317), (6, 0.25722268669277676)]
[(0, 0.25049668238273326), (4, 0.60913636285538753)]
[(4, 0.56940667024842007)]
[(4, 0.58998875755683422), (6, 0.24749703741465612)]
[(4, 0.50348275815412491), (6, 0.22226082694265201)]
[(4, 0.43016766927267774), (6, 0.36156749022545459)]
[(4, 0.46333100131931115), (5, 0.24669655380239675)]
[(5, 0.34785882831332315), (6, 0.28316335872845855)]
[(4, 0.26415546281901636), (5, 0.22978803682709337)]
[(6, 0.39516691838848689)]
[(3, 0.45851440447735448), (4, 0.37436892170497083)]
[(6, 0.953709672698971)]
[(2, 0.51022655653224391), (6, 0.32912162326294581)]
[(0, 0.56718620175925705)]
[(0, 0.2040853216881921), (4, 0.44674712047872711)]
[(6, 0.50456716401998791)]
[(0, 0.44134974654059117), (6, 0.28323256180172912)]
[(0, 0.27255030028113042), (6, 0.48945917845247577)]
[(3, 0.23862613343855732), (4, 0.21279353238429827), (6, 0.53612817398549306)]
[(2, 0.30121435145354247), (6, 0.29972401966606693)]
[(4, 0.61294852379237674), (6, 0.25726270995032363)]
[(0, 0.25050022705453023), (4, 0.609141386326989)]
[(4, 0.56946316641386829)]
[(4, 0.5899971953927714), (6, 0.24749463925285026)]
[(4, 0.50348046894868692), (6, 0.22225268629558675)]
[(4, 0.43016924043390853), (6, 0.36156469278290077)]
[(4, 0.46333270539722765), (5, 0.24669657336918871)]
[(5, 0.34786848592770797), (6, 0.28309103561773996)]
[(4, 0.26415530688325978), (5, 0.2297877242326293)]
[(6, 0.3951671956218083)]
[(3, 0.57142855669955916)]
