[(2, 0.57142854912866392)]
[(3, 0.54958451856286894), (4, 0.44157601175772737)]
[(1, 0.26420318737305271), (6, 0.56987551755103516)]
[(2, 0.34962092906685172), (6, 0.46504389496346082)]
[(0, 0.49592591688456461), (4, 0.22852549550328413)]
[(0, 0.65447497077481542)]
[(0, 0.43175964426344365), (4, 0.39851450077425216)]
[(4, 0.66916857254872286), (6, 0.20956743024097102)]
[(0, 0.22204131866659294), (6, 0.4082685949785923)]
[(0, 0.5588645253749579)]
[(6, 0.63332470946248398)]
[(0, 0.21332048382034721), (6, 0.68401002306409886)]
[(2, 0.2255485947579825), (4, 0.35498853628631638), (6, 0.23050649062894579)]
[(4, 0.38505620197905022), (6, 0.34376490717682856)]
[(4, 0.8047200779473378)]
[(4, 0.70054527198291705)]
[(4, 0.49055714508928427), (6, 0.22390426345839917)]
[(5, 0.64061968360375898)]
[(3, 0.36226073437177442)]
[(3, 0.26140881369057239), (6, 0.35760255679598596)]
[(3, 0.58904196807237708)]
[(3, 0.54958461164299799), (4, 0.44157591712066135)]
[(1, 0.26418699619528496), (6, 0.56986925155525681)]
[(2, 0.34962381834701856), (6, 0.46505081636038159)]
[(0, 0.49592693106453112), (4, 0.22852709484852624)]
[(0, 0.6544834642041425)]
[(0, 0.43177231672870953), (4, 0.39850042962717103)]
[(4, 0.66916232093328898), (6, 0.20956241841073148)]
[(0, 0.22204024236525352), (6, 0.4082614102034684)]
[(0, 0.55886105291011623)]
[(6, 0.63334382743189221)]
[(0, 0.21332406368713211), (6, 0.68400852422080494)]
[(2, 0.22554100637677926), (4, 0.35498954494912949), (6, 0.23050479341237143)]
[(4, 0.38502548212908205), (6, 0.34372393166989923)]
[(4, 0.80476050164655799)]
[(4, 0.70054198424483838)]
[(4, 0.49052626756266421), (6, 0.22388458468028222)]
[(5, 0.64061984302390018)]
[(3, 0.36225839751826538)]
[(3, 0.2614085963705462), (6, 0.35760236934401846)]
[(3, 0.58904079563605993)]
[(3, 0.54958133184687541), (4, 0.44157919469978646)]
[(1, 0.26418893824750167), (6, 0.56987079143462149)]
[(2, 0.34963275851600867), (6, 0.46507171995052971)]
[(0, 0.49593717073294763), (4, 0.2285297312961955)]
[(0, 0.65447538432471541)]
[(0, 0.43178603625955486), (4, 0.39848547789570027)]
[(4, 0.66916287449325773), (6, 0.20956458789425755)]
[(0, 0.22204155777401743), (6, 0.40826531668220356)]
[(0, 0.55885722196743648)]
[(6, 0.63332217460354012)]
[(0, 0.21330894518976484), (6, 0.68401506194385242)]
[(2, 0.22554373959456886), (4, 0.35498795650504139), (6, 0.23050537382353914)]
[(4, 0.38503046518890488), (6, 0.34381804673636146)]
[(4, 0.80466558859612669)]
[(4, 0.70054489103959761)]
[(4, 0.49057499163009244), (6, 0.22391565716748199)]
[(5, 0.64061931936976468)]
[(3, 0.36225711695930712)]
[(3, 0.26140916110254342), (6, 0.35760298623961573)]
[(3, 0.58904072486227044)]
[(3, 0.54958688821278256), (4, 0.44157364208092897)]
[(1, 0.2641811232074886), (6, 0.56986675895608352)]
[(2, 0.34961855656659524), (6, 0.46503814891803685)]
[(0, 0.49591806414264944), (4, 0.22852454689905971)]
[(0, 0.65448667137897121)]
[(0, 0.43177473816530132), (4, 0.39849800923292833)]
[(4, 0.67131016559575785), (6, 0.20724326422959535)]
[(0, 0.22204191870542106), (6, 0.40826814184051158)]
[(0, 0.55886241260414626)]
[(6, 0.63331962417124965)]
[(0, 0.21331837088794112), (6, 0.68401092348816095)]
[(2, 0.22554635809564011), (4, 0.35498905516230767), (6, 0.23050595086734824)]
[(4, 0.38500874095686799), (6, 0.34372224643163329)]
[(4, 0.80462523387843787)]
[(4, 0.70054343589160994)]
[(4, 0.49061746113173532), (6, 0.22394281602730054)]
[(5, 0.64061934113526942)]
[(3, 0.36225974733767052)]
[(3, 0.26140888924593808), (6, 0.35760280215863482)]
[(3, 0.58904212365105546)]
[(3, 0.54958486320307842), (4, 0.44157566646588131)]
[(1, 0.26419112178733273), (6, 0.56987102625448982)]
[(2, 0.34962269997803269), (6, 0.46504814709560371)]
[(0, 0.49591680249516423), (4, 0.22852460746541076)]
[(0, 0.65447375439397049)]
[(0, 0.43176638557649588), (4, 0.39850692569041762)]
[(4, 0.67130795253379416), (6, 0.20723942489464134)]
[(0, 0.22204108610493262), (6, 0.40826179952298602)]
[(0, 0.55886647338002726)]
[(6, 0.63332046581881751)]
[(0, 0.21332178991253778), (6, 0.684009472173567)]
[(2, 0.22554504812384596), (4, 0.35498831348020682), (6, 0.23050572118729434)]
[(4, 0.38481432502072183), (6, 0.34332335435048816)]
[(4, 0.80464126572693861)]
[(4, 0.70054420614290569)]
[(4, 0.49049398708735359), (6, 0.22386407103928516)]
[(5, 0.64061853713284045)]
[(3, 0.36226070269629163)]
[(3, 0.26140881066338623), (6, 0.35760254114852846)]
[(3, 0.5890317515511545)]
[(3, 0.5495837968573537), (4, 0.4415767330041041)]
[(1, 0.26420558765300239), (6, 0.56987648336424035)]
[(2, 0.34962979054572224), (6, 0.46506486450499623)]
[(0, 0.49592790800277858), (4, 0.22852530430022078)]
[(0, 0.6544707787582229)]
[(0, 0.43177814046140112), (4, 0.39849410431037807)]
[(4, 0.66916806835904719), (6, 0.20955890418983786)]
[(0, 0.22204072531169175), (6, 0.40826277838611252)]
[(0, 0.55886183217368735)]
[(6, 0.63333062640556415)]
[(0, 0.21333488365521458), (6, 0.68400424722233821)]
[(2, 0.22554204489237062), (4, 0.35498870239903679), (6, 0.23050492842914419)]
[(4, 0.38504402457381609), (6, 0.34381700373656321)]
[(4, 0.80474272626541232)]
[(4, 0.70054234092070955)]
[(4, 0.49051306173140113), (6, 0.22387618415301258)]
[(5, 0.64061882149773119)]
[(3, 0.36226148496192284)]
[(3, 0.26140917924452994), (6, 0.35760248589200633)]
[(3, 0.58903352149102661)]
[(3, 0.54958690575237357), (4, 0.44157362499678915)]
[(1, 0.26420371702767098), (6, 0.56987615691069471)]
[(2, 0.34962663042352471), (6, 0.46505747390662605)]
[(0, 0.4959119762353893), (4, 0.22852371218111064)]
[(0, 0.65448537302139564)]
[(0, 0.43178544675821079), (4, 0.39848513271203784)]
[(4, 0.6691668300093464), (6, 0.20956869355438382)]
[(0, 0.22204076840087791), (6, 0.4082655053531612)]
[(0, 0.55885493670883479)]
[(6, 0.63333116083980556)]
[(0, 0.21331403197405271), (6, 0.68401280540799303)]
[(2, 0.22554843834576138), (4, 0.35498720779956672), (6, 0.2305064727946059)]
[(4, 0.38501027144726901), (6, 0.34378911302547743)]
[(4, 0.80465649124502692)]
[(4, 0.7005421842949473)]
[(4, 0.49056091079649716), (6, 0.2239066665012831)]
[(5, 0.64061904619901222)]
[(3, 0.36225573875755607)]
[(3, 0.26140885036305533), (6, 0.35760233584462092)]
[(3, 0.58904263770455911)]
[(3, 0.54958655265671175), (4, 0.44157397798185777)]
[(1, 0.26418947506942908), (6, 0.56986993277683129)]
[(2, 0.34962597441511029), (6, 0.46505592769606291)]
[(0, 0.49592282935828891), (4, 0.22852540925033182)]
[(0, 0.65447277366515977)]
[(0, 0.43177799576959508), (4, 0.39849442391912798)]
[(4, 0.67130375330557968), (6, 0.20721737953431763)]
[(0, 0.2220411159340267), (6, 0.4082633066129519)]
[(0, 0.5588654269628307)]
[(6, 0.63334115529365087)]
[(0, 0.21333620067449319), (6, 0.68400375906633393)]
[(2, 0.22554738809490374), (4, 0.35498988727130892), (6, 0.23050626829434451)]
[(4, 0.38483022955993901), (6, 0.34323140610866526)]
[(4, 0.8046728050026265)]
[(4, 0.70054411675033479)]
[(4, 0.49042416935030919), (6, 0.22382008759213737)]
[(5, 0.64061955066334597)]
[(3, 0.36225877065292456)]
[(3, 0.26140835131260415), (6, 0.35760237585406496)]
[(3, 0.58904228050388918)]
[(3, 0.54958669079560862), (4, 0.44157383952475832)]
[(1, 0.26419094100553064), (6, 0.56987049453787098)]
[(2, 0.3496225147649259), (6, 0.46504770384627342)]
[(0, 0.49591908031652371), (4, 0.22852426791512262)]
[(0, 0.65448428519919244)]
[(0, 0.43177660354512948), (4, 0.39849564838629026)]
[(4, 0.66916516210719346), (6, 0.20953892400572929)]
[(0, 0.22204230372342804), (6, 0.40827060539452037)]
[(0, 0.55886476412803998)]
[(6, 0.63332551882139931)]
[(0, 0.21331132167562331), (6, 0.68401400141266577)]
[(2, 0.22554903649041153), (4, 0.35498865578709832), (6, 0.23050663481283964)]
[(4, 0.38482856403552901), (6, 0.34336630655685213)]
[(4, 0.80472818590149131)]
[(4, 0.70054168724710664)]
[(4, 0.49057472224788934), (6, 0.22391548508315975)]
[(5, 0.64061986302943097)]
[(3, 0.36225946557458993)]
[(3, 0.26140898552757158), (6, 0.35760226159670283)]
[(3, 0.58904135090285559)]
[(3, 0.54958061096460309), (4, 0.4415799164237092)]
[(1, 0.26419787980702442), (6, 0.56987342377347139)]
[(2, 0.34963064658160153), (6, 0.46506685022600169)]
[(0, 0.49591451214464427), (4, 0.22852464017121063)]
[(0, 0.65447549139722827)]
[(0, 0.43176757046838676), (4, 0.39850593702638737)]
[(4, 0.66916989112807235), (6, 0.20956470701500052)]
[(0, 0.22204050556749305), (6, 0.40826508123418398)]
[(0, 0.55885157084996973)]
[(6, 0.63332397471327873)]
[(0, 0.21331722384096868), (6, 0.68401141684162536)]
[(2, 0.22554341072145115), (4, 0.35498859102373193), (6, 0.23050532328494089)]
[(4, 0.38504283694633107), (6, 0.34370278985374647)]
[(4, 0.80471057881503194)]
[(4, 0.70054434253336761)]
[(4, 0.49057306288068925), (6, 0.22391442517635612)]
[(5, 0.64061841519405627)]
[(3, 0.36226117885382636)]
[(3, 0.2614088323609528), (6, 0.35760250250197251)]
[(3, 0.58904163005799204)]
[(3, 0.54958272920880125), (4, 0.44157779956874771)]
[(1, 0.26419883236294722), (6, 0.56987376453335359)]
[(2, 0.34961448594964201), (6, 0.46502815575538153)]
[(0, 0.49592979385955299), (4, 0.22853159064078582)]
[(0, 0.65448368915942823)]
[(0, 0.43178662350502028), (4, 0.39848487826659629)]
[(4, 0.66916986129422562), (6, 0.20954999567981056)]
[(0, 0.22204134691577007), (6, 0.40827054348236619)]
[(0, 0.55886749376201128)]
[(6, 0.63333756862487423)]
[(0, 0.21333589410125597), (6, 0.68400387194682088)]
[(2, 0.22554442308508241), (4, 0.35498878820327046), (6, 0.23050554965754644)]
[(4, 0.38484104450134315), (6, 0.34320280693171701)]
[(4, 0.80465031243101515)]
[(4, 0.70054235821983946)]
[(4, 0.49061179410245231), (6, 0.22393918904284282)]
[(5, 0.64061897685019797)]
[(3, 0.36226073431815542)]
[(3, 0.26140881238555086), (6, 0.35760256620495401)]
[(3, 0.58903195174862732)]
[(3, 0.54958030893519805), (4, 0.4415802170184282)]
[(1, 0.26419255751187082), (6, 0.56987148923205888)]
[(2, 0.34962989298132713), (6, 0.46506510248586974)]
[(0, 0.49592981672264386), (4, 0.22852884766783577)]
[(0, 0.65448285774966297)]
[(0, 0.43175890230847652), (4, 0.39851504989845782)]
[(4, 0.66916955403786105), (6, 0.20955546408168674)]
[(0, 0.2220410061002982), (6, 0.40826324347943382)]
[(0, 0.55886330449756905)]
[(6, 0.63331615067060587)]
[(0, 0.21333675382116207), (6, 0.68400355658932255)]
[(2, 0.2255469047979394), (4, 0.3549876776822663), (6, 0.23050616449563335)]
[(4, 0.38493454510505121), (6, 0.34362311974481496)]
[(4, 0.80464310782351245)]
[(4, 0.70054357127767253)]
[(4, 0.49053679357959712), (6, 0.22389128769805317)]
[(5, 0.64061927200053237)]
[(3, 0.36225971463442391)]
[(3, 0.26140847726706673), (6, 0.35760159855062934)]
[(3, 0.58903170449486797)]
[(3, 0.5495824706180481), (4, 0.44157805563470492)]
[(1, 0.26419287790785917), (6, 0.56987135112033205)]
[(2, 0.34962756981598481), (6, 0.4650596808307742)]
[(0, 0.49593836516842771), (4, 0.2285293582866319)]
[(0, 0.65448672021249699)]
[(0, 0.43178238862890533), (4, 0.39848928634485303)]
[(4, 0.66916724774324043), (6, 0.20957045051001122)]
[(0, 0.22204081986951513), (6, 0.40826362366268032)]
[(0, 0.55886229769774365)]
[(6, 0.63332053831725743)]
[(0, 0.21333291712139227), (6, 0.68400499103941748)]
[(2, 0.22554236228242563), (4, 0.35498785611645028), (6, 0.2305050528191866)]
[(4, 0.38485661886824546), (6, 0.34329052170599328)]
[(4, 0.80467250583602801)]
[(4, 0.70054451636809567)]
[(4, 0.49056132676614855), (6, 0.22390693196793565)]
[(5, 0.640619435956441)]
[(3, 0.36225835607165557)]
[(3, 0.26140828345147299), (6, 0.35760203489134634)]
[(3, 0.58904135261561785)]
[(3, 0.54958225394955429), (4, 0.44157827390136645)]
[(1, 0.26418818788198711), (6, 0.56987045162167849)]
[(2, 0.34962784826090354), (6, 0.46506033335845931)]
[(0, 0.4959131543628385), (4, 0.22852477766092397)]
[(0, 0.65447710521366498)]
[(0, 0.43176491290271074), (4, 0.39850723657808307)]
[(4, 0.67131118192441463), (6, 0.2072473958047677)]
[(0, 0.22204013911715184), (6, 0.40826724996668656)]
[(0, 0.55886550599479123)]
[(6, 0.63333231865893291)]
[(0, 0.21330641754951662), (6, 0.68401620125486562)]
[(2, 0.22554854839670824), (4, 0.35498884055765223), (6, 0.2305065291801757)]
[(4, 0.38481078920347606), (6, 0.34324974820430521)]
[(4, 0.80464391813419944)]
[(4, 0.70054424031661866)]
[(4, 0.49045391781697928), (6, 0.2238387363286688)]
[(5, 0.64061942152680296)]
[(3, 0.36226073286648902)]
[(3, 0.26140870263759702), (6, 0.35760266458235895)]
[(3, 0.58904230374943378)]
[(3, 0.54957257888625644), (4, 0.44158791841909134)]
[(1, 0.2642010043714651), (6, 0.56987461098073677)]
[(2, 0.34962143310059518), (6, 0.4650451083872747)]
[(0, 0.49592030230537665), (4, 0.22852487486946291)]
[(0, 0.65447842193695382)]
[(0, 0.43178517071159561), (4, 0.39848626278834232)]
[(4, 0.67131283075764203), (6, 0.20722781193480327)]
[(0, 0.22204152340588854), (6, 0.40826765678323423)]
[(0, 0.55886363268278216)]
[(6, 0.6333498319380565)]
[(0, 0.21330759488074369), (6, 0.68401566917813572)]
[(2, 0.22554300769154528), (4, 0.354989511273273), (6, 0.23050524189480756)]
[(4, 0.38504957414872953), (6, 0.34375386036309075)]
[(4, 0.80470184805459444)]
[(4, 0.70054447081312654)]
[(4, 0.4905664571983781), (6, 0.22391020691681113)]
[(5, 0.64061857405789147)]
[(3, 0.362260840138451)]
[(3, 0.26140907696061966), (6, 0.35760297057100437)]
[(3, 0.58903136128725608)]
[(3, 0.54957554667180886), (4, 0.44158497465735019)]
[(1, 0.26419919003438003), (6, 0.56987386524606587)]
[(2, 0.34962714842687898), (6, 0.46505869190768739)]
[(0, 0.49594152188279261), (4, 0.22852811145027122)]
[(0, 0.65448737625136566)]
[(0, 0.43177235401178105), (4, 0.39849920402844713)]
[(4, 0.66916248756902319), (6, 0.20952814899584832)]
[(0, 0.22204176745288784), (6, 0.40826705057510571)]
[(0, 0.55886140511025773)]
[(6, 0.63331580953479161)]
[(0, 0.21332485488188488), (6, 0.68400819784806466)]
[(2, 0.22555058778434653), (4, 0.35498806246985148), (6, 0.23050700174834771)]
[(4, 0.38505440916418182), (6, 0.34374099472044983)]
[(4, 0.80473613134693278)]
[(4, 0.70054210346096035)]
[(4, 0.49055766925335659), (6, 0.22390459792055972)]
[(5, 0.64061771616260987)]
[(3, 0.36225750914784705)]
[(3, 0.26140888981418559), (6, 0.35760262881791516)]
[(3, 0.58904165808825404)]
[(3, 0.54958590523220796), (4, 0.44157462538208891)]
[(1, 0.26420400717616643), (6, 0.56987584845032202)]
[(2, 0.34963186776583766), (6, 0.46506967110089914)]
[(0, 0.49590643130966244), (4, 0.22852673596340314)]
[(0, 0.65447047273726255)]
[(0, 0.43177561495655903), (4, 0.39849653364364701)]
[(4, 0.67131674010581466), (6, 0.20723328382232764)]
[(0, 0.22204073564663568), (6, 0.40826945960890132)]
[(0, 0.55886313500563289)]
[(6, 0.6333275120013373)]
[(0, 0.21331866346594783), (6, 0.68401079815046462)]
[(2, 0.22554462537831255), (4, 0.35498720282404445), (6, 0.23050553545409813)]
[(4, 0.38504457460802521), (6, 0.34371574410165723)]
[(4, 0.80473702312326778)]
[(4, 0.70054379514524856)]
[(4, 0.49053685869905633), (6, 0.22389132918453764)]
[(5, 0.64061886070012308)]
[(3, 0.36225890368006575)]
[(3, 0.26140996598977756), (6, 0.35760492900099738)]
[(3, 0.58904221947169488)]
[(3, 0.54957456830488027), (4, 0.44158594423490688)]
[(1, 0.26418934959298263), (6, 0.56987025093502908)]
[(2, 0.34962295966443679), (6, 0.46504876800464173)]
[(0, 0.49591274271531915), (4, 0.22852417219876464)]
[(0, 0.65448788611151187)]
[(0, 0.43176678613992425), (4, 0.39850642554840354)]
[(4, 0.66916432343081289), (6, 0.20956027180773787)]
[(0, 0.22204082662433958), (6, 0.40826441231107419)]
[(0, 0.55885504490486548)]
[(6, 0.63331553074984615)]
[(0, 0.2133367581342015), (6, 0.68400355501678456)]
[(2, 0.2255432597424207), (4, 0.35498957085679539), (6, 0.23050532387722764)]
[(4, 0.38498889973786732), (6, 0.34375701406861353)]
[(4, 0.80463034260734279)]
[(4, 0.70054396121868501)]
[(4, 0.49060753086444681), (6, 0.22393646097550129)]
[(5, 0.64061814931221428)]
[(3, 0.36225878094740416)]
[(3, 0.26140873496441946), (6, 0.35760190693984989)]
[(3, 0.58904221646645527)]
[(3, 0.54958486552026731), (4, 0.44157566248769281)]
[(1, 0.26418201377906347), (6, 0.56986725711189579)]
[(2, 0.34962557919182069), (6, 0.46505499414202828)]
[(0, 0.4959125890809194), (4, 0.22852507050022133)]
[(0, 0.65447248525849699)]
[(0, 0.4317696004973805), (4, 0.39849882558718358)]
[(4, 0.669168485552324), (6, 0.20957046214118552)]
[(0, 0.22204039982106691), (6, 0.40826092357625565)]
[(0, 0.55886834394522256)]
[(6, 0.63334465113352689)]
[(0, 0.21331496224635363), (6, 0.68401239840177663)]
[(2, 0.22554722299080049), (4, 0.35498844618600589), (6, 0.23050617114822564)]
[(4, 0.38485321706062653), (6, 0.34324922459349161)]
[(4, 0.80464629467601756)]
[(4, 0.70054492785230782)]
[(4, 0.49058097537359124), (6, 0.22391948012888072)]
[(5, 0.64061976926172659)]
[(3, 0.36225969941177899)]
[(3, 0.26140895927148033), (6, 0.35760272167143836)]
[(3, 0.58904235841361519)]
[(3, 0.54958531612970463), (4, 0.44157521239648256)]
[(1, 0.26420571033055368), (6, 0.56987652350575624)]
[(2, 0.34962893848251736), (6, 0.46506288113716732)]
[(0, 0.49591955545244831), (4, 0.22852480380272214)]
[(0, 0.65448237122298825)]
[(0, 0.43178336570521214), (4, 0.39848847209298016)]
[(4, 0.66916491015587309), (6, 0.20955473475842007)]
[(0, 0.22204156298777822), (6, 0.40826858448592707)]
[(0, 0.55886293313344404)]
[(6, 0.63332157447220572)]
[(0, 0.21331840625864729), (6, 0.68401090832507094)]
[(2, 0.22554154801112009), (4, 0.35498906690814402), (6, 0.23050494553178902)]
[(4, 0.38492789082368223), (6, 0.34358964145689885)]
[(4, 0.80472756110721677)]
[(4, 0.70054445763007533)]
[(4, 0.49065837444966331), (6, 0.22396900341449227)]
[(5, 0.6406184235695348)]
[(3, 0.3622588930970479)]
[(3, 0.26140849147543566), (6, 0.35760164564519875)]
[(3, 0.58904251595185475)]
[(3, 0.54958726110332246), (4, 0.44157326951592013)]
[(1, 0.26418291791183018), (6, 0.56986755123169042)]
[(2, 0.34962204477689984), (6, 0.46504657753576556)]
[(0, 0.49592376793151544), (4, 0.22852461184225512)]
[(0, 0.65447417867303448)]
[(0, 0.43177066200605774), (4, 0.39850253172724304)]
[(4, 0.66916893613715822), (6, 0.2095493233149216)]
[(0, 0.22204195028384535), (6, 0.40826895778510192)]
[(0, 0.55886122068895427)]
[(6, 0.63332480004975999)]
[(0, 0.21331540470151591), (6, 0.68401220547694375)]
[(2, 0.22554786134548022), (4, 0.35498969691235788), (6, 0.23050634441142262)]
[(4, 0.38504685380682896), (6, 0.34374076127225617)]
[(4, 0.80468122172031986)]
[(4, 0.70054217148155828)]
[(4, 0.49054119127999563), (6, 0.22389408991359919)]
[(5, 0.64061894619420301)]
[(3, 0.36226131562779046)]
[(3, 0.26140877936397144), (6, 0.35760268074528034)]
[(3, 0.58904229881054782)]
[(3, 0.54958184830518331), (4, 0.44157867971261444)]
[(1, 0.26420180040747088), (6, 0.5698749194689966)]
[(2, 0.34962881883575703), (6, 0.46506260208333638)]
[(0, 0.49591982545974389), (4, 0.22852545866570645)]
[(0, 0.65449024866095573)]
[(0, 0.43176091156425128), (4, 0.39851286532358249)]
[(4, 0.66916587919506054), (6, 0.20956860518491932)]
[(0, 0.22204052343306566), (6, 0.4082608624768983)]
[(0, 0.5588683589285226)]
[(6, 0.63332409870346784)]
[(0, 0.21331363329115047), (6, 0.68401298039708813)]
[(2, 0.22554650661942355), (4, 0.35498898947409879), (6, 0.23050601894001629)]
[(4, 0.38504880344004816), (6, 0.34376548231960785)]
[(4, 0.80463893459198321)]
[(4, 0.70054203721523944)]
[(4, 0.49060325049607389), (6, 0.22393372244653292)]
[(5, 0.64061756976135509)]
[(3, 0.36225942443747211)]
[(3, 0.26140893970730839), (6, 0.3576030044134032)]
[(3, 0.58903181243394909)]
[(3, 0.54957242373899984), (4, 0.44158807553392126)]
[(1, 0.26419391206327597), (6, 0.56987178935625304)]
[(2, 0.34961716179503427), (6, 0.46503474411064172)]
[(0, 0.49591891504856961), (4, 0.22852414228969531)]
[(0, 0.65448960214735552)]
[(0, 0.43176959467136999), (4, 0.39850353291627211)]
[(4, 0.67131221011363784), (6, 0.20724439704754799)]
[(0, 0.22204041454824203), (6, 0.40826169620698288)]
[(0, 0.55885834598381556)]
[(6, 0.63332498628568656)]
[(0, 0.21331986088917584), (6, 0.68401028736556502)]
[(2, 0.22554817125073695), (4, 0.35498842125071417), (6, 0.23050641253752299)]
[(4, 0.38488733682785636), (6, 0.34349029078320525)]
[(4, 0.80463663888452275)]
[(4, 0.70054463381804022)]
[(4, 0.49060155768153463), (6, 0.22393263954843487)]
[(5, 0.64061965645499153)]
[(3, 0.36226156428270784)]
[(3, 0.26140900041653653), (6, 0.35760296021826526)]
[(3, 0.58904069574772566)]
[(3, 0.54958591562957015), (4, 0.44157461401482928)]
[(1, 0.2641815590630795), (6, 0.56986715205497651)]
[(2, 0.34963205350976051), (6, 0.46507009894420903)]
[(0, 0.49591947437821937), (4, 0.22852694440242247)]
[(0, 0.65448144953712994)]
[(0, 0.43176428991626981), (4, 0.39850925262606329)]
[(4, 0.66916145768778956), (6, 0.20955919865994943)]
[(0, 0.2220409959147876), (6, 0.40826350917107285)]
[(0, 0.55886844157030446)]
[(6, 0.63333062347133651)]
[(0, 0.21331731699973541), (6, 0.68401137665831113)]
[(2, 0.22554634259418702), (4, 0.35498971755579828), (6, 0.2305060861033266)]
[(4, 0.38504146382720206), (6, 0.34372537788957641)]
[(4, 0.80471300416365132)]
[(4, 0.70054453003112105)]
[(4, 0.49061874913855147), (6, 0.22394364044854984)]
[(5, 0.64061881371889007)]
[(3, 0.36226121576639214)]
[(3, 0.2614083617343872), (6, 0.35760223789276402)]
[(3, 0.58904137719536998)]
[(3, 0.54958464374121252), (4, 0.44157588554703298)]
[(1, 0.26420616276774755), (6, 0.56987674457315507)]
[(2, 0.34962570254095465), (6, 0.46505528566456367)]
[(0, 0.49591501120671516), (4, 0.22852423539871172)]
[(0, 0.65446827086326642)]
[(0, 0.43176235258268297), (4, 0.39851127533572839)]
[(4, 0.67131020813810605), (6, 0.20724473082650727)]
[(0, 0.22204171937168693), (6, 0.40826743352176087)]
[(0, 0.55886004756478525)]
[(6, 0.63331643251746983)]
[(0, 0.21331993726388657), (6, 0.68401025490817891)]
[(2, 0.22554601602942206), (4, 0.35498929712616772), (6, 0.23050590965354223)]
[(4, 0.38494252004922258), (6, 0.34361165457910758)]
[(4, 0.80465486430322719)]
[(4, 0.70054173952153154)]
[(4, 0.49060956828767838), (6, 0.22393776467259863)]
[(5, 0.64061925926536656)]
[(3, 0.36226007468362947)]
[(3, 0.26140870584999687), (6, 0.3576026596036791)]
[(3, 0.58903194499477718)]
[(3, 0.54958356343137216), (4, 0.44157696427316134)]
[(1, 0.26418219038819135), (6, 0.56986721855830791)]
[(2, 0.34963305908092723), (6, 0.4650724096380674)]
[(0, 0.49592183720020366), (4, 0.22852438482433993)]
[(0, 0.65448546343151526)]
[(0, 0.43178672957959202), (4, 0.39848472430986831)]
[(4, 0.67131402444586341), (6, 0.2072341151789347)]
[(0, 0.22204161580099868), (6, 0.40826425658858234)]
[(0, 0.55886690638781844)]
[(6, 0.6333291600490335)]
[(0, 0.21333337623317608), (6, 0.68400481585977702)]
[(2, 0.2255454786973467), (4, 0.35499043548256193), (6, 0.23050591403669801)]
[(4, 0.38485683345525257), (6, 0.34321191812873197)]
[(4, 0.80467697783363012)]
[(4, 0.70054383546570487)]
[(4, 0.49040596228375466), (6, 0.22380879459255273)]
[(5, 0.64062772302905457)]
[(3, 0.36225843192191937)]
[(3, 0.26140887834241744), (6, 0.35760190378161755)]
[(3, 0.58904285196424022)]
[(3, 0.54957459508566686), (4, 0.44158591969599414)]
[(1, 0.2641982945979256), (6, 0.56987394194625773)]
[(2, 0.34962761096029782), (6, 0.46505977729865461)]
[(0, 0.49591534907507206), (4, 0.22852706318185886)]
[(0, 0.65448524543263131)]
[(0, 0.43176498219641712), (4, 0.39850828363444074)]
[(4, 0.66916499579132727), (6, 0.20955092105701484)]
[(0, 0.22204086232802508), (6, 0.40826293059452867)]
[(0, 0.55886159274964065)]
[(6, 0.63333647031099893)]
[(0, 0.21331042557182808), (6, 0.68401440005251701)]
[(2, 0.22554496181265254), (4, 0.35498743380642839), (6, 0.23050567281388937)]
[(4, 0.38506574585477676), (6, 0.34378390787806762)]
[(4, 0.80467994116906638)]
[(4, 0.7005425070114899)]
[(4, 0.49057582600289629), (6, 0.22391619014889963)]
[(5, 0.64061973066569866)]
[(3, 0.3622618651885105)]
[(3, 0.26140889483930496), (6, 0.35760342207432555)]
[(3, 0.58904104174649952)]
[(3, 0.54957633232669534), (4, 0.44158418212477285)]
[(1, 0.26419538878897059), (6, 0.56987239281471047)]
[(2, 0.34963148192989946), (6, 0.46506878134031027)]
[(0, 0.49591217794485659), (4, 0.2285239703850884)]
[(0, 0.65448152337746557)]
[(0, 0.43178315124052297), (4, 0.39848869811121296)]
[(4, 0.66917580767564255), (6, 0.20954916188237591)]
[(0, 0.22204075451883551), (6, 0.40826597326087866)]
[(0, 0.55886803378153505)]
[(6, 0.63332258253790241)]
[(0, 0.21332367956728523), (6, 0.68400868333623044)]
[(2, 0.2255440121152186), (4, 0.35498927285743626), (6, 0.23050548877351393)]
[(4, 0.38876992663723142), (6, 0.38506411104549954)]
[(4, 0.80468995095683615)]
[(4, 0.70054176899511866)]
[(4, 0.49060659159547526), (6, 0.22393586001411589)]
[(5, 0.64061979319176698)]
[(3, 0.36226108326810702)]
[(3, 0.26140874596775487), (6, 0.35760193525090817)]
[(3, 0.58904253164552789)]
[(3, 0.54957358177114524), (4, 0.44158691441660169)]
[(1, 0.2642028775752458), (6, 0.56987538064872878)]
[(2, 0.34962337767226515), (6, 0.46504976605784193)]
[(0, 0.4959149488191385), (4, 0.22852453975496634)]
[(0, 0.65447445426863404)]
[(0, 0.43177729767162221), (4, 0.39849066399184208)]
[(4, 0.6691671755981855), (6, 0.20957062502263465)]
[(0, 0.2220402671433257), (6, 0.40826943332756682)]
[(0, 0.55886068643524744)]
[(6, 0.63331810428442836)]
[(0, 0.213317598036776), (6, 0.6840112555569855)]
[(2, 0.22554953471958991), (4, 0.35498914874172932), (6, 0.23050672047178949)]
[(4, 0.38500819118399476), (6, 0.34369882433810128)]
[(4, 0.80469064917917144)]
[(4, 0.70054235577774515)]
[(4, 0.49047588938042197), (6, 0.22385260624958642)]
[(5, 0.64061905452289769)]
[(3, 0.36225923054905501)]
[(3, 0.26140860495993962), (6, 0.35760221325817548)]
[(3, 0.58903164408498943)]
[(3, 0.54958663430796517), (4, 0.44157389497378269)]
[(1, 0.26418727233307721), (6, 0.56986949880950755)]
[(2, 0.34962543377928246), (6, 0.46505465028241477)]
[(0, 0.4959270897123671), (4, 0.22852883273424385)]
[(0, 0.65447639466179752)]
[(0, 0.43175895444934298), (4, 0.39851515855559522)]
[(4, 0.67130283206529928), (6, 0.20722410427207319)]
[(0, 0.22204088451945964), (6, 0.40826444502889669)]
[(0, 0.55886806232815023)]
[(6, 0.63333108081469525)]
[(0, 0.21331125148850785), (6, 0.68401403257958615)]
[(2, 0.22554598211867796), (4, 0.35498808638064694), (6, 0.23050586288571204)]
[(4, 0.3849879031843591), (6, 0.34374214823499921)]
[(4, 0.8046920853160463)]
[(4, 0.70054295622164309)]
[(4, 0.4905331974295013), (6, 0.22388899697605336)]
[(5, 0.64061890995094029)]
[(3, 0.36225723323552578)]
[(3, 0.26140874201537306), (6, 0.35760299438681187)]
[(3, 0.5890400330989507)]
[(3, 0.54957103467539803), (4, 0.4415894788404463)]
[(1, 0.26419308583405193), (6, 0.56987172509151218)]
[(2, 0.34962506936474147), (6, 0.46505378764163641)]
[(0, 0.4959317455186068), (4, 0.22852716878152432)]
[(0, 0.6544767332792828)]
[(0, 0.43176162111427674), (4, 0.39851206833091118)]
[(4, 0.67131022528913398), (6, 0.2072344856015326)]
[(0, 0.22204130007111791), (6, 0.40826460763917277)]
[(0, 0.55886771362744536)]
[(6, 0.63334483558366539)]
[(0, 0.21331117646166384), (6, 0.68401406590648739)]
[(2, 0.22554824314785432), (4, 0.35498848135364397), (6, 0.23050645561995239)]
[(4, 0.3850395161498949), (6, 0.34369802759271439)]
[(4, 0.80465420018170963)]
[(4, 0.70054357514418542)]
[(4, 0.49049416349602509), (6, 0.22386418294233082)]
[(5, 0.6406197161481072)]
[(3, 0.36225974067624728)]
[(3, 0.26140903533225401), (6, 0.35760258577890142)]
[(3, 0.58904118829122332)]
[(3, 0.54958642470066299), (4, 0.4415741045266105)]
[(1, 0.26418132963109425), (6, 0.56986695217112693)]
[(2, 0.34963227224324672), (6, 0.46507060236621606)]
[(0, 0.49593345765309627), (4, 0.2285256952943133)]
[(0, 0.65448308869563998)]
[(0, 0.43178593785388297), (4, 0.39848561005186628)]
[(4, 0.67131265829709996), (6, 0.20724651654257004)]
[(0, 0.22204120367081367), (6, 0.40826406594255188)]
[(0, 0.55886211942501784)]
[(6, 0.63333870986740659)]
[(0, 0.21332798020026322), (6, 0.68400692764443416)]
[(2, 0.22554510391735053), (4, 0.35498893084523803), (6, 0.23050570736402526)]
[(4, 0.38504842643153447), (6, 0.34373363974391979)]
[(4, 0.80470195685886725)]
[(4, 0.70054503146590641)]
[(4, 0.49051846431238327), (6, 0.223879619566797)]
[(5, 0.64061899163090164)]
[(3, 0.36225930428683495)]
[(3, 0.26140891923187021), (6, 0.35760239488998036)]
[(3, 0.58904236622130801)]
[(3, 0.54957284537324558), (4, 0.4415876776139141)]
[(1, 0.2642013350301613), (6, 0.56987516595266541)]
[(2, 0.34962678270679848), (6, 0.46505783224288993)]
[(0, 0.49590808692305349), (4, 0.22852333568569869)]
[(0, 0.65448802607321588)]
[(0, 0.43177159200409815), (4, 0.39850117793493378)]
[(4, 0.66917282350153984), (6, 0.2095565316051419)]
[(0, 0.22204094734520585), (6, 0.4082623884558067)]
[(0, 0.55886285686026904)]
[(6, 0.63333263873098655)]
[(0, 0.21331992048940007), (6, 0.68401026203567583)]
[(2, 0.22554634243164051), (4, 0.35498850979335689), (6, 0.23050606252762576)]
[(4, 0.384931944893246), (6, 0.34355480845693376)]
[(4, 0.80466799629066332)]
[(4, 0.70054377282482416)]
[(4, 0.49061038053799877), (6, 0.22393828444386041)]
[(5, 0.64061823916212601)]
[(3, 0.3622624513232523)]
[(3, 0.26140896582779405), (6, 0.35760289284006896)]
[(3, 0.58903048284175619)]
[(3, 0.54957326022048214), (4, 0.44158724229019908)]
[(1, 0.26419339519040785), (6, 0.56987185503732629)]
[(2, 0.3496305101911259), (6, 0.46506653430401762)]
[(0, 0.49591216149027689), (4, 0.22852454963573099)]
[(0, 0.65446781779363072)]
[(0, 0.43176613361262051), (4, 0.39850708111626931)]
[(4, 0.67130979356382225), (6, 0.20724419156431759)]
[(0, 0.22204145024726554), (6, 0.40826170658508587)]
[(0, 0.55886041922016039)]
[(6, 0.63332908365551011)]
[(0, 0.21333498950899132), (6, 0.68400420768104053)]
[(2, 0.2255409898382767), (4, 0.35499009067087872), (6, 0.23050485466149284)]
[(4, 0.38504523039927085), (6, 0.34376550560776753)]
[(4, 0.80468056089176099)]
[(4, 0.70054340556439043)]
[(4, 0.49052004013589529), (6, 0.2238806219457608)]
[(5, 0.64061762508593023)]
[(3, 0.3622598427422648)]
[(3, 0.26140890570245073), (6, 0.35760208702699303)]
[(3, 0.5890304375720915)]
[(3, 0.54957208283192494), (4, 0.441588383596689)]
[(1, 0.2641970702345493), (6, 0.56987303233700159)]
[(2, 0.34962899238117556), (6, 0.4650630068038652)]
[(0, 0.49590647235229446), (4, 0.22852747446662394)]
[(0, 0.65448384764777001)]
[(0, 0.43178095447693859), (4, 0.3984908496922393)]
[(4, 0.66916340708365374), (6, 0.20955369890165071)]
[(0, 0.22204182096693315), (6, 0.40826899292940289)]
[(0, 0.55886565886715378)]
[(6, 0.63332960909881086)]
[(0, 0.21330871230962253), (6, 0.68401516643542848)]
[(2, 0.22554395657420992), (4, 0.35498837919651327), (6, 0.23050547863193918)]
[(4, 0.38484434605863282), (6, 0.34327148823994807)]
[(4, 0.80463388016579673)]
[(4, 0.70054508578883501)]
[(4, 0.49065677936262742), (6, 0.22396798355505582)]
[(5, 0.6406176606209667)]
[(3, 0.36225937114001133)]
[(3, 0.26140871825385298), (6, 0.35760228104429409)]
[(3, 0.58903254423245177)]
[(3, 0.5495827562867095), (4, 0.44157777386486496)]
[(1, 0.26420025660785368), (6, 0.5698743699459764)]
[(2, 0.34962696082539002), (6, 0.46505825109287496)]
[(0, 0.49592495154777266), (4, 0.22852441240304169)]
[(0, 0.65447660166424082)]
[(0, 0.43177833719387704), (4, 0.39849404476117201)]
[(4, 0.66917172647485446), (6, 0.20955770028928905)]
[(0, 0.22204066355910757), (6, 0.40826158995601503)]
[(0, 0.55886734384478287)]
[(6, 0.63332197610230079)]
[(0, 0.21330740519426619), (6, 0.68401575474085707)]
[(2, 0.22554576843738883), (4, 0.35498930103371207), (6, 0.23050589392420623)]
[(4, 0.3848976580709958), (6, 0.34358400913767062)]
[(4, 0.80466809565622044)]
[(4, 0.70054252006887552)]
[(4, 0.49064161478332941), (6, 0.22395827937923374)]
[(5, 0.64061792534729456)]
[(3, 0.36225879613594913)]
[(3, 0.26140902114069647), (6, 0.35760213382555656)]
[(3, 0.58904261916894152)]
[(3, 0.54958082250430551), (4, 0.44157970575026717)]
[(1, 0.26419095924996611), (6, 0.5698709380089737)]
[(2, 0.34963153185605539), (6, 0.46506889655244432)]
[(0, 0.49592027789869969), (4, 0.22852949885405244)]
[(0, 0.65448438064689807)]
[(0, 0.43177840841060733), (4, 0.39849357414696401)]
[(4, 0.66916512320897059), (6, 0.20955638575871186)]
[(0, 0.22204209685082033), (6, 0.40826673888507797)]
[(0, 0.55887091037070402)]
[(6, 0.63331479675804969)]
[(0, 0.21333580570468011), (6, 0.68400390458050953)]
[(2, 0.22554082414132881), (4, 0.35498831451132529), (6, 0.23050482549755685)]
[(4, 0.38487418501116999), (6, 0.34347644438801339)]
[(4, 0.80465416114110599)]
[(4, 0.70054349484668343)]
[(4, 0.49054169757776572), (6, 0.22389441258284318)]
[(5, 0.640619358970276)]
[(3, 0.3622578727173833)]
[(3, 0.26140892438753249), (6, 0.35760261016200623)]
[(3, 0.58904080259315161)]
[(3, 0.54957482629812493), (4, 0.4415856847297277)]
[(1, 0.26419370281601345), (6, 0.5698725235561406)]
[(2, 0.34962323723398175), (6, 0.46504943093305839)]
[(0, 0.49591000995728285), (4, 0.22852514211197456)]
[(0, 0.6544834274230058)]
[(0, 0.43178218355596348), (4, 0.39848976447783491)]
[(4, 0.67131334629068384), (6, 0.20724527757668956)]
[(0, 0.22204066349449261), (6, 0.40826369901231424)]
[(0, 0.55886207597070303)]
[(6, 0.63331948914910474)]
[(0, 0.21331782356381415), (6, 0.6840111585090054)]
[(2, 0.22554741085468252), (4, 0.35498802433845128), (6, 0.23050632225283846)]
[(4, 0.38505636811769617), (6, 0.3437734244501241)]
[(4, 0.80467253787430681)]
[(4, 0.70054361418191968)]
[(4, 0.49044015377620914), (6, 0.22383008468376642)]
[(5, 0.64061839834191392)]
[(3, 0.36225855812303204)]
[(3, 0.26140922677952433), (6, 0.35760269811052919)]
[(3, 0.58904218590492208)]
[(3, 0.54957852380907013), (4, 0.44158199608621806)]
[(1, 0.26420121898247939), (6, 0.56987471454078942)]
[(2, 0.34962266192681829), (6, 0.46504805605982674)]
[(0, 0.49592433691504911), (4, 0.22852503486579182)]
[(0, 0.65447466401828125)]
[(0, 0.43178354451885625), (4, 0.39848828840135447)]
[(4, 0.66916471571000791), (6, 0.2095652802459442)]
[(0, 0.22204081227351688), (6, 0.40826304282367926)]
[(0, 0.55886167316791158)]
[(6, 0.6333188671526101)]
[(0, 0.21333602154569717), (6, 0.68400382496525924)]
[(2, 0.22554896967753219), (4, 0.35498911243329706), (6, 0.23050669222942274)]
[(4, 0.38495562509650089), (6, 0.34364560947571493)]
[(4, 0.80464695047931589)]
[(4, 0.70054358642407022)]
[(4, 0.49059429501996943), (6, 0.22392799455692294)]
[(5, 0.64062029359609929)]
[(3, 0.36226206074907369)]
[(3, 0.26140876760765802), (6, 0.35760271745119626)]
[(3, 0.58903161900114664)]
[(3, 0.54958357045752648), (4, 0.44157695911384898)]
[(1, 0.2641967860273764), (6, 0.56987388754091806)]
[(2, 0.34962815957758747), (6, 0.4650610620424554)]
[(0, 0.4959407849099442), (4, 0.22852669844455681)]
[(0, 0.65449076674372519)]
[(0, 0.43178643585174764), (4, 0.39848505387912309)]
[(4, 0.66916513661116539), (6, 0.2095641010057358)]
[(0, 0.22204099947301004), (6, 0.40826652789366585)]
[(0, 0.55886042490158439)]
[(6, 0.63332902614658237)]
[(0, 0.21333682997753844), (6, 0.68400352883462157)]
[(2, 0.22554429226074388), (4, 0.35499053071420666), (6, 0.23050562653717754)]
[(4, 0.38500620494170279), (6, 0.34369331918133461)]
[(4, 0.80467237170434447)]
[(4, 0.70054236988867002)]
[(4, 0.49058645448579097), (6, 0.22392298185388326)]
[(5, 0.64061851590192165)]
[(3, 0.36225993798514067)]
[(3, 0.26140997305251895), (6, 0.35760479897589781)]
[(3, 0.58903180909065311)]
[(3, 0.54958686662948608), (4, 0.44157366391052155)]
[(1, 0.26421961579718595), (6, 0.56988479009686877)]
[(2, 0.34963257346046295), (6, 0.4650712948986066)]
[(0, 0.49591922633658164), (4, 0.22852726841014209)]
[(0, 0.6544815764287627)]
[(0, 0.43177812482369371), (4, 0.39849390929360506)]
[(4, 0.66916838212780094), (6, 0.20956781132474264)]
[(0, 0.22204049070767168), (6, 0.40826560040624638)]
[(0, 0.55886715472510351)]
[(6, 0.63332017224884241)]
[(0, 0.2133160757132167), (6, 0.68401191371395809)]
[(2, 0.22554918145680336), (4, 0.35498753647431769), (6, 0.23050668258822657)]
[(4, 0.38484033749608088), (6, 0.34327877611602681)]
[(4, 0.8047145950903275)]
[(4, 0.70054327691858342)]
[(4, 0.49062178523580763), (6, 0.22394558394568351)]
[(5, 0.64061756659902536)]
[(3, 0.36226157628122313)]
[(3, 0.2614088728345163), (6, 0.35760238918267201)]
[(3, 0.58903112156731274)]
[(3, 0.54957194340931426), (4, 0.44158857379329836)]
[(1, 0.26418108918647454), (6, 0.56986686035753631)]
[(2, 0.34962818763841236), (6, 0.46506112767692909)]
[(0, 0.49591291754798328), (4, 0.22852521510092527)]
[(0, 0.65449372843760745)]
[(0, 0.43177399997891031), (4, 0.39849849922075431)]
[(4, 0.66915842085440436), (6, 0.2095476100883438)]
[(0, 0.22204115080250542), (6, 0.40826338737855777)]
[(0, 0.55886512162725011)]
[(6, 0.63332411267370869)]
[(0, 0.21330671996871403), (6, 0.68401606435203388)]
[(2, 0.22554449598276247), (4, 0.35498858758419033), (6, 0.23050555830510619)]
[(4, 0.38504194394262181), (6, 0.34371536429230515)]
[(4, 0.80468609584402784)]
[(4, 0.70054318835691609)]
[(4, 0.49066671142829732), (6, 0.223974328146366)]
[(5, 0.64061826877180095)]
[(3, 0.36226054497075433)]
[(3, 0.26140887179333516), (6, 0.35760200252956881)]
[(3, 0.5890404710505851)]
[(3, 0.54958490607772736), (4, 0.4415756226221928)]
[(1, 0.26418829734697524), (6, 0.56986976507181841)]
[(2, 0.34962479203510571), (6, 0.46505313028140577)]
[(0, 0.49591350547402108), (4, 0.22852542852663044)]
[(0, 0.65447124463207151)]
[(0, 0.43177190567905199), (4, 0.39850116368523164)]
[(4, 0.66916737394877179), (6, 0.20957148159788772)]
[(0, 0.22204064228997944), (6, 0.40826418699904798)]
[(0, 0.5588665057972112)]
[(6, 0.63331995663753415)]
[(0, 0.21331576416573625), (6, 0.68401204905340984)]
[(2, 0.22554624398520925), (4, 0.35498873029369521), (6, 0.23050598872406267)]
[(4, 0.38502208659089249), (6, 0.34373471581269088)]
[(4, 0.80473803240770203)]
[(4, 0.70054397255784229)]
[(4, 0.49056878629470946), (6, 0.22391169404195058)]
[(5, 0.64061923395339904)]
[(3, 0.36226076081027525)]
[(3, 0.26140899832387615), (6, 0.35760245644635236)]
[(3, 0.58903079138352266)]
[(3, 0.5495826516420832), (4, 0.44157787695831957)]
[(1, 0.26420009313737564), (6, 0.56987428022756859)]
[(2, 0.34961730160617932), (6, 0.46503508630849316)]
[(0, 0.49592765691167223), (4, 0.22853035960027365)]
[(0, 0.65448819572076344)]
[(0, 0.4317857816637099), (4, 0.39848577351355918)]
[(4, 0.66917207117512567), (6, 0.20955256610437228)]
[(0, 0.22204181287079788), (6, 0.40826690748334415)]
[(0, 0.55886241670958781)]
[(6, 0.63334643895355802)]
[(0, 0.21333612076319902), (6, 0.68400378844481136)]
[(2, 0.22554604177993298), (4, 0.35498844229783777), (6, 0.23050594529815416)]
[(4, 0.38504918772584007), (6, 0.3437300529698144)]
[(4, 0.80468427993811842)]
[(4, 0.70054377312725979)]
[(4, 0.49051870831542893), (6, 0.22387977477071974)]
[(5, 0.64061820568434213)]
[(3, 0.3622607475429922)]
[(3, 0.26140888140346868), (6, 0.35760262270031523)]
[(3, 0.58903076837045332)]
[(3, 0.54958597738443016), (4, 0.44157455196813611)]
[(1, 0.26420469931998813), (6, 0.5698761346134753)]
[(2, 0.34963326139583706), (6, 0.46507287341111408)]
[(0, 0.49592073166355533), (4, 0.22852355583664427)]
[(0, 0.65448244287569746)]
[(0, 0.43178384064697983), (4, 0.39848795851877061)]
[(4, 0.67129480214290793), (6, 0.20719434910459206)]
[(0, 0.22204090600408055), (6, 0.40826341958944429)]
[(0, 0.55886497404320401)]
[(6, 0.63332904443819449)]
[(0, 0.21331660945826439), (6, 0.68401168235264176)]
[(2, 0.2255404157578032), (4, 0.35498880084857964), (6, 0.23050469787817926)]
[(4, 0.38494967369474214), (6, 0.34361375956295809)]
[(4, 0.80462249032971678)]
[(4, 0.70054352722767776)]
[(4, 0.49057407350395488), (6, 0.2239150706817627)]
[(5, 0.64061897532796752)]
[(3, 0.36225883502484013)]
[(3, 0.26140917486782761), (6, 0.35760296777546519)]
[(3, 0.58903115097884395)]
[(3, 0.54958630206809822), (4, 0.44157422790749129)]
[(1, 0.26420632990800325), (6, 0.56987714956582802)]
[(2, 0.34963602781361247), (6, 0.4650791774418962)]
[(0, 0.49591197685875965), (4, 0.22852468300785378)]
[(0, 0.65449091859392672)]
[(0, 0.43177203194621055), (4, 0.39850030491524152)]
[(4, 0.66916610647516739), (6, 0.2095578371439695)]
[(0, 0.2220402076668524), (6, 0.40826103149354714)]
[(0, 0.558868371376956)]
[(6, 0.63332857713294666)]
[(0, 0.2133079161917181), (6, 0.68401552438830937)]
[(2, 0.22554722120743248), (4, 0.35498923506659935), (6, 0.23050618834544553)]
[(4, 0.38503012376877377), (6, 0.34376641557090892)]
[(4, 0.80475851458720726)]
[(4, 0.70054379101046105)]
[(4, 0.49057427803328907), (6, 0.22391520133328013)]
[(5, 0.64061846479889706)]
[(3, 0.36226014090049735)]
[(3, 0.26140873160881101), (6, 0.35760203400168927)]
[(3, 0.58904194316715541)]
[(3, 0.54958240165977557), (4, 0.44157812715552019)]
[(1, 0.2641906546862689), (6, 0.56987042538799315)]
[(2, 0.349633934617611), (6, 0.46507441394813065)]
[(0, 0.49593660965557435), (4, 0.22852579089448805)]
[(0, 0.65447576218711512)]
[(0, 0.43182611832456441), (4, 0.39843674245480559)]
[(4, 0.6691648973738874), (6, 0.20953025432467282)]
[(0, 0.22204128328191278), (6, 0.40826427437083812)]
[(0, 0.55886362962146885)]
[(6, 0.6333308241149932)]
[(0, 0.21333087002474782), (6, 0.68400578275424184)]
[(2, 0.22553934072320395), (4, 0.35498887091079617), (6, 0.23050440868531716)]
[(4, 0.38481156315237447), (6, 0.34340002277922532)]
[(4, 0.80468038457201685)]
[(4, 0.70054407609904845)]
[(4, 0.49052918170693371), (6, 0.22388643981319373)]
[(5, 0.64061933472298394)]
[(3, 0.36225686000850482)]
[(3, 0.26140855820583253), (6, 0.35760166490107964)]
[(3, 0.58903338824012441)]
[(3, 0.54957539178260351), (4, 0.44158513289349088)]
[(1, 0.26418383201435564), (6, 0.56986798721991583)]
[(2, 0.34963376786811545), (6, 0.46507403275954434)]
[(0, 0.49590958445155775), (4, 0.22854247320973395)]
[(0, 0.654490802739921)]
[(0, 0.43177435261764896), (4, 0.3984981112478187)]
[(4, 0.67131154730207787), (6, 0.20722868053276614)]
[(0, 0.22204106457022446), (6, 0.40826529356196395)]
[(0, 0.55886462036425688)]
[(6, 0.63334854646474337)]
[(0, 0.21331968297858139), (6, 0.6840103630316805)]
[(2, 0.22554719621692643), (4, 0.35498918668607643), (6, 0.23050619818610937)]
[(4, 0.38504125502484032), (6, 0.34369957358027858)]
[(4, 0.8047525855757538)]
[(4, 0.70054717889648166)]
[(4, 0.49059606481035106), (6, 0.22392912632216172)]
[(5, 0.64061828232569662)]
[(3, 0.362258163191434)]
[(3, 0.26140876468973517), (6, 0.35760224096464249)]
[(3, 0.58903045074746097)]
[(3, 0.54957382594584459), (4, 0.44158667287909065)]
[(1, 0.26418297994298234), (6, 0.56986743477651802)]
[(2, 0.3496300673612367), (6, 0.46506550737978181)]
[(0, 0.49593656336883568), (4, 0.22853131225870829)]
[(0, 0.65448940166348535)]
[(0, 0.43177228471568124), (4, 0.3985007611052897)]
[(4, 0.6691648927778534), (6, 0.20956803854305431)]
[(0, 0.22204162231142405), (6, 0.40827096898447546)]
[(0, 0.55886810342719628)]
[(6, 0.63332474444112197)]
[(0, 0.21333507289307913), (6, 0.68400417657016777)]
[(2, 0.22554166472552897), (4, 0.35498850695769918), (6, 0.23050503000447861)]
[(4, 0.38505077675299137), (6, 0.3437314779061949)]
[(4, 0.80470018010503586)]
[(4, 0.70054495682252471)]
[(4, 0.49059158245469858), (6, 0.22392626009498826)]
[(5, 0.64061815873092065)]
[(3, 0.36226049420274553)]
[(3, 0.26140890528934202), (6, 0.35760210998476483)]
[(3, 0.58904134180235312)]
[(3, 0.54957920347044154), (4, 0.44158132460206645)]
[(1, 0.26420618078794844), (6, 0.56987681218204822)]
[(2, 0.34961969171486706), (6, 0.46504090528940062)]
[(0, 0.49591482729801423), (4, 0.22852416628112548)]
[(0, 0.6544749302678412)]
[(0, 0.43177892554268493), (4, 0.39849161852427439)]
[(4, 0.67131488812743034), (6, 0.20724490174596363)]
[(0, 0.22204154971438589), (6, 0.40826664393973305)]
[(0, 0.55886619457561226)]
[(6, 0.63333241460214218)]
[(0, 0.21331251872869575), (6, 0.68401347134329671)]
[(2, 0.22554372143873958), (4, 0.35499002406230706), (6, 0.23050544545821081)]
[(4, 0.38504170319273984), (6, 0.34372263757386246)]
[(4, 0.80472334093819331)]
[(4, 0.70054463935141009)]
[(4, 0.49055101685250352), (6, 0.22390035416468373)]
[(5, 0.64061871165856799)]
[(3, 0.36226052657167129)]
[(3, 0.26140888118582639), (6, 0.35760242550530569)]
[(3, 0.58904181533635658)]
[(3, 0.5495845113150738), (4, 0.44157601795083151)]
[(1, 0.2641985033601546), (6, 0.56987358701079138)]
[(2, 0.34962529663298181), (6, 0.46505432578416261)]
[(0, 0.49593919512339013), (4, 0.22852865344172982)]
[(0, 0.65448698249018911)]
[(0, 0.4317738945458599), (4, 0.3984989120560814)]
[(4, 0.67130753219655614), (6, 0.20723529377024938)]
[(0, 0.22204075042444596), (6, 0.40826272808115616)]
[(0, 0.55886264265879415)]
[(6, 0.63334159136619028)]
[(0, 0.21331482137100305), (6, 0.68401245991815518)]
[(2, 0.22554455764032549), (4, 0.35498857120622296), (6, 0.23050566903707995)]
[(4, 0.38503645434046546), (6, 0.34378205646014082)]
[(4, 0.80466141331879426)]
[(4, 0.70054237023661015)]
[(4, 0.49049287457355939), (6, 0.22386336542058705)]
[(5, 0.64061978003153863)]
[(3, 0.36225993452677813)]
[(3, 0.26140913758998785), (6, 0.35760222264628599)]
[(3, 0.58903484625686875)]
[(3, 0.5495863079401776), (4, 0.44157422228241461)]
[(1, 0.26420485648020492), (6, 0.5698762351079345)]
[(2, 0.34962710899433774), (6, 0.46505859927963694)]
[(0, 0.49593864526753101), (4, 0.22852964941751291)]
[(0, 0.65446582969453237)]
[(0, 0.43177058241987071), (4, 0.39850250984384289)]
[(4, 0.66916879137220553), (6, 0.20956039903837928)]
[(0, 0.22204051865074537), (6, 0.40826764461119686)]
[(0, 0.55886582719253097)]
[(6, 0.6333399707973969)]
[(0, 0.21331553438678355), (6, 0.68401214901053797)]
[(2, 0.22554381402721399), (4, 0.35498947674103543), (6, 0.2305054738943314)]
[(4, 0.38503742138489472), (6, 0.34368949954523154)]
[(4, 0.80463723002193765)]
[(4, 0.70054248162600552)]
[(4, 0.49055829429494369), (6, 0.2239049967552077)]
[(5, 0.64061938107472149)]
[(3, 0.36225759446847638)]
[(3, 0.26140908325515139), (6, 0.35760203185793349)]
[(3, 0.58903085608870309)]
[(3, 0.54958689325783383), (4, 0.44157363710663922)]
[(1, 0.26418673664176517), (6, 0.56986924573669251)]
[(2, 0.34963056264839243), (6, 0.4650666558321247)]
[(0, 0.49592095493790139), (4, 0.22852815131918522)]
[(0, 0.6544691577344085)]
[(0, 0.43177342631087107), (4, 0.39849811136489111)]
[(4, 0.66916432843934648), (6, 0.20956319616556332)]
[(0, 0.22204035175765485), (6, 0.40826588354316962)]
[(0, 0.55886550586479866)]
[(6, 0.63332071147731372)]
[(0, 0.21333544890796893), (6, 0.6840040366868464)]
[(2, 0.22554349082867572), (4, 0.35498983033464898), (6, 0.23050547879921365)]
[(4, 0.38505834134893013), (6, 0.3437553883350401)]
[(4, 0.80471236099115973)]
[(4, 0.70054340323169195)]
[(4, 0.49062679454474661), (6, 0.22394879083970723)]
[(5, 0.64061785440773522)]
[(3, 0.36225739951569047)]
[(3, 0.26140844910248379), (6, 0.35760161940801649)]
[(3, 0.58903106082748591)]
[(3, 0.54958641477839987), (4, 0.44157411522322132)]
[(1, 0.26419659156554526), (6, 0.56987322213865321)]
[(2, 0.34962338684625088), (6, 0.46504978794081009)]
[(0, 0.49591808671330079), (4, 0.22852553159022862)]
[(0, 0.65448872415533155)]
[(0, 0.43178601696345587), (4, 0.39848550086288759)]
[(4, 0.67129835729091425), (6, 0.20721593651236464)]
[(0, 0.22204086842560639), (6, 0.40826422499256143)]
[(0, 0.55886215579445619)]
[(6, 0.63331454133832676)]
[(0, 0.21330914964138931), (6, 0.68401497028943226)]
[(2, 0.22554494641098025), (4, 0.35498976315190695), (6, 0.23050574301506757)]
[(4, 0.38494171913027914), (6, 0.34358573401310161)]
[(4, 0.80468944994474523)]
[(4, 0.70054349359477353)]
[(4, 0.4906258828410161), (6, 0.22394820716612712)]
[(5, 0.64061799458590474)]
[(3, 0.36226121171283665)]
[(3, 0.26140997412462791), (6, 0.35760489476755791)]
[(3, 0.5890415459463787)]
[(3, 0.54958322430150308), (4, 0.44157730295494169)]
[(1, 0.26419693837167918), (6, 0.56987299706809591)]
[(2, 0.34962493305705261), (6, 0.46505346464219749)]
[(0, 0.4959095494814218), (4, 0.22852438877415279)]
[(0, 0.65449398454356678)]
[(0, 0.43177731839607919), (4, 0.39849487679011203)]
[(4, 0.66916395334011824), (6, 0.20956092499943116)]
[(0, 0.22204064389965653), (6, 0.40826119925691251)]
[(0, 0.55885708726748273)]
[(6, 0.63332527090399515)]
[(0, 0.21332943448774325), (6, 0.68400634769918045)]
[(2, 0.22554564668450419), (4, 0.35498845641241428), (6, 0.23050581686066507)]
[(4, 0.38501467204134077), (6, 0.34371713974645995)]
[(4, 0.80468005697392708)]
[(4, 0.70054336184113952)]
[(4, 0.49054950153827981), (6, 0.22389938777781179)]
[(5, 0.64062001734673146)]
[(3, 0.36225733438807578)]
[(3, 0.26140861821296002), (6, 0.35760172796342704)]
[(3, 0.58904261397242386)]
[(3, 0.54957374838806017), (4, 0.44158675668728259)]
[(1, 0.26420304368547864), (6, 0.56987579494944574)]
[(2, 0.34962928919420033), (6, 0.46506369832734024)]
[(0, 0.49591756508418283), (4, 0.22852249273678873)]
[(0, 0.6544887804135604)]
[(0, 0.43175940426600012), (4, 0.39851484550184829)]
[(4, 0.66916121052065225), (6, 0.20956151085861435)]
[(0, 0.22204213402066991), (6, 0.40827026990446835)]
[(0, 0.55886554069987071)]
[(6, 0.6333356212565534)]
[(0, 0.21330614262142628), (6, 0.68401632584898264)]
[(2, 0.22554633484568315), (4, 0.35498892274670985), (6, 0.23050605748805741)]
[(4, 0.38485341886804664), (6, 0.34331737203339058)]
[(4, 0.80470130399308482)]
[(4, 0.70054460500514903)]
[(4, 0.49052980090119469), (6, 0.22388683405440285)]
[(5, 0.64061906071800812)]
[(3, 0.36226119273116958)]
[(3, 0.26140910581110244), (6, 0.35760263988925733)]
[(3, 0.58903007472170998)]
[(3, 0.54957230847440641), (4, 0.44158819623769813)]
[(1, 0.26420853891815999), (6, 0.56987804673680309)]
[(2, 0.34963125992478949), (6, 0.46506826875676338)]
[(0, 0.49590904421819193), (4, 0.2285252067562473)]
[(0, 0.65448387041510614)]
[(0, 0.43177834586097386), (4, 0.39849370351316521)]
[(4, 0.66917235315781043), (6, 0.20955214656129936)]
[(0, 0.22204034544776111), (6, 0.40826371729820704)]
[(0, 0.55886321369422531)]
[(6, 0.63332082033285331)]
[(0, 0.2133239282580329), (6, 0.68400858027094991)]
[(2, 0.22554603862611258), (4, 0.35498754674373201), (6, 0.2305058763676367)]
[(4, 0.38485933465892097), (6, 0.34320680101780465)]
[(4, 0.80475752808765522)]
[(4, 0.70054348489682061)]
[(4, 0.49044708358226186), (6, 0.22383443629621114)]
[(5, 0.64061938844755861)]
[(3, 0.36225968637689732)]
[(3, 0.26140940359492781), (6, 0.35760307795373003)]
[(3, 0.58903273114692922)]
[(3, 0.54958538171014137), (4, 0.44157514770154876)]
[(1, 0.26420099539715142), (6, 0.56987465116429126)]
[(2, 0.34962803438086121), (6, 0.46506076910992838)]
[(0, 0.49591116201146201), (4, 0.22852521678794366)]
[(0, 0.65447747581324112)]
[(0, 0.43178165704789184), (4, 0.39849034375130377)]
[(4, 0.66916426937546347), (6, 0.2095321232065265)]
[(0, 0.22203933620815008), (6, 0.40826301488722144)]
[(0, 0.55886602324802459)]
[(6, 0.6333354230177739)]
[(0, 0.21330946324904548), (6, 0.68401482985093998)]
[(2, 0.22554487621095815), (4, 0.35498904460655584), (6, 0.23050562351503107)]
[(4, 0.38504274739359395), (6, 0.34371075116605454)]
[(4, 0.80469874825999299)]
[(4, 0.70054327907034997)]
[(4, 0.49062333945001718), (6, 0.22394657889895689)]
[(5, 0.64061847568439356)]
[(3, 0.36226230861075859)]
[(3, 0.26140880170076125), (6, 0.35760231451642821)]
[(3, 0.58904270994373931)]
[(3, 0.54958408970225658), (4, 0.44157643929657014)]
[(1, 0.2641987149115258), (6, 0.56987406876553259)]
[(2, 0.34961935401220195), (6, 0.4650400866468507)]
[(0, 0.49590669510957408), (4, 0.2285250545449205)]
[(0, 0.65447019920224059)]
[(0, 0.43178564877973646), (4, 0.39848567136007929)]
[(4, 0.67131630175813251), (6, 0.20723952741249863)]
[(0, 0.22204210553577611), (6, 0.40827240024601746)]
[(0, 0.55886726688599153)]
[(6, 0.63333405790926733)]
[(0, 0.21331347842994827), (6, 0.68401304845802824)]
[(2, 0.22554334381527574), (4, 0.35498925371064216), (6, 0.2305053145061384)]
[(4, 0.38505316332797995), (6, 0.343764572243551)]
[(4, 0.80474431732610341)]
[(4, 0.7005432307677133)]
[(4, 0.49056155510313704), (6, 0.22390707770115795)]
[(5, 0.64061833299120263)]
[(3, 0.36225985907155939)]
[(3, 0.26140998240156738), (6, 0.35760481837368019)]
[(3, 0.58903360042875796)]
[(3, 0.54957219125305523), (4, 0.44158831100350815)]
[(1, 0.26420694323856003), (6, 0.56987706456764708)]
[(2, 0.34962165171755333), (6, 0.46504563389968556)]
[(0, 0.49591556748531929), (4, 0.22852444472531577)]
[(0, 0.65449193420423746)]
[(0, 0.43175888382623639), (4, 0.39851518475377273)]
[(4, 0.66916142723548899), (6, 0.20956002610453062)]
[(0, 0.22204206522714531), (6, 0.40826949308776028)]
[(0, 0.55886346678586563)]
[(6, 0.63332122719388928)]
[(0, 0.21332051320021936), (6, 0.68401001062262656)]
[(2, 0.22554729340047708), (4, 0.35498860495326978), (6, 0.23050618482264049)]
[(4, 0.38482689395690511), (6, 0.3432294227531888)]
[(4, 0.80473325101104265)]
[(4, 0.70054238472405694)]
[(4, 0.49062316176000631), (6, 0.22394646514574737)]
[(5, 0.64061939247007282)]
[(3, 0.36225891026936424)]
[(3, 0.26140940711960525), (6, 0.35760343409644285)]
[(3, 0.58904257629139856)]
[(3, 0.54958460124101405), (4, 0.44157592750603653)]
[(1, 0.26421002154628964), (6, 0.56987921904646499)]
[(2, 0.34962388661818267), (6, 0.46505097890496383)]
[(0, 0.49592846085161335), (4, 0.22853130071765834)]
[(0, 0.65446502375809779)]
[(0, 0.43178229211464186), (4, 0.39848968499682352)]
[(4, 0.66916725314769332), (6, 0.20957065104538566)]
[(0, 0.22204031461039098), (6, 0.40827072222345229)]
[(0, 0.55885905200104591)]
[(6, 0.63332970716589043)]
[(0, 0.21330857254569086), (6, 0.6840152291937408)]
[(2, 0.22554515323127769), (4, 0.35498866285566427), (6, 0.23050574419309008)]
[(4, 0.3849867023511272), (6, 0.34373316877628224)]
[(4, 0.80466297039597579)]
[(4, 0.70054280386616363)]
[(4, 0.49040234124174215), (6, 0.22380656477210426)]
[(5, 0.64061818882150223)]
[(3, 0.36226022244873435)]
[(3, 0.2614091766544393), (6, 0.35760258792252064)]
[(3, 0.58903200274900747)]
[(3, 0.54958350386794885), (4, 0.4415770257192036)]
[(1, 0.26421125977802162), (6, 0.56987981108887897)]
[(2, 0.34962950142277316), (6, 0.4650641922764801)]
[(0, 0.49592999589121894), (4, 0.22852560698164581)]
[(0, 0.65448304034158222)]
[(0, 0.43175807218177276), (4, 0.39851640116131548)]
[(4, 0.67130880544879612), (6, 0.2072407392703095)]
[(0, 0.2220401011811737), (6, 0.40826063573187366)]
[(0, 0.55886332522323445)]
[(6, 0.63332501154969401)]
[(0, 0.21331796156168081), (6, 0.68401109918626413)]
[(2, 0.22554586078531635), (4, 0.35498848865622679), (6, 0.2305059257344611)]
[(4, 0.38504160203517079), (6, 0.34369835260306053)]
[(4, 0.8046926353255871)]
[(4, 0.70054626123533148)]
[(4, 0.49056546099420156), (6, 0.22390957092696864)]
[(5, 0.64061785704100316)]
[(3, 0.36225993332347978)]
[(3, 0.26140897496959636), (6, 0.35760257436580384)]
[(3, 0.58904211210798263)]
[(3, 0.57142855304269158)]
