[(2, 0.57142854912866392)]
[(3, 0.53753465706360792), (4, 0.33329292125347387)]
[(1, 0.20839888820109073), (3, 0.30801707512566312), (6, 0.46809273100158311)]
[(6, 0.8690897399783849)]
[(2, 0.31305145735922313), (6, 0.46228927047296148)]
[(0, 0.39387044410524036), (3, 0.21996069059253567)]
[(4, 0.37295725205599811), (6, 0.30243512523382854)]
[(0, 0.27879707949971994), (6, 0.48571596560635844)]
[(0, 0.44660072176980947), (6, 0.38498739218168643)]
[(0, 0.34844220801401743), (6, 0.59188334935063158)]
[(2, 0.25346769681727593), (6, 0.52431607827262361)]
[(2, 0.44286391120369933), (6, 0.30236869985384141)]
[(3, 0.33319306436238766), (4, 0.26375044482403925), (6, 0.22772561056714716)]
[(4, 0.60649656924589845)]
[(3, 0.25516721702162543), (4, 0.37195988350145553), (6, 0.26274973025780424)]
[(4, 0.59846730571816242)]
[(0, 0.22432335255238067), (3, 0.24059017579598177), (6, 0.22732466424181835)]
[(4, 0.77773371542763758)]
[(0, 0.24244108860515226), (3, 0.23719978694514413), (4, 0.32080156264778376)]
[(4, 0.32277819229817617), (5, 0.20508036089893616)]
[(5, 0.55419727260869045)]
[(3, 0.53753454099368392), (4, 0.33329305987461355)]
[(1, 0.20841292327594074), (3, 0.30799801485139339), (6, 0.46809775866868103)]
[(6, 0.86908218923031444)]
[(2, 0.31304958871017347), (6, 0.4622964077289452)]
[(0, 0.39387154727798018), (3, 0.21996053240534164)]
[(4, 0.37295658502276557), (6, 0.30243660098004033)]
[(0, 0.27879835377194395), (6, 0.48571870425386138)]
[(0, 0.44660116173094755), (6, 0.3849885009604776)]
[(0, 0.3484430315247517), (6, 0.59188272949429688)]
[(2, 0.25346108067580336), (6, 0.5243127220044298)]
[(2, 0.44286867632176413), (6, 0.30238221573815471)]
[(3, 0.33319493495188834), (4, 0.26375196787113592), (6, 0.22772703625412505)]
[(4, 0.60650271152974955)]
[(3, 0.255170047527153), (4, 0.37195291089127319), (6, 0.26274982779520145)]
[(4, 0.59846375856420808)]
[(0, 0.22432075348651451), (3, 0.24057362235954879), (6, 0.22734346354162627)]
[(4, 0.77772965765822877)]
[(0, 0.24244221987576364), (3, 0.23719022747488774), (4, 0.32081247971608906)]
[(4, 0.32277758575009263), (5, 0.20507521035531137)]
[(5, 0.55421562995391349)]
[(3, 0.5375320113364116), (4, 0.33328859904254327)]
[(1, 0.20838627142550381), (3, 0.30803363255690347), (6, 0.46808878809939308)]
[(6, 0.86908455705548893)]
[(2, 0.31304480301534371), (6, 0.46229229163454921)]
[(0, 0.39386833619875711), (3, 0.21996054227973844)]
[(4, 0.37295697043953857), (6, 0.302436105480896)]
[(0, 0.27879875031446316), (6, 0.48571868313891831)]
[(0, 0.44660020512579307), (6, 0.38498708994840758)]
[(0, 0.34842026620140287), (6, 0.59189405515724114)]
[(2, 0.25346649689814876), (6, 0.52431531519579766)]
[(2, 0.44286454300914402), (6, 0.30237938411949827)]
[(3, 0.33319107060888192), (4, 0.26374877910886702), (6, 0.22772404374374688)]
[(4, 0.60650678322592533)]
[(3, 0.25517272990276729), (4, 0.37194602589752462), (6, 0.26275039269691042)]
[(4, 0.59846804760111127)]
[(0, 0.22431572541144368), (3, 0.24058428882932742), (6, 0.22733524765707758)]
[(4, 0.77772802442723954)]
[(0, 0.24244284436981228), (3, 0.23718599656407929), (4, 0.32081645924324298)]
[(4, 0.32277764079508908), (5, 0.20507414669652338)]
[(5, 0.55419688440406634)]
[(3, 0.53753515346359548), (4, 0.33329369627605759)]
[(1, 0.20837513532394109), (3, 0.3080490202747051), (6, 0.46808453453694593)]
[(6, 0.8690847377111256)]
[(2, 0.31305400494949825), (6, 0.46229562316635048)]
[(0, 0.39387142401222436), (3, 0.21996021179166017)]
[(4, 0.3729574435205833), (6, 0.30243505579318047)]
[(0, 0.278795956836424), (6, 0.48571285998746405)]
[(0, 0.44659973614910164), (6, 0.38498563422405013)]
[(0, 0.34843906462454882), (6, 0.59188556127204228)]
[(2, 0.25346676053570361), (6, 0.52431552058339537)]
[(2, 0.44286802155166682), (6, 0.30236232812209257)]
[(3, 0.33319109470688263), (4, 0.26374879957360914), (6, 0.22772406304740064)]
[(4, 0.60652844079888235)]
[(3, 0.25517197194167496), (4, 0.37194799512690824), (6, 0.26275019646569242)]
[(4, 0.59846431964205704)]
[(0, 0.22431925637494254), (3, 0.24058287354916086), (6, 0.22733519481876768)]
[(4, 0.777729585884117)]
[(0, 0.24244222358265505), (3, 0.23718976951583218), (4, 0.32081297897336286)]
[(4, 0.32277836867261273), (5, 0.20507459734380312)]
[(5, 0.55422584314160173)]
[(3, 0.5375356543094385), (4, 0.33329509788445411)]
[(1, 0.20839302565489581), (3, 0.30802494612283154), (6, 0.46809072151554487)]
[(6, 0.86908480160085366)]
[(2, 0.31305323343757874), (6, 0.46229296046739865)]
[(0, 0.39386799006461704), (3, 0.21996039724048555)]
[(4, 0.37295649462490427), (6, 0.30243839191853655)]
[(0, 0.27879290098802129), (6, 0.48570749928578166)]
[(0, 0.44660112322653767), (6, 0.3849884660775712)]
[(0, 0.3484422407721936), (6, 0.59188332501482666)]
[(2, 0.25346560466686885), (6, 0.52431490841381223)]
[(2, 0.44287060364603598), (6, 0.30238563638826516)]
[(3, 0.3331907152988024), (4, 0.26374847625604819), (6, 0.22772375790387372)]
[(4, 0.60650422690090311)]
[(3, 0.25517255862615906), (4, 0.37194647219122096), (6, 0.26275034617402415)]
[(4, 0.59847000919260185)]
[(0, 0.22433157206195986), (3, 0.24056449723314674), (6, 0.2273473151543694)]
[(4, 0.7777228079314551)]
[(0, 0.24244278167205002), (3, 0.23718635624856887), (4, 0.32081614857895319)]
[(4, 0.32277807712391632), (5, 0.20507583972192173)]
[(5, 0.55420143922840426)]
[(3, 0.53753356849322198), (4, 0.33329094955042893)]
[(1, 0.20837466613547423), (3, 0.30804963588874856), (6, 0.46808438802776114)]
[(6, 0.86908099329148969)]
[(2, 0.31305698855085545), (6, 0.46230964302619176)]
[(0, 0.39386803525083774), (3, 0.21995990106215291)]
[(4, 0.37295675842412124), (6, 0.30243810862998372)]
[(0, 0.27880001932608572), (6, 0.48572182759174248)]
[(0, 0.44660270816818687), (6, 0.3849924207490546)]
[(0, 0.34843984433598174), (6, 0.59188503527036884)]
[(2, 0.25346527143666114), (6, 0.52431466843326568)]
[(2, 0.44285393992678923), (6, 0.30236645631959119)]
[(3, 0.33318906676448501), (4, 0.26374703842114522), (6, 0.22772239612130926)]
[(4, 0.60649275928779556)]
[(3, 0.25516846739848559), (4, 0.37195684883179031), (6, 0.26274969347648192)]
[(4, 0.59846802151871459)]
[(0, 0.22433013439072966), (3, 0.24057077687796649), (6, 0.22734186676572249)]
[(4, 0.77772571442038563)]
[(0, 0.2424421240231926), (3, 0.23719083205962993), (4, 0.32081187417278012)]
[(4, 0.32277802876924622), (5, 0.2050747501958862)]
[(5, 0.55421323719865601)]
[(3, 0.5375355788935734), (4, 0.3332943838231851)]
[(1, 0.20840773760124512), (3, 0.30800497738613603), (6, 0.46809598089344501)]
[(6, 0.8690882151465934)]
[(2, 0.31306017114886886), (6, 0.46230876039322627)]
[(0, 0.39387175636600724), (3, 0.21996017500357712)]
[(4, 0.37295709809872502), (6, 0.30243524911598335)]
[(0, 0.27879678951104137), (6, 0.48571400588426866)]
[(0, 0.44660108335972848), (6, 0.3849883101393774)]
[(0, 0.3484303904311869), (6, 0.59189044014382375)]
[(2, 0.25346746098563), (6, 0.52431591910865871)]
[(2, 0.4428596850852925), (6, 0.30235050483752507)]
[(3, 0.33319647558181831), (4, 0.26375320077869008), (6, 0.22772818611968632)]
[(4, 0.60649145492859524)]
[(3, 0.25516901293415029), (4, 0.37195549919689369), (6, 0.2627497202477187)]
[(4, 0.59846569297069263)]
[(0, 0.22431860321817884), (3, 0.24054493219842016), (6, 0.22737613347733263)]
[(4, 0.77772424572542787)]
[(0, 0.24244174340764796), (3, 0.23719394399516286), (4, 0.3208085264875376)]
[(4, 0.32277791390703081), (5, 0.2050752642415388)]
[(5, 0.55422184459795076)]
[(3, 0.53753574996798503), (4, 0.33329481707301856)]
[(1, 0.20837949556013483), (3, 0.30804338549911892), (6, 0.46808580985687476)]
[(6, 0.86908418693390688)]
[(2, 0.31304226966473647), (6, 0.46229116998126324)]
[(0, 0.39386900745723152), (3, 0.21996059933812681)]
[(4, 0.37295686115406812), (6, 0.30243699679657365)]
[(0, 0.27879698593575458), (6, 0.48571521732148065)]
[(0, 0.44659827659234014), (6, 0.38498171144996463)]
[(0, 0.34843931702139702), (6, 0.59188539262835027)]
[(2, 0.25346876670710622), (6, 0.5243166171714938)]
[(2, 0.44286857945622204), (6, 0.30237651734588528)]
[(3, 0.33318976766690706), (4, 0.26374765711659981), (6, 0.22772298310030628)]
[(4, 0.60652857026888352)]
[(3, 0.2551679527645333), (4, 0.37195810869462975), (6, 0.26274969073772741)]
[(4, 0.59847001001057298)]
[(0, 0.22430619797739784), (3, 0.24060115489595443), (6, 0.22731693281305176)]
[(4, 0.77772540116611888)]
[(0, 0.24244229162762898), (3, 0.23718927836682563), (4, 0.32081346325213694)]
[(4, 0.32277802706598041), (5, 0.20507490254742497)]
[(5, 0.55421135495451757)]
[(3, 0.53753530201299016), (4, 0.33329401248567037)]
[(1, 0.20840235423197503), (3, 0.30801241719413114), (6, 0.46809392351386869)]
[(6, 0.8690856813719694)]
[(2, 0.31304549320790453), (6, 0.46229497603574238)]
[(0, 0.39386941502836503), (3, 0.21996094169057351)]
[(4, 0.37295808782172302), (6, 0.30243259740980033)]
[(0, 0.27879612255637465), (6, 0.48571413557984233)]
[(0, 0.44659652044931036), (6, 0.38497958667285642)]
[(0, 0.34842095901411202), (6, 0.59189387292366447)]
[(2, 0.25346648495102403), (6, 0.52431543947472237)]
[(2, 0.44285708303055271), (6, 0.3023534876223562)]
[(3, 0.33319321382028033), (4, 0.26375056775003242), (6, 0.22772572586620085)]
[(4, 0.60650027048691124)]
[(3, 0.25516926371959975), (4, 0.37195487760420065), (6, 0.26274973898769133)]
[(4, 0.59846673723801103)]
[(0, 0.22432195133009972), (3, 0.24059017668479349), (6, 0.22732559227184276)]
[(4, 0.77772296311703204)]
[(0, 0.24244193502119393), (3, 0.23719210773369265), (4, 0.32081055743366194)]
[(4, 0.32277640115200995), (5, 0.20507834328039751)]
[(5, 0.55422020881139555)]
[(3, 0.53753352832842682), (4, 0.33329160537707553)]
[(1, 0.20837583628601714), (3, 0.30804829204104006), (6, 0.46808456194239151)]
[(6, 0.8690838923584342)]
[(2, 0.31305553473427972), (6, 0.46229555911611214)]
[(0, 0.39386890302300409), (3, 0.21996028544436344)]
[(4, 0.37295762306806823), (6, 0.30243228687606238)]
[(0, 0.27879789359014445), (6, 0.4857158481443018)]
[(0, 0.44660113524863881), (6, 0.38499134661135181)]
[(0, 0.34842437722852843), (6, 0.59189283836890028)]
[(2, 0.25346732232709368), (6, 0.52431596316562301)]
[(2, 0.44286416423384384), (6, 0.30237100397442446)]
[(3, 0.33318948159836936), (4, 0.26374740608038971), (6, 0.22772274512691099)]
[(4, 0.60651300524736074)]
[(3, 0.25517499069514882), (4, 0.37194006856512052), (6, 0.26275111285583513)]
[(4, 0.59846872576520904)]
[(0, 0.22431926360563897), (3, 0.2405861615214433), (6, 0.22733109381255751)]
[(4, 0.77772829584772618)]
[(0, 0.24244254760642447), (3, 0.23718766989682472), (4, 0.32081498067423136)]
[(4, 0.32277812413077916), (5, 0.20507993390179124)]
[(5, 0.55421731748957648)]
[(3, 0.53753409508342609), (4, 0.33329227415021456)]
[(1, 0.20839963061953026), (3, 0.30801606384123648), (6, 0.46809299999798698)]
[(6, 0.86909835287707238)]
[(2, 0.31305555724793072), (6, 0.46229482725202037)]
[(0, 0.39386893975251297), (3, 0.21996035849177523)]
[(4, 0.37295739815909618), (6, 0.30243421087099376)]
[(0, 0.27880002179959795), (6, 0.48572131918366662)]
[(0, 0.44659559388599673), (6, 0.3849753091268826)]
[(0, 0.34843714143885335), (6, 0.59188679556303614)]
[(2, 0.25346897036651739), (6, 0.52431673423615066)]
[(2, 0.44285624345528174), (6, 0.30236550967252607)]
[(3, 0.33318993782626477), (4, 0.26374780555159372), (6, 0.22772312369176631)]
[(4, 0.60652995013219324)]
[(3, 0.255170129873664), (4, 0.37195270260851093), (6, 0.26274983951934144)]
[(4, 0.59846507875755961)]
[(0, 0.22431450167527706), (3, 0.24058048414142769), (6, 0.22734062446775621)]
[(4, 0.77773082467700894)]
[(0, 0.24244240716059534), (3, 0.23718853693745287), (4, 0.32081417338146984)]
[(4, 0.32277693112839495), (5, 0.20507660908212949)]
[(5, 0.55421789277948352)]
[(3, 0.53753163983591379), (4, 0.33328801469908964)]
[(1, 0.20837140676339524), (3, 0.30805392302012424), (6, 0.46808335968802817)]
[(6, 0.86909009694300576)]
[(2, 0.31305354739419083), (6, 0.46229571627781901)]
[(0, 0.39386792457744479), (3, 0.21996046006260697)]
[(4, 0.37295760597077793), (6, 0.30243435016050146)]
[(0, 0.27880002768535594), (6, 0.48572185206209634)]
[(0, 0.44659848371017286), (6, 0.38498228753844965)]
[(0, 0.34842780312061844), (6, 0.59189156571597423)]
[(2, 0.25346633004243696), (6, 0.52431535963031939)]
[(2, 0.4428621980565503), (6, 0.30238443963884587)]
[(3, 0.33319402303857482), (4, 0.26375122940503148), (6, 0.22772634575614648)]
[(4, 0.6064982841175105)]
[(3, 0.2551748551793358), (4, 0.37194042137482819), (6, 0.26275106777870222)]
[(4, 0.59846588624824237)]
[(0, 0.22432175615733602), (3, 0.24056137197486663), (6, 0.22735425410636451)]
[(4, 0.77773484339593757)]
[(0, 0.24244287535524819), (3, 0.23718585433518141), (4, 0.32081657796347979)]
[(4, 0.32277779625064362), (5, 0.20508036375217856)]
[(5, 0.55421766787163373)]
[(3, 0.53753779842609073), (4, 0.33329819252874032)]
[(1, 0.20837793313568023), (3, 0.30804545849058546), (6, 0.46808529901276513)]
[(6, 0.86908171872523288)]
[(2, 0.31305393887604865), (6, 0.46229497363750127)]
[(0, 0.3938684221409422), (3, 0.21996039038843138)]
[(4, 0.37295731964397216), (6, 0.30243290921880123)]
[(0, 0.27879922961876386), (6, 0.48571818781013232)]
[(0, 0.44660221642787123), (6, 0.38499121873222836)]
[(0, 0.34841521882132026), (6, 0.59189511812744688)]
[(2, 0.25346762628155772), (6, 0.52431596743087749)]
[(2, 0.44285078754297275), (6, 0.30235507462570338)]
[(3, 0.33319061761192387), (4, 0.26374839261149158), (6, 0.22772367890102133)]
[(4, 0.6065252675921694)]
[(3, 0.25517174706479068), (4, 0.3719485736376249), (6, 0.26275014428427118)]
[(4, 0.5984699982372258)]
[(0, 0.2243164738359818), (3, 0.2405339258655014), (6, 0.22738866982287093)]
[(4, 0.77772547432570949)]
[(0, 0.24244156225103713), (3, 0.23719524187386476), (4, 0.32080708045593703)]
[(4, 0.32277703733882451), (5, 0.20507858338030385)]
[(5, 0.55422101327115625)]
[(3, 0.53753246793993248), (4, 0.33328919983927435)]
[(1, 0.2084121157571952), (3, 0.30799905584764903), (6, 0.46809752504676799)]
[(6, 0.86908278225546187)]
[(2, 0.31304758044091752), (6, 0.4622975741801616)]
[(0, 0.39386922411535447), (3, 0.21996029751765175)]
[(4, 0.37295684433539888), (6, 0.30243691351837526)]
[(0, 0.27879475721857483), (6, 0.48571032623763294)]
[(0, 0.44660167935610434), (6, 0.38498974157775057)]
[(0, 0.34844285066895969), (6, 0.59188286706598692)]
[(2, 0.25345881455819907), (6, 0.52431143050698525)]
[(2, 0.44286493271988991), (6, 0.30235114411399211)]
[(3, 0.33319175856986022), (4, 0.26374935985994319), (6, 0.22772459100203782)]
[(4, 0.60651018235012255)]
[(3, 0.25516942960513822), (4, 0.3719544628906819), (6, 0.26274975453544819)]
[(4, 0.59846837461291069)]
[(0, 0.22431459248769153), (3, 0.24057012359712937), (6, 0.22734454297134291)]
[(4, 0.77772980302613215)]
[(0, 0.24244135943605558), (3, 0.23719722887503328), (4, 0.32080472335118054)]
[(4, 0.32277816483672339), (5, 0.20507462670664614)]
[(5, 0.55420701374377856)]
[(3, 0.53753597405668019), (4, 0.33329518431074806)]
[(1, 0.20837785293160901), (3, 0.30804537167665225), (6, 0.46808546600750045)]
[(6, 0.86908122892361317)]
[(2, 0.31304614386343887), (6, 0.46229020473645505)]
[(0, 0.39386834982977376), (3, 0.21996071494614533)]
[(4, 0.37295762418801431), (6, 0.3024342409207908)]
[(0, 0.27879558624123751), (6, 0.48571079510132675)]
[(0, 0.44659524853124988), (6, 0.38497438068845086)]
[(0, 0.34844020522279046), (6, 0.59188478677260636)]
[(2, 0.25346192309270205), (6, 0.52431309614013977)]
[(2, 0.44285214098905606), (6, 0.30237249700477925)]
[(3, 0.33318835251675433), (4, 0.26374639362410496), (6, 0.22772178256924044)]
[(4, 0.60652857825044115)]
[(3, 0.25517159847420279), (4, 0.37194895596758892), (6, 0.26275011078405147)]
[(4, 0.59846345893038044)]
[(0, 0.22432565374711066), (3, 0.24058306115565503), (6, 0.22733123718627102)]
[(4, 0.77772710058826455)]
[(0, 0.24244141935444113), (3, 0.23719623986757879), (4, 0.32080594659111394)]
[(4, 0.32277798680421493), (5, 0.20507556382714703)]
[(5, 0.55421699650676703)]
[(3, 0.5375372188646792), (4, 0.3332971248485655)]
[(1, 0.20841252373330291), (3, 0.30799858316160728), (6, 0.46809758983199473)]
[(6, 0.86908151113446586)]
[(2, 0.31305386143789432), (6, 0.4622944433746406)]
[(0, 0.39387118272493876), (3, 0.21996042815140771)]
[(4, 0.37295663825410247), (6, 0.30243843549073779)]
[(0, 0.27879565485249053), (6, 0.4857120301888655)]
[(0, 0.44660098431669665), (6, 0.3849892993256725)]
[(0, 0.34844298354009356), (6, 0.5918827660739352)]
[(2, 0.25346604397603689), (6, 0.52431521430342931)]
[(2, 0.44287104879488082), (6, 0.30238183809772368)]
[(3, 0.33319663330774185), (4, 0.26375332607514007), (6, 0.22772830278085648)]
[(4, 0.60651355657227679)]
[(3, 0.25516868359648104), (4, 0.37195631532148704), (6, 0.26274970138831444)]
[(4, 0.59846995102250189)]
[(0, 0.22433026866318034), (3, 0.2405554557851827), (6, 0.22735772930837533)]
[(4, 0.77772436650244248)]
[(0, 0.2424426388086032), (3, 0.23718715358108083), (4, 0.32081544650303434)]
[(4, 0.32277704682670133), (5, 0.205076367013348)]
[(5, 0.55420051968268802)]
[(3, 0.53753530377557868), (4, 0.33329393680176989)]
[(1, 0.20840607426951552), (3, 0.30800730779821439), (6, 0.46809531352381956)]
[(6, 0.86908501041126274)]
[(2, 0.31305526029538167), (6, 0.46229519767630783)]
[(0, 0.39387192332666532), (3, 0.21996047861998055)]
[(4, 0.37295644291059193), (6, 0.30243786060584171)]
[(0, 0.27879562999869878), (6, 0.48571185255600696)]
[(0, 0.44660263077438611), (6, 0.38499226139886367)]
[(0, 0.34842077051875314), (6, 0.59189392340141311)]
[(2, 0.25346382929491901), (6, 0.52431395154253047)]
[(2, 0.44285494538145426), (6, 0.30235148263156075)]
[(3, 0.33319281795469369), (4, 0.26375024163201166), (6, 0.22772541988819753)]
[(4, 0.606504650910205)]
[(3, 0.25517145917837009), (4, 0.37194931596598363), (6, 0.26275007953006119)]
[(4, 0.59846882074901508)]
[(0, 0.22431213580440384), (3, 0.24054117257541305), (6, 0.22738149626475437)]
[(4, 0.77772516956775606)]
[(0, 0.24244134746828247), (3, 0.23719714152248789), (4, 0.32080484912004881)]
[(4, 0.32277683761014092), (5, 0.20507815582193509)]
[(5, 0.55422702078313646)]
[(3, 0.5375368171529582), (4, 0.33329656868745328)]
[(1, 0.20840030509094321), (3, 0.30801509921098352), (6, 0.46809329027327762)]
[(6, 0.86909832061612913)]
[(2, 0.31304742514756922), (6, 0.46230068604058905)]
[(0, 0.39387201430813962), (3, 0.21996025513043357)]
[(4, 0.37295793015528733), (6, 0.30243370633288602)]
[(0, 0.2787927823350172), (6, 0.48570735097061435)]
[(0, 0.44660161682988753), (6, 0.38498961708675178)]
[(0, 0.34843304692962479), (6, 0.59188913090345208)]
[(2, 0.25346588794819314), (6, 0.524315041360644)]
[(2, 0.44285723250337644), (6, 0.30237286012581138)]
[(3, 0.33318840037011432), (4, 0.26374643735290848), (6, 0.22772182424157711)]
[(4, 0.60649524696870227)]
[(3, 0.25516802643791386), (4, 0.37195792820426732), (6, 0.2627496899926739)]
[(4, 0.59846932032071509)]
[(0, 0.22432247461931398), (3, 0.24058605240787984), (6, 0.22732915234544762)]
[(4, 0.7777273545000768)]
[(0, 0.24244243486845876), (3, 0.23718835536491453), (4, 0.32081434528472191)]
[(4, 0.32277797055788504), (5, 0.20507976274562303)]
[(5, 0.55421399068487165)]
[(3, 0.53753391942926143), (4, 0.33329190618596222)]
[(1, 0.20840137118917773), (3, 0.30801367496311821), (6, 0.46809364861142)]
[(6, 0.86908620558057692)]
[(2, 0.31305347963098573), (6, 0.46229481650190846)]
[(0, 0.39386926107802767), (3, 0.21996122274147575)]
[(4, 0.37295790995305228), (6, 0.30243313928341325)]
[(0, 0.27879838039893939), (6, 0.4857180153215867)]
[(0, 0.44660267503803708), (6, 0.3849923750234216)]
[(0, 0.34841599991426597), (6, 0.59189498317346845)]
[(2, 0.25345867634578523), (6, 0.52431126962460084)]
[(2, 0.44287275630414213), (6, 0.30238583156701904)]
[(3, 0.33319284032153779), (4, 0.26375026010362912), (6, 0.2277254372271677)]
[(4, 0.60650202794725383)]
[(3, 0.25517204684998868), (4, 0.37194780062884686), (6, 0.26275021494212697)]
[(4, 0.59846935877425589)]
[(0, 0.22431876543337298), (3, 0.24054984762866685), (6, 0.22736820778194913)]
[(4, 0.77773681161633967)]
[(0, 0.24244285159747625), (3, 0.23718596171428741), (4, 0.3208164885567063)]
[(4, 0.32277757413972774), (5, 0.20507441007607427)]
[(5, 0.55420047558156627)]
[(3, 0.53753512639984125), (4, 0.33329413293300697)]
[(1, 0.20837894337855412), (3, 0.30804386817499863), (6, 0.46808587925302436)]
[(6, 0.86907989268906272)]
[(2, 0.31304645749472465), (6, 0.46229521113671884)]
[(0, 0.39386822033063007), (3, 0.21996001673788554)]
[(4, 0.37295705846808364), (6, 0.30243611809601118)]
[(0, 0.278796489375571), (6, 0.48571501819129925)]
[(0, 0.44660215588041352), (6, 0.38499103858911943)]
[(0, 0.34844013516300665), (6, 0.59188483526416036)]
[(2, 0.25346580945412972), (6, 0.52431500382063834)]
[(2, 0.44286549596771463), (6, 0.30238776589614652)]
[(3, 0.33319750461052683), (4, 0.26375401544759863), (6, 0.22772894402721214)]
[(4, 0.60653050430497379)]
[(3, 0.25517118308694264), (4, 0.37195002294285323), (6, 0.26275002228094774)]
[(4, 0.59846560917170533)]
[(0, 0.22433149364344543), (3, 0.24056033303872648), (6, 0.22735404775968043)]
[(4, 0.77772541791617011)]
[(0, 0.24244274662733306), (3, 0.2371865177174069), (4, 0.32081601110557445)]
[(4, 0.3227778823193343), (5, 0.20507591589146845)]
[(5, 0.55420085051562329)]
[(3, 0.53753651275349101), (4, 0.33329628193609573)]
[(1, 0.20840922996543668), (3, 0.30800302998717372), (6, 0.46809643619409763)]
[(6, 0.86909196701377744)]
[(2, 0.31305311988124224), (6, 0.46230442100240443)]
[(0, 0.39386883644840925), (3, 0.21996033311466595)]
[(4, 0.37295710861322773), (6, 0.30243189271404564)]
[(0, 0.27879991025406259), (6, 0.48572074088704659)]
[(0, 0.44659893955220509), (6, 0.38498389334036959)]
[(0, 0.34841473538890061), (6, 0.59189519641320743)]
[(2, 0.25346629865942821), (6, 0.52431531895769745)]
[(2, 0.44285350090153175), (6, 0.30236247087517193)]
[(3, 0.33319046312167111), (4, 0.26374825997766094), (6, 0.22772355357562526)]
[(4, 0.60649777797719406)]
[(3, 0.25517012935306099), (4, 0.37195270256287483), (6, 0.2627498399276274)]
[(4, 0.59846651323120803)]
[(0, 0.22431982293495314), (3, 0.2405528765807185), (6, 0.22736626894271059)]
[(4, 0.77772408150651984)]
[(0, 0.24244278519989265), (3, 0.23718628946422821), (4, 0.3208162105122272)]
[(4, 0.32277706124440747), (5, 0.20507713567735067)]
[(5, 0.5542188187560072)]
[(3, 0.53753229242688338), (4, 0.33328886646140593)]
[(1, 0.20841275189689737), (3, 0.3079982827609789), (6, 0.46809766210955145)]
[(6, 0.86908108861705036)]
[(2, 0.31305184944747683), (6, 0.46229217831430303)]
[(0, 0.3938703459295364), (3, 0.2199602573068202)]
[(4, 0.3729574891053537), (6, 0.30243349214137355)]
[(0, 0.27879788439759062), (6, 0.48571476474265796)]
[(0, 0.44660280532873781), (6, 0.3849927170109399)]
[(0, 0.34844262966668715), (6, 0.59188303407442777)]
[(2, 0.25346836480247226), (6, 0.52431652112654015)]
[(2, 0.44286848197355361), (6, 0.30239315759515939)]
[(3, 0.33319087099626876), (4, 0.26374860922804882), (6, 0.22772388344558672)]
[(4, 0.60649632971428979)]
[(3, 0.25516683371104742), (4, 0.37196079570207258), (6, 0.26274977343027511)]
[(4, 0.5984658193675545)]
[(0, 0.22431918614271282), (3, 0.24057849191627109), (6, 0.22734001734684081)]
[(4, 0.77773400575290341)]
[(0, 0.24244114632582686), (3, 0.23719942060442262), (4, 0.320802004178394)]
[(4, 0.32277774442468432), (5, 0.20507911953895788)]
[(5, 0.55422428272431334)]
[(3, 0.53753585022875372), (4, 0.33329486726313406)]
[(1, 0.2083783497641932), (3, 0.30804489513741251), (6, 0.46808544581083605)]
[(6, 0.86908463961685833)]
[(2, 0.31303687153993454), (6, 0.46230004593311941)]
[(0, 0.39386815602215502), (3, 0.21996064365461207)]
[(4, 0.37295695725183797), (6, 0.3024368901758952)]
[(0, 0.27879752109044675), (6, 0.48571523751476553)]
[(0, 0.4466015311362786), (6, 0.38498947656334853)]
[(0, 0.34842849055854597), (6, 0.59189128074731945)]
[(2, 0.25346682959602229), (6, 0.52431550199316501)]
[(2, 0.4428650494832026), (6, 0.30233091150840413)]
[(3, 0.33319299788594081), (4, 0.26375039007185858), (6, 0.22772555919833898)]
[(4, 0.60653020426560933)]
[(3, 0.25517533744183279), (4, 0.37193914377017123), (6, 0.2627512393755968)]
[(4, 0.59846515100951869)]
[(0, 0.22432602363177034), (3, 0.24057560070375034), (6, 0.22734024675948436)]
[(4, 0.77773459832022551)]
[(0, 0.24244147598833274), (3, 0.23719571445697832), (4, 0.32080656316759082)]
[(4, 0.32277780310616683), (5, 0.20507794280765709)]
[(5, 0.5541988625900508)]
[(3, 0.53753332116881525), (4, 0.33329034172212713)]
[(1, 0.20839011745658867), (3, 0.30802889914743808), (6, 0.46808967617788738)]
[(6, 0.86908829834616708)]
[(2, 0.31305315224555513), (6, 0.46229375198289874)]
[(0, 0.39387147535332939), (3, 0.21996042737808094)]
[(4, 0.37295682167815319), (6, 0.30243731222287706)]
[(0, 0.27879987999719996), (6, 0.48572085741537807)]
[(0, 0.44660203343952259), (6, 0.38499067926104574)]
[(0, 0.34843900155683422), (6, 0.59188560316939698)]
[(2, 0.25346694488721361), (6, 0.52431568334303291)]
[(2, 0.44286385839350467), (6, 0.30237467594116418)]
[(3, 0.33318927522238784), (4, 0.26374722373774745), (6, 0.22772257210825486)]
[(4, 0.60650372662332519)]
[(3, 0.25516874043028198), (4, 0.37195617611043941), (6, 0.26274970363382966)]
[(4, 0.59846866870142446)]
[(0, 0.22432434711293045), (3, 0.24057382093568469), (6, 0.2273422331456503)]
[(4, 0.77772521552914842)]
[(0, 0.24244283977604444), (3, 0.23718600558315181), (4, 0.32081645291898964)]
[(4, 0.32277763554318839), (5, 0.20507619118610199)]
[(5, 0.55419953571953284)]
[(3, 0.53753332507097207), (4, 0.33329048130883365)]
[(1, 0.20840593269045316), (3, 0.30800749271061961), (6, 0.46809527016525837)]
[(6, 0.86909544492586077)]
[(2, 0.31305763185762636), (6, 0.46231057560412042)]
[(0, 0.39386836856213975), (3, 0.21996018023902755)]
[(4, 0.37295688048470338), (6, 0.30243595953182506)]
[(0, 0.27879730188649543), (6, 0.48571477655312512)]
[(0, 0.44660024739150572), (6, 0.38498686825928374)]
[(0, 0.34842147445208194), (6, 0.59189373144268875)]
[(2, 0.25346536644692563), (6, 0.52431471701570853)]
[(2, 0.44286503097886115), (6, 0.30236051313113343)]
[(3, 0.33319038556695491), (4, 0.26374819322794468), (6, 0.22772349047959714)]
[(4, 0.60652800129290152)]
[(3, 0.25517116861715339), (4, 0.37195006058438257), (6, 0.26275001914264134)]
[(4, 0.59846663959249269)]
[(0, 0.22432415898314439), (3, 0.24058642940366304), (6, 0.22732817791452167)]
[(4, 0.77773050997544158)]
[(0, 0.24244174136621921), (3, 0.23719340405714301), (4, 0.32080918106618983)]
[(4, 0.32277762811649052), (5, 0.20507445409386255)]
[(5, 0.55422350100322881)]
[(3, 0.53753234507332392), (4, 0.33328895805119951)]
[(1, 0.20837137222359833), (3, 0.30805405705522038), (6, 0.46808326019098173)]
[(6, 0.8690924189685254)]
[(2, 0.31304875841305918), (6, 0.46229710260619195)]
[(0, 0.39387147212040613), (3, 0.21996004478900175)]
[(4, 0.37295739977482018), (6, 0.30243389284567401)]
[(0, 0.27879936382956039), (6, 0.48572005032886301)]
[(0, 0.44660195267670094), (6, 0.38499154573152883)]
[(0, 0.34841594606264253), (6, 0.59189499281616753)]
[(2, 0.25346885139715125), (6, 0.52431668972584899)]
[(2, 0.44286941976069155), (6, 0.30238635959267174)]
[(3, 0.33319733174866967), (4, 0.26375387904257064), (6, 0.22772881722618707)]
[(4, 0.6065295224162498)]
[(3, 0.25517167634744986), (4, 0.37194875563382518), (6, 0.26275012822509652)]
[(4, 0.59846925283152186)]
[(0, 0.2243116000090081), (3, 0.24057680566925174), (6, 0.22734285500600127)]
[(4, 0.77772784303008002)]
[(0, 0.24244207846241572), (3, 0.23719081584783958), (4, 0.32081192519253648)]
[(4, 0.32277705842296184), (5, 0.20507705287541042)]
[(5, 0.55421512601007028)]
[(3, 0.53753703017692023), (4, 0.33329696525934666)]
[(1, 0.20840982462506952), (3, 0.30800217431487875), (6, 0.46809669730918319)]
[(6, 0.86908879954911911)]
[(2, 0.31305258669426866), (6, 0.46229827902100018)]
[(0, 0.39387201035004071), (3, 0.21996033834577092)]
[(4, 0.37295689773084328), (6, 0.3024359332012343)]
[(0, 0.27879804810337738), (6, 0.48571777163689728)]
[(0, 0.44659646920780161), (6, 0.38497765783800003)]
[(0, 0.34844239148206574), (6, 0.5918832127107212)]
[(2, 0.25345800413113506), (6, 0.52431112965262583)]
[(2, 0.44285955430346208), (6, 0.30236808063440362)]
[(3, 0.33319314777160913), (4, 0.26375051345547823), (6, 0.22772567494558224)]
[(4, 0.60649029702744872)]
[(3, 0.255175995898204), (4, 0.37193737860134157), (6, 0.26275149071316939)]
[(4, 0.59846629994183143)]
[(0, 0.22432427195128984), (3, 0.24053443995261214), (6, 0.22738625831290063)]
[(4, 0.77772276808259977)]
[(0, 0.24244250293549255), (3, 0.23718796365064593), (4, 0.32081470801084688)]
[(4, 0.322778339698088), (5, 0.20507490968306455)]
[(5, 0.55422458543084641)]
[(3, 0.53753723114391094), (4, 0.33329737629094175)]
[(1, 0.20838436666684082), (3, 0.30803673666979309), (6, 0.46808758843493614)]
[(6, 0.86908155155085065)]
[(2, 0.31305337634390396), (6, 0.46229344134350464)]
[(0, 0.39386822284620232), (3, 0.21996029986444998)]
[(4, 0.37295655277039896), (6, 0.30243780830161371)]
[(0, 0.27879419395382465), (6, 0.48570559447304706)]
[(0, 0.44660058944552072), (6, 0.38498707299303697)]
[(0, 0.34844138730962054), (6, 0.59188395036737051)]
[(2, 0.25346740154521497), (6, 0.52431593597278703)]
[(2, 0.44286187800632432), (6, 0.30234683381528976)]
[(3, 0.333188924201541), (4, 0.26374691098677228), (6, 0.22772227501456532)]
[(4, 0.60651937545308909)]
[(3, 0.25517099667676824), (4, 0.37195050151683767), (6, 0.2627499848826626)]
[(4, 0.59846567733127232)]
[(0, 0.22432276230975959), (3, 0.24058065681136628), (6, 0.22733514277730782)]
[(4, 0.77772778102836981)]
[(0, 0.24244256777652512), (3, 0.23718754661262476), (4, 0.32081509352818166)]
[(4, 0.32277776879711167), (5, 0.20507838114504059)]
[(5, 0.55422515383742466)]
[(3, 0.53753567064122521), (4, 0.3332944964175083)]
[(1, 0.20841233987246374), (3, 0.30799882804287348), (6, 0.4680975287790356)]
[(6, 0.86908552429031105)]
[(2, 0.31304345711535519), (6, 0.46229255281331216)]
[(0, 0.39387144457824136), (3, 0.21996028097799597)]
[(4, 0.37295802586606108), (6, 0.30243307146378418)]
[(0, 0.27879426192501466), (6, 0.48570864156807786)]
[(0, 0.44660091765175397), (6, 0.38498785979631128)]
[(0, 0.34843749408789859), (6, 0.59188657591105975)]
[(2, 0.25346732058011323), (6, 0.52431573888062422)]
[(2, 0.44286442439159901), (6, 0.30238248913513377)]
[(3, 0.33319245989881247), (4, 0.26374994514948252), (6, 0.22772514144919384)]
[(4, 0.60652803638990771)]
[(3, 0.25516706351149843), (4, 0.37196025052711684), (6, 0.26274974538846657)]
[(4, 0.5984659475127917)]
[(0, 0.22431866236430326), (3, 0.24057165543282949), (6, 0.22734694723284798)]
[(4, 0.77772313090743328)]
[(0, 0.24244241362733185), (3, 0.23718853735736764), (4, 0.32081416911770139)]
[(4, 0.32277791577997417), (5, 0.20507573434797297)]
[(5, 0.55420370749749215)]
[(3, 0.53753529937346711), (4, 0.33329432333309816)]
[(1, 0.20837812858530602), (3, 0.3080451248747349), (6, 0.46808543721026863)]
[(6, 0.86908021131691215)]
[(2, 0.31305616312173823), (6, 0.46230538313562319)]
[(0, 0.3938717820603449), (3, 0.21996056009443896)]
[(4, 0.37295714644178724), (6, 0.30243533688734953)]
[(0, 0.2787964641495943), (6, 0.4857131468266036)]
[(0, 0.4466027414046872), (6, 0.38499262124072975)]
[(0, 0.34844211452373064), (6, 0.59188341865758909)]
[(2, 0.2534660685836792), (6, 0.52431520764282868)]
[(2, 0.44286475299369504), (6, 0.30237371520574985)]
[(3, 0.3331924564272904), (4, 0.2637499422675153), (6, 0.22772513874134367)]
[(4, 0.60653018635798117)]
[(3, 0.25517433513505533), (4, 0.37194180932169307), (6, 0.26275088460910534)]
[(4, 0.59846608152808045)]
[(0, 0.22430397141168099), (3, 0.24056243173084929), (6, 0.22736007891133081)]
[(4, 0.77773255238612093)]
[(0, 0.24244174460273715), (3, 0.23719369387118755), (4, 0.32080882933017207)]
[(4, 0.32277780565872904), (5, 0.20507473037492699)]
[(5, 0.55419937278145881)]
[(3, 0.53753657052036119), (4, 0.33329623731072439)]
[(1, 0.20837618622817741), (3, 0.30804743332806872), (6, 0.46808507075640982)]
[(6, 0.86908482399981701)]
[(2, 0.3130542551092621), (6, 0.4622941680068095)]
[(0, 0.39386954078318881), (3, 0.21996043658857301)]
[(4, 0.37295698690930967), (6, 0.30243597168838443)]
[(0, 0.27879687284347526), (6, 0.48571446220253117)]
[(0, 0.44659823306630336), (6, 0.38498183736659469)]
[(0, 0.34844171594366091), (6, 0.59188371170546838)]
[(2, 0.25346906828597204), (6, 0.52431676174775921)]
[(2, 0.44286874812163501), (6, 0.30238195369708365)]
[(3, 0.33319316184820241), (4, 0.26375052503082452), (6, 0.22772568580231356)]
[(4, 0.60651049571709725)]
[(3, 0.25517207123810998), (4, 0.37194773510401041), (6, 0.26275022185373381)]
[(4, 0.59846958358563318)]
[(0, 0.2243186474543731), (3, 0.24055845655869881), (6, 0.22736222530100642)]
[(4, 0.77772345514485153)]
[(0, 0.24244203288965416), (3, 0.23719111163813067), (4, 0.32081162533703034)]
[(4, 0.32277803141530564), (5, 0.20507933626366254)]
[(5, 0.55422116412690392)]
[(3, 0.53753350152615009), (4, 0.33329077287695125)]
[(1, 0.20840771126884045), (3, 0.30800506953181728), (6, 0.46809591507803544)]
[(6, 0.86908362495043179)]
[(2, 0.31304492573302395), (6, 0.46228792443868677)]
[(0, 0.39387193420282646), (3, 0.21996052515915893)]
[(4, 0.37295724560890547), (6, 0.3024348439881871)]
[(0, 0.27879945672908951), (6, 0.48572054328998415)]
[(0, 0.44659774268052899), (6, 0.38498102252084271)]
[(0, 0.34843810401032727), (6, 0.59188618895748102)]
[(2, 0.25345925773681055), (6, 0.52431161348384026)]
[(2, 0.44287011045953761), (6, 0.30236863072081255)]
[(3, 0.33319005011687147), (4, 0.26374790316322622), (6, 0.22772321609820578)]
[(4, 0.60650302464481409)]
[(3, 0.25517079159575956), (4, 0.37195102251078588), (6, 0.26274994744318891)]
[(4, 0.59846951027251249)]
[(0, 0.22432174959999135), (3, 0.24054609813537434), (6, 0.22737512753153916)]
[(4, 0.77773088781092259)]
[(0, 0.24244285848790947), (3, 0.23718593131964175), (4, 0.32081651382887194)]
[(4, 0.32277805464282333), (5, 0.2050799019642538)]
[(5, 0.55421552562545673)]
[(3, 0.53753711019289274), (4, 0.33329694860547693)]
[(1, 0.20840750748871359), (3, 0.30800530792979858), (6, 0.46809588042265865)]
[(6, 0.86908227647521286)]
[(2, 0.31305454339515237), (6, 0.46229539680668552)]
[(0, 0.39387109186515146), (3, 0.21996045711340487)]
[(4, 0.37295785450873292), (6, 0.30243358336862147)]
[(0, 0.27879288122488183), (6, 0.48570644259422974)]
[(0, 0.44659915859659477), (6, 0.38498447547009668)]
[(0, 0.34841902427702393), (6, 0.59189435937718804)]
[(2, 0.25346819096478501), (6, 0.52431637264880049)]
[(2, 0.44286512226508395), (6, 0.30236816646450337)]
[(3, 0.33319176496748187), (4, 0.26374936522812287), (6, 0.22772459605548534)]
[(4, 0.60649217769079811)]
[(3, 0.25516786426469146), (4, 0.37195832209409474), (6, 0.26274969320212921)]
[(4, 0.59847008559571058)]
[(0, 0.22431718237349269), (3, 0.24058815014248017), (6, 0.22732953279553297)]
[(4, 0.77772341496375241)]
[(0, 0.24244105044049222), (3, 0.23720078739494901), (4, 0.32080021201932152)]
[(4, 0.32277712513955731), (5, 0.20507732208244878)]
[(5, 0.55421842797033305)]
[(3, 0.5375364318368917), (4, 0.33329596286228758)]
[(1, 0.20841087754296023), (3, 0.30800076005819216), (6, 0.46809705883378205)]
[(6, 0.86908241586962509)]
[(2, 0.31304214146121034), (6, 0.46229152664362394)]
[(0, 0.39387144667933199), (3, 0.2199605526727228)]
[(4, 0.37295748158328185), (6, 0.30243331925467387)]
[(0, 0.27879971487057709), (6, 0.48572022924118713)]
[(0, 0.4465993361515771), (6, 0.38498475211000083)]
[(0, 0.34842220681702063), (6, 0.59189352165924103)]
[(2, 0.25346767871031789), (6, 0.52431599934677731)]
[(2, 0.44285137538456693), (6, 0.30235319574933422)]
[(3, 0.33319250619504304), (4, 0.26374998356829171), (6, 0.2277251775444569)]
[(4, 0.60649315658425207)]
[(3, 0.25516926783989968), (4, 0.37195486585083087), (6, 0.26274973984525779)]
[(4, 0.59846504243964815)]
[(0, 0.22432447472116102), (3, 0.24058581111574284), (6, 0.22732599099881412)]
[(4, 0.77772549685612047)]
[(0, 0.24244142284259515), (3, 0.23719651341910211), (4, 0.32080559203968317)]
[(4, 0.32277785553962851), (5, 0.2050773835079194)]
[(5, 0.55422435238918766)]
[(3, 0.53753441232263344), (4, 0.33329231935003062)]
[(1, 0.20840302044264719), (3, 0.30801147053788935), (6, 0.46809420407474217)]
[(6, 0.86908937568772027)]
[(2, 0.31305295316493276), (6, 0.46230709154480154)]
[(0, 0.39386819813406748), (3, 0.21996047528794155)]
[(4, 0.37295731595801879), (6, 0.3024352246389459)]
[(0, 0.27879271257098731), (6, 0.48570601117690881)]
[(0, 0.44660142572232925), (6, 0.38499003586953912)]
[(0, 0.34841485187678917), (6, 0.59189517791346391)]
[(2, 0.2534686504857826), (6, 0.52431661378835903)]
[(2, 0.4428613440252967), (6, 0.30237230059150488)]
[(3, 0.33319014720352452), (4, 0.26374798734641491), (6, 0.22772329576266814)]
[(4, 0.60650840374351356)]
[(3, 0.25517267002533078), (4, 0.37194618034301574), (6, 0.2627503769503165)]
[(4, 0.5984703408347517)]
[(0, 0.22432750959067707), (3, 0.24055161863518712), (6, 0.22736563422223011)]
[(4, 0.77773234603163)]
[(0, 0.24244235854251692), (3, 0.23718918188633883), (4, 0.32081352299098714)]
[(4, 0.3227770169393569), (5, 0.20507663125006412)]
[(5, 0.55421675304876383)]
[(3, 0.53753504551986975), (4, 0.3332937793942139)]
[(1, 0.20837751108081148), (3, 0.30804601644194463), (6, 0.46808516304132852)]
[(6, 0.86908590236924044)]
[(2, 0.3130335350772751), (6, 0.46229987364003339)]
[(0, 0.39386794630625871), (3, 0.21996053514612118)]
[(4, 0.37295680520340685), (6, 0.30243647882023944)]
[(0, 0.27879656349990695), (6, 0.48571438425629909)]
[(0, 0.44659638535332274), (6, 0.38497708385007767)]
[(0, 0.34844214876140878), (6, 0.59188339330140893)]
[(2, 0.25346809241071006), (6, 0.52431625012453886)]
[(2, 0.44285756856100411), (6, 0.3023620189274045)]
[(3, 0.33319021177880487), (4, 0.26374804323267614), (6, 0.22772334863411786)]
[(4, 0.60648916757945692)]
[(3, 0.25517481140196796), (4, 0.37194054501837231), (6, 0.26275104925159509)]
[(4, 0.59846352387678947)]
[(0, 0.22432281209911642), (3, 0.24056033921434952), (6, 0.22735926960441874)]
[(4, 0.77773309510851396)]
[(0, 0.24244290948049732), (3, 0.23718563463187614), (4, 0.32081676625081623)]
[(4, 0.32277809033321692), (5, 0.20507779573893789)]
[(5, 0.55422396485019498)]
[(3, 0.53753302166571804), (4, 0.33328992465408019)]
[(1, 0.20840582657481838), (3, 0.30800760603262395), (6, 0.46809526293886716)]
[(6, 0.86908183037009956)]
[(2, 0.31305484273421902), (6, 0.46229422648684088)]
[(0, 0.39387169909573955), (3, 0.21996032898212065)]
[(4, 0.37295773978155539), (6, 0.30243382449722656)]
[(0, 0.27879499044913658), (6, 0.48571066154949483)]
[(0, 0.44659831949773393), (6, 0.38498435913075918)]
[(0, 0.34843637359994895), (6, 0.59188726354037779)]
[(2, 0.25346013099201598), (6, 0.52431222103850728)]
[(2, 0.44285918013340086), (6, 0.3023700047945132)]
[(3, 0.33318870825582425), (4, 0.26374671680586576), (6, 0.22772209033371718)]
[(4, 0.60648878849559273)]
[(3, 0.25516901159473726), (4, 0.37195550456993298), (6, 0.2627497194775914)]
[(4, 0.59846945723202005)]
[(0, 0.2243161895251457), (3, 0.24056039085842623), (6, 0.22735926890189262)]
[(4, 0.77772990993290037)]
[(0, 0.24244176955825963), (3, 0.23719345754518609), (4, 0.32080909348081044)]
[(4, 0.32277777638519539), (5, 0.2050749215674991)]
[(5, 0.55420460456778897)]
[(3, 0.53753673318459028), (4, 0.33329635766177634)]
[(1, 0.20839333654290895), (3, 0.30802423083523212), (6, 0.46809112595613289)]
[(6, 0.86909464144712245)]
[(2, 0.31304830611745887), (6, 0.46229925964432239)]
[(0, 0.39387107199839294), (3, 0.21996045797678107)]
[(4, 0.3729560440896405), (6, 0.3024378148603647)]
[(0, 0.27879595670698371), (6, 0.48571290073184903)]
[(0, 0.44660140370208856), (6, 0.38498912253930795)]
[(0, 0.34843999849865198), (6, 0.59188492950889626)]
[(2, 0.25346539103995119), (6, 0.52431482637431714)]
[(2, 0.44286639954405121), (6, 0.30237350719514344)]
[(3, 0.33319328481619626), (4, 0.26375062606046562), (6, 0.22772578054397222)]
[(4, 0.6064956696177658)]
[(3, 0.25516842447972699), (4, 0.37195695547229113), (6, 0.26274969204547216)]
[(4, 0.5984685426807177)]
[(0, 0.22430643310415393), (3, 0.24055857259621299), (6, 0.22735954248684082)]
[(4, 0.77772463792441626)]
[(0, 0.24244171510330123), (3, 0.23719361503925365), (4, 0.32080894909649477)]
[(4, 0.32277728781236864), (5, 0.20507498728789783)]
[(5, 0.55422001629624429)]
[(3, 0.53753749386851912), (4, 0.33329790221107269)]
[(1, 0.20840320444323113), (3, 0.30801121318781965), (6, 0.46809427745625543)]
[(6, 0.86908966774270635)]
[(2, 0.31304834613264587), (6, 0.46229022869121311)]
[(0, 0.39386908321203662), (3, 0.21996058025730364)]
[(4, 0.3729576825455081), (6, 0.30243343202931322)]
[(0, 0.27880000759481705), (6, 0.48572138601730547)]
[(0, 0.44660296132189314), (6, 0.38499313751614211)]
[(0, 0.34841929292746016), (6, 0.59189429598765197)]
[(2, 0.25346486380383498), (6, 0.5243145912600663)]
[(2, 0.44286424775862748), (6, 0.30238525629914376)]
[(3, 0.33319218958306052), (4, 0.26374972030461957), (6, 0.22772493011384634)]
[(4, 0.6064995911312544)]
[(3, 0.2551708690574741), (4, 0.37195082734180362), (6, 0.2627499607819781)]
[(4, 0.5984650368372203)]
[(0, 0.22432015581927953), (3, 0.24058177599256864), (6, 0.2273370492520792)]
[(4, 0.77772254087510861)]
[(0, 0.24244226868456109), (3, 0.23718945249192741), (4, 0.32081329161140276)]
[(4, 0.32277701229661837), (5, 0.20507684349234379)]
[(5, 0.55421935274317624)]
[(3, 0.53753245496577728), (4, 0.33328878191219358)]
[(1, 0.20839108689845195), (3, 0.30802720683720503), (6, 0.46809039919903206)]
[(6, 0.86908870918069969)]
[(2, 0.31305301672088359), (6, 0.46229311018007707)]
[(0, 0.39386842703453201), (3, 0.2199602420494054)]
[(4, 0.37295696268869655), (6, 0.30243645121237983)]
[(0, 0.27879893509160092), (6, 0.48571966242531517)]
[(0, 0.44660107011083294), (6, 0.38498827029187249)]
[(0, 0.34843708825755865), (6, 0.59188682842853491)]
[(2, 0.25346735111447949), (6, 0.52431587553788972)]
[(2, 0.44286021537671066), (6, 0.3023669441406463)]
[(3, 0.3331955663125537), (4, 0.26375247520093592), (6, 0.22772750984597506)]
[(4, 0.60652948474740598)]
[(3, 0.25517522631776257), (4, 0.37193943956858105), (6, 0.26275119877686653)]
[(4, 0.59846565918897621)]
[(0, 0.22432463022500598), (3, 0.24059264674993885), (6, 0.22732164806182673)]
[(4, 0.77772952400496664)]
[(0, 0.24244173336137576), (3, 0.23719372335106587), (4, 0.32080880315638649)]
[(4, 0.32277774456345287), (5, 0.20507614766232404)]
[(5, 0.55422300733859975)]
[(3, 0.537534838079883), (4, 0.33329297698023935)]
[(1, 0.20839039515795824), (3, 0.30802801754189985), (6, 0.46809028010668496)]
[(6, 0.8690800332342532)]
[(2, 0.31305072286202201), (6, 0.46229582016361204)]
[(0, 0.39386804242270074), (3, 0.21996043785938182)]
[(4, 0.37295698149382117), (6, 0.30243628167324554)]
[(0, 0.2787995934601486), (6, 0.48571934949316592)]
[(0, 0.44659887430333189), (6, 0.38498262053368382)]
[(0, 0.34841369618548379), (6, 0.59189535132965387)]
[(2, 0.25346818848876185), (6, 0.52431635785523123)]
[(2, 0.44285618378547592), (6, 0.30237096188171131)]
[(3, 0.33319595325744161), (4, 0.26375278467351032), (6, 0.22772779843780591)]
[(4, 0.60652830545911141)]
[(3, 0.25517190189365241), (4, 0.37194817481904952), (6, 0.26275018021638225)]
[(4, 0.59846904310669402)]
[(0, 0.22431965046017663), (3, 0.24055024108352768), (6, 0.22736757139089597)]
[(4, 0.77773452716806779)]
[(0, 0.2424423532428262), (3, 0.2371888839991462), (4, 0.32081384283951675)]
[(4, 0.32277806008093424), (5, 0.20507542860498396)]
[(5, 0.55421963633167759)]
[(3, 0.53753708989778048), (4, 0.33329712324031346)]
[(1, 0.20839847646608428), (3, 0.30801758813587876), (6, 0.46809262965192194)]
[(6, 0.86908416791341792)]
[(2, 0.31304351159275362), (6, 0.46228949361083971)]
[(0, 0.39386833891876605), (3, 0.2199603774159252)]
[(4, 0.37295680750180848), (6, 0.30243676570838801)]
[(0, 0.27879938923881759), (6, 0.4857201775119302)]
[(0, 0.4465975303486861), (6, 0.38497982137237907)]
[(0, 0.34844167583594277), (6, 0.59188374097583052)]
[(2, 0.25346635821993552), (6, 0.5243153779102997)]
[(2, 0.44286335967096868), (6, 0.30236962601156953)]
[(3, 0.33319092512040427), (4, 0.26374865535552272), (6, 0.22772392698099131)]
[(4, 0.60649802554466181)]
[(3, 0.25517206611971638), (4, 0.37194775010459658), (6, 0.26275021991666259)]
[(4, 0.59846461194301792)]
[(0, 0.22432477407018056), (3, 0.24058461622406346), (6, 0.22733172241776281)]
[(4, 0.77772468621463076)]
[(0, 0.24244293144653722), (3, 0.23718553045798352), (4, 0.32081685233631535)]
[(4, 0.3227778597258113), (5, 0.20507525075042449)]
[(5, 0.55421981930099384)]
[(5, 0.57084655341651713)]
