[(2, 0.57142854912866392)]
[(3, 0.63060815885728971), (4, 0.35837234263935563)]
[(1, 0.21361799931330511), (6, 0.44660037798300095)]
[(6, 0.86480124246116652)]
[(2, 0.59475113371227306), (6, 0.24328031701025388)]
[(0, 0.28024213178205931), (2, 0.20351757474922438), (4, 0.21696509322422022), (6, 0.22998419219260011)]
[(0, 0.42399520454383161), (4, 0.26794629234879425), (6, 0.22657779374599052)]
[(4, 0.31714164522285887), (6, 0.43163640629488031)]
[(4, 0.24920684284431291), (6, 0.50786902729093819)]
[(6, 0.55837476101036665)]
[(0, 0.33145055235679294), (6, 0.50385801502916472)]
[(4, 0.23905808627495548), (6, 0.51031200934204723)]
[(6, 0.52031232634301827)]
[(2, 0.32070698308552087), (6, 0.27977622862815543)]
[(4, 0.57384106010243197)]
[(4, 0.59218769187474829), (6, 0.2242149793034435)]
[(4, 0.47573086568477285), (6, 0.30303138660104373)]
[(4, 0.51144147695780151)]
[(4, 0.20604533057733493), (5, 0.26749875231278253), (6, 0.26141714211277778)]
[(3, 0.35859959841469508), (5, 0.24044110114867265)]
[(6, 0.55135425034429764)]
[(3, 0.63061781021496055), (4, 0.35836274147644476)]
[(1, 0.21363875874066288), (6, 0.44660836425630274)]
[(6, 0.86480179693430015)]
[(2, 0.59475761187198206), (6, 0.24329033593080071)]
[(0, 0.28026131385638281), (2, 0.20357293852618266), (4, 0.21694316487748502), (6, 0.22997523961973113)]
[(0, 0.42400505516114362), (4, 0.26798478189468128), (6, 0.22656213899475633)]
[(4, 0.31715749233651491), (6, 0.43167884448161309)]
[(4, 0.2492249841605706), (6, 0.5078771649353957)]
[(6, 0.55837441476029159)]
[(0, 0.33145099059263461), (6, 0.50385900917649284)]
[(4, 0.23906410357568383), (6, 0.51038589942752521)]
[(6, 0.52032844033692882)]
[(2, 0.32070241121773774), (6, 0.27977491688709172)]
[(4, 0.57383346045026218)]
[(4, 0.5921876827216388), (6, 0.2242156458225362)]
[(4, 0.4757274248978452), (6, 0.30300318275422283)]
[(4, 0.51144876204785272)]
[(4, 0.20604449104695749), (5, 0.26749870315191387), (6, 0.26140308233141707)]
[(3, 0.35859858171999071), (5, 0.24043962354218845)]
[(6, 0.55135546294504389)]
[(3, 0.63060937934805605), (4, 0.35837107895481896)]
[(1, 0.21365702516899024), (6, 0.44663328789593981)]
[(6, 0.86480350793985994)]
[(2, 0.59475496178220022), (6, 0.24328626887429386)]
[(0, 0.28028294592531844), (2, 0.20357408181952533), (4, 0.2169417838158412), (6, 0.22999504594284548)]
[(0, 0.4239911008696885), (4, 0.26793119885989702), (6, 0.22658368340004151)]
[(4, 0.31716239142807923), (6, 0.43169249678598742)]
[(4, 0.24922792997293167), (6, 0.50788078796164038)]
[(6, 0.55837483626749973)]
[(0, 0.33145061587702945), (6, 0.50385782968972515)]
[(4, 0.2390675364627142), (6, 0.51040839320632736)]
[(6, 0.5203123705756062)]
[(2, 0.32070300143570474), (6, 0.27977508610192059)]
[(4, 0.57383703020559507)]
[(4, 0.59218750317347568), (6, 0.22421583456399941)]
[(4, 0.47572632331100295), (6, 0.30299923254948036)]
[(4, 0.51145015726325316)]
[(4, 0.20604464725878749), (5, 0.26750002217279278), (6, 0.2614037115834783)]
[(3, 0.35859888647730681), (5, 0.24044005855405332)]
[(6, 0.55136012570904913)]
[(3, 0.63061631751178615), (4, 0.35836421827731596)]
[(1, 0.21363554870115109), (6, 0.4466047909364172)]
[(6, 0.86479880932146269)]
[(2, 0.59475150583627667), (6, 0.24328095681795714)]
[(0, 0.2802870670035027), (2, 0.20366290854773725), (4, 0.21691572392923691), (6, 0.22994598199149255)]
[(0, 0.42397558570167204), (4, 0.26787773169566348), (6, 0.22660369321563589)]
[(4, 0.31719516148975002), (6, 0.43173362647421509)]
[(4, 0.24923279311805421), (6, 0.50788641331901196)]
[(6, 0.55837654594456543)]
[(0, 0.33145063423370219), (6, 0.50385797216773209)]
[(4, 0.23905978832316852), (6, 0.51037876960952311)]
[(6, 0.52032207497112715)]
[(2, 0.32070680999158446), (6, 0.27977617845657643)]
[(4, 0.57383749918212013)]
[(4, 0.59218720712202799), (6, 0.2242174508264162)]
[(4, 0.47573076340566839), (6, 0.3030298898671609)]
[(4, 0.51144827710459551)]
[(4, 0.20604466066962038), (5, 0.26749893524928497), (6, 0.26140553709572306)]
[(3, 0.35859870979498487), (5, 0.24043981947703388)]
[(6, 0.55135478110258307)]
[(3, 0.63061672245122591), (4, 0.35836384100749813)]
[(1, 0.21363747837470184), (6, 0.44662355653710129)]
[(6, 0.86479342925219937)]
[(2, 0.59475211353711066), (6, 0.24328186908342717)]
[(0, 0.28028140647214478), (2, 0.20361415079620351), (4, 0.21692987349137932), (6, 0.22997016985061458)]
[(0, 0.4239860020528482), (4, 0.26791305605704491), (6, 0.22659064183676922)]
[(4, 0.31718629005840088), (6, 0.43173868336713556)]
[(4, 0.24922998069398139), (6, 0.50788373860355118)]
[(6, 0.55837449174561726)]
[(0, 0.33145031789777407), (6, 0.50385738908118216)]
[(4, 0.23905651823928795), (6, 0.51036806184400285)]
[(6, 0.52033157494584781)]
[(2, 0.32070421864425308), (6, 0.27977543523803783)]
[(4, 0.57383432525201461)]
[(4, 0.59218769545086347), (6, 0.22421586504396637)]
[(4, 0.47573091079521246), (6, 0.30302988241727369)]
[(4, 0.51144607255730001)]
[(4, 0.20604447637918069), (5, 0.26749846942218475), (6, 0.26140325781686691)]
[(3, 0.35859940081702257), (5, 0.24044082033648095)]
[(6, 0.55134678112724478)]
[(3, 0.63060644977783276), (4, 0.35837400001923014)]
[(1, 0.2136309736598348), (6, 0.44660085557216933)]
[(6, 0.86479939295844721)]
[(2, 0.59475199609550122), (6, 0.24328168898476663)]
[(0, 0.28029410488173823), (2, 0.20362128986446504), (4, 0.21692619484145487), (6, 0.22997903071068543)]
[(0, 0.42401682312572314), (4, 0.26803700830912625), (6, 0.22653906871298163)]
[(4, 0.31717757385731127), (6, 0.43171980210397742)]
[(4, 0.24922793546577357), (6, 0.50788024004115528)]
[(6, 0.55837652420384065)]
[(0, 0.33145033568571919), (6, 0.50385728012116049)]
[(4, 0.23904943070374293), (6, 0.51031012591662384)]
[(6, 0.52031911046871104)]
[(2, 0.32070702575518217), (6, 0.27977624194771544)]
[(4, 0.57383889804700927)]
[(4, 0.59218758159191365), (6, 0.22421591988780276)]
[(4, 0.47572833365973283), (6, 0.30300989367180425)]
[(4, 0.51144597055262309)]
[(4, 0.20604408827001452), (5, 0.26749827198000159), (6, 0.2613961390570117)]
[(3, 0.35859960067002594), (5, 0.240441185077963)]
[(6, 0.5513445047307759)]
[(3, 0.63061265711382442), (4, 0.35836786354018724)]
[(1, 0.21364773124422154), (6, 0.44662894535262648)]
[(6, 0.86480430445036205)]
[(2, 0.59475647175173507), (6, 0.24328856648514929)]
[(0, 0.28028158970483791), (2, 0.20363870096918643), (4, 0.21692291290227586), (6, 0.22995540575509918)]
[(0, 0.42403468154427981), (4, 0.26815483814296992), (6, 0.22647886265139533)]
[(4, 0.31720405722755746), (6, 0.43173780077585339)]
[(4, 0.2492257902905872), (6, 0.5078792376526049)]
[(6, 0.55838033246652508)]
[(0, 0.33145080945553934), (6, 0.50385836258797401)]
[(4, 0.23905757967319882), (6, 0.51030826730446499)]
[(6, 0.52032563079146044)]
[(2, 0.32070303768382868), (6, 0.2797750931978279)]
[(4, 0.57383530320366349)]
[(4, 0.59218813773611512), (6, 0.22421319475777315)]
[(4, 0.47573148093006401), (6, 0.30303476604797552)]
[(4, 0.51144547957988507)]
[(4, 0.2060445476217091), (5, 0.26749988483904086), (6, 0.26139954269497079)]
[(3, 0.3585996551753311), (5, 0.24044125863355131)]
[(6, 0.55135078755938871)]
[(3, 0.63061377289977338), (4, 0.35836677307015741)]
[(1, 0.21361549058699886), (6, 0.44660226935681818)]
[(6, 0.86480246001234296)]
[(2, 0.59475050503994786), (6, 0.24327938703316762)]
[(0, 0.28028409024599926), (2, 0.20364678661204927), (4, 0.21692043632080366), (6, 0.22995290646909422)]
[(0, 0.42399563580937427), (4, 0.26794790891090409), (6, 0.22657712710610448)]
[(4, 0.31713735509347851), (6, 0.43164241580110274)]
[(4, 0.24922750774030059), (6, 0.50788085590357024)]
[(6, 0.55837574841414839)]
[(0, 0.33145092926611475), (6, 0.50385866940891721)]
[(4, 0.23905590593293041), (6, 0.51033379384186306)]
[(6, 0.5203283054657809)]
[(2, 0.32070450981005866), (6, 0.27977551288180336)]
[(4, 0.57383953203158267)]
[(4, 0.59218796139413854), (6, 0.22421403631708162)]
[(4, 0.47572722509486981), (6, 0.30300094766151497)]
[(4, 0.51144482819206871)]
[(4, 0.20604146136076323), (5, 0.2675081713807369), (6, 0.26133661760712007)]
[(3, 0.35859993764393039), (5, 0.24044167736754354)]
[(6, 0.55134653806120859)]
[(3, 0.6306160840043572), (4, 0.35836445895814295)]
[(1, 0.21361787271867738), (6, 0.44660185346529285)]
[(6, 0.86479644125560828)]
[(2, 0.59475262766621606), (6, 0.24328267012415405)]
[(0, 0.28025890358507594), (2, 0.20352671834114486), (4, 0.21696185188463091), (6, 0.22999434764234275)]
[(0, 0.42398305787032642), (4, 0.26790285239910422), (6, 0.22659456914623094)]
[(4, 0.3171553883145562), (6, 0.43163414601668948)]
[(4, 0.2492135866105756), (6, 0.50787107693955491)]
[(6, 0.55837479337896712)]
[(0, 0.33145052542671977), (6, 0.50385787574194474)]
[(4, 0.23905791631134973), (6, 0.51029026427866075)]
[(6, 0.52032928418199831)]
[(2, 0.32070537047184083), (6, 0.27977576101500079)]
[(4, 0.57383455044227749)]
[(4, 0.5921871825424202), (6, 0.22421726314004464)]
[(4, 0.47573190415320038), (6, 0.30303825067451839)]
[(4, 0.51145131024603963)]
[(4, 0.20604168092048464), (5, 0.26750788081969046), (6, 0.26132164034707578)]
[(3, 0.35859853568076694), (5, 0.24043959148277658)]
[(6, 0.55135758279079361)]
[(3, 0.63060949549776879), (4, 0.35837102795675752)]
[(1, 0.21360853869995541), (6, 0.44659875836229385)]
[(6, 0.86480281718455487)]
[(2, 0.59475357073979396), (6, 0.24328411459602445)]
[(0, 0.28027103031171657), (2, 0.20357730824046985), (4, 0.21694243856135387), (6, 0.22998095378137895)]
[(0, 0.42397372564235952), (4, 0.26787163685420756), (6, 0.22660598586163577)]
[(4, 0.31720504116209053), (6, 0.43174132100650975)]
[(4, 0.24922860055647525), (6, 0.50787944161215426)]
[(6, 0.55838067709119155)]
[(0, 0.33145061450865387), (6, 0.50385822154328619)]
[(4, 0.23905816337851321), (6, 0.51033568934679363)]
[(6, 0.52031865560450385)]
[(2, 0.3207043057282859), (6, 0.27977546913634094)]
[(4, 0.57383384672321758)]
[(4, 0.5921874372169954), (6, 0.22421635682613406)]
[(4, 0.47572873422088008), (6, 0.30301678003253135)]
[(4, 0.51145200052890516)]
[(4, 0.2060413729876118), (5, 0.26750901350500611), (6, 0.26131004061442514)]
[(3, 0.3585998551852182), (5, 0.24044156259631061)]
[(6, 0.55135544318231522)]
[(3, 0.6306114595750254), (4, 0.35836908235609072)]
[(1, 0.2136142284363394), (6, 0.44659774914087152)]
[(6, 0.86480098106844605)]
[(2, 0.59475538130068673), (6, 0.24328690408096887)]
[(0, 0.28027964525859123), (2, 0.2036500235243332), (4, 0.21692033339046488), (6, 0.22994611114433824)]
[(0, 0.42399474616156746), (4, 0.26794458320896203), (6, 0.22657845516083602)]
[(4, 0.31718859533359134), (6, 0.43174205720067771)]
[(4, 0.24922380373149666), (6, 0.50787563852740714)]
[(6, 0.55837571783053275)]
[(0, 0.33145094813720571), (6, 0.50385873743402065)]
[(4, 0.2390604660668304), (6, 0.5103029949282657)]
[(6, 0.52032710489677014)]
[(2, 0.32070524564303882), (6, 0.27977572321527738)]
[(4, 0.57384169871998059)]
[(4, 0.59218750156932187), (6, 0.22421640537889104)]
[(4, 0.4757258270142839), (6, 0.30299492640782294)]
[(4, 0.51144566834651872)]
[(4, 0.20604396850888748), (5, 0.26749944838116407), (6, 0.26139037710310076)]
[(3, 0.35859974962775565), (5, 0.24044140740007655)]
[(6, 0.55134678747975696)]
[(3, 0.63060683369171544), (4, 0.35837358124665503)]
[(1, 0.21365164747267504), (6, 0.44662381049775196)]
[(6, 0.86480330144717044)]
[(2, 0.5947536198225144), (6, 0.24328425362809503)]
[(0, 0.28028037717909166), (2, 0.20362526790257443), (4, 0.21692736441458599), (6, 0.2299618691661913)]
[(0, 0.4239728867644621), (4, 0.26786890242200584), (6, 0.22660690097460029)]
[(4, 0.31717720113723524), (6, 0.43171733058219136)]
[(4, 0.24922756231042942), (6, 0.50788081333435608)]
[(6, 0.55837383459339085)]
[(0, 0.33145057032950487), (6, 0.50385800901285205)]
[(4, 0.23905381308313323), (6, 0.51030909672147495)]
[(6, 0.52032300896677364)]
[(2, 0.32070307750293797), (6, 0.27977510618007345)]
[(4, 0.57383878885106943)]
[(4, 0.59218783879535997), (6, 0.22421458364832964)]
[(4, 0.47573094264466415), (6, 0.30303002230761111)]
[(4, 0.51144749027945047)]
[(4, 0.20604505239031184), (5, 0.26749867882971234), (6, 0.26141188829245382)]
[(3, 0.35860007027600416), (5, 0.24044188339657258)]
[(6, 0.55134250182639744)]
[(3, 0.63060895523859239), (4, 0.35837137254689122)]
[(1, 0.2136029483731828), (6, 0.44659321720229073)]
[(6, 0.8647968640973448)]
[(2, 0.59475455867923066), (6, 0.24328567015926778)]
[(0, 0.28028200722627589), (2, 0.20363201682435464), (4, 0.21692536286702419), (6, 0.2299593282163066)]
[(0, 0.42401547978062276), (4, 0.26803053495260032), (6, 0.22654214376862405)]
[(4, 0.31721047287112186), (6, 0.43175076976554189)]
[(4, 0.24923213680181169), (6, 0.50788366334176571)]
[(6, 0.55837332577055532)]
[(0, 0.33145091251567527), (6, 0.5038585800842823)]
[(4, 0.23906111661890581), (6, 0.51029671879601302)]
[(6, 0.52032246023341355)]
[(2, 0.32070453794744863), (6, 0.27977551807318018)]
[(4, 0.5738357802095112)]
[(4, 0.59218743988500888), (6, 0.22421660333243623)]
[(4, 0.47572583928449685), (6, 0.3029986582545538)]
[(4, 0.51143719952601807)]
[(4, 0.2060426123786008), (5, 0.2675114553552414), (6, 0.26133292599247865)]
[(3, 0.35859999048826374), (5, 0.24044176984223883)]
[(6, 0.55135950528509003)]
[(3, 0.63060883512893062), (4, 0.35837161821606606)]
[(1, 0.21364530074200383), (6, 0.44662703917967839)]
[(6, 0.86480311093494977)]
[(2, 0.59475406464405667), (6, 0.24328489060599406)]
[(0, 0.28028960353054166), (2, 0.20361459777263216), (4, 0.21693047578379945), (6, 0.22997650809460737)]
[(0, 0.42400274394377391), (4, 0.26797543686929975), (6, 0.22656586985469757)]
[(4, 0.31717566087311228), (6, 0.43173342951395666)]
[(4, 0.24922042188714216), (6, 0.50787296086732103)]
[(6, 0.55837421366006101)]
[(0, 0.33145113563120393), (6, 0.50385916147395049)]
[(4, 0.23905563411470951), (6, 0.51038912780067935)]
[(6, 0.52032034727786647)]
[(2, 0.32070603970287986), (6, 0.27977595314453479)]
[(4, 0.57383804332345989)]
[(4, 0.59218702199835327), (6, 0.22421802984713451)]
[(4, 0.47572727787282065), (6, 0.30300072185503107)]
[(4, 0.51144772801969052)]
[(4, 0.2060394874543591), (5, 0.26750543402857718), (6, 0.26128961126078709)]
[(3, 0.35859975340974115), (5, 0.24044141718136161)]
[(6, 0.55135255969950114)]
[(3, 0.63061878924208326), (4, 0.35836177334801128)]
[(1, 0.21362165449835974), (6, 0.44659934850871341)]
[(6, 0.86479703337157476)]
[(2, 0.59475387426693382), (6, 0.24328454266050645)]
[(0, 0.28027246066696399), (2, 0.20364114589357971), (4, 0.21692325326703196), (6, 0.22994454361980321)]
[(0, 0.42402742408263006), (4, 0.26809552104605033), (6, 0.22651086945984691)]
[(4, 0.31719381690412174), (6, 0.43173589411191837)]
[(4, 0.24921544821641678), (6, 0.50787415004862813)]
[(6, 0.55837528745295828)]
[(0, 0.33145106681637421), (6, 0.5038590701229958)]
[(4, 0.23905058390592546), (6, 0.51032363367950984)]
[(6, 0.52030835862054592)]
[(2, 0.32070577069592565), (6, 0.27977588127363934)]
[(4, 0.5738387918521709)]
[(4, 0.59218705168813535), (6, 0.2242177009893864)]
[(4, 0.47573118519920721), (6, 0.30303897162004351)]
[(4, 0.51144717793925376)]
[(4, 0.20604294463630257), (5, 0.26751574847243365), (6, 0.26132936064445794)]
[(3, 0.35859984041695753), (5, 0.24044143306335999)]
[(6, 0.55134838972236544)]
[(3, 0.6306159269763959), (4, 0.35836463339455027)]
[(1, 0.21361977022206227), (6, 0.4466000682827142)]
[(6, 0.86479379451505323)]
[(2, 0.59475836579728514), (6, 0.24329143504736137)]
[(0, 0.28028362827321868), (2, 0.20365255754459699), (4, 0.21691883754018271), (6, 0.22994892875982809)]
[(0, 0.42399629304230868), (4, 0.26795037885508532), (6, 0.22657616766358174)]
[(4, 0.31719676525599932), (6, 0.43173276613530398)]
[(4, 0.24921931559268901), (6, 0.50787840192235822)]
[(6, 0.55837401841417988)]
[(0, 0.33145062431482597), (6, 0.50385807109570457)]
[(4, 0.23906849334059144), (6, 0.51040906401072539)]
[(6, 0.52032766077523218)]
[(2, 0.32070467940673536), (6, 0.27977557426200311)]
[(4, 0.57383863938400348)]
[(4, 0.59218764072279528), (6, 0.22421605553223523)]
[(4, 0.47572961180840845), (6, 0.30302035539791572)]
[(4, 0.51144075034414826)]
[(4, 0.20604483052393296), (5, 0.26749968266224172), (6, 0.26140574102829583)]
[(3, 0.35859921753022339), (5, 0.24044057054574169)]
[(6, 0.55135691516125152)]
[(3, 0.63061118927732951), (4, 0.35836934650376456)]
[(1, 0.21362310963762127), (6, 0.4466024771687313)]
[(6, 0.86480417501147677)]
[(2, 0.59474963195168795), (6, 0.24327816513467948)]
[(0, 0.28029103544812023), (2, 0.20365432652591026), (4, 0.21691765429722057), (6, 0.22995531959180107)]
[(0, 0.42396128991070092), (4, 0.26783220258586882), (6, 0.22661977002059852)]
[(4, 0.31719865875928843), (6, 0.43174347749443287)]
[(4, 0.24922710040231566), (6, 0.5078786122752339)]
[(6, 0.55837494995836279)]
[(0, 0.33145019933976483), (6, 0.50385714528724657)]
[(4, 0.23906583610389417), (6, 0.51031027449070476)]
[(6, 0.52033773357462743)]
[(2, 0.32070595805897539), (6, 0.27977593835667663)]
[(4, 0.57383656084527657)]
[(4, 0.59218756416776941), (6, 0.22421546765671141)]
[(4, 0.47572905446135771), (6, 0.30301923767022432)]
[(4, 0.5114447166213103)]
[(4, 0.20603623564723342), (5, 0.26750020504394673), (6, 0.26126176876129664)]
[(3, 0.35859875723757556), (5, 0.24043994825016887)]
[(6, 0.55135148230976527)]
[(3, 0.63061822159721548), (4, 0.35836234252035887)]
[(1, 0.21363689373741618), (6, 0.44661747808907798)]
[(6, 0.86479679417575761)]
[(2, 0.59475286751994827), (6, 0.2432830764973932)]
[(0, 0.28029060878886319), (2, 0.20362415570910544), (4, 0.21692905958200204), (6, 0.22997050617352838)]
[(0, 0.42396998877841385), (4, 0.26785954733476786), (6, 0.2266101684247237)]
[(4, 0.31717988212001996), (6, 0.4317183519135025)]
[(4, 0.24922796619060802), (6, 0.5078804922829343)]
[(6, 0.55837927461180115)]
[(0, 0.33145041196571007), (6, 0.50385748618549064)]
[(4, 0.23906261794103625), (6, 0.51031146536699779)]
[(6, 0.52033230889887128)]
[(2, 0.32070166956610147), (6, 0.27977470458127668)]
[(4, 0.57383916783124966)]
[(4, 0.59218781746255467), (6, 0.22421405919736695)]
[(4, 0.47573021544937472), (6, 0.3030254172133694)]
[(4, 0.51143746430954329)]
[(4, 0.20604404807407944), (5, 0.26750883216260857), (6, 0.26137885611735251)]
[(3, 0.35859959434991856), (5, 0.24044118647888538)]
[(6, 0.55135435716127601)]
[(3, 0.63061973162796514), (4, 0.35836081186178315)]
[(1, 0.21362455234846181), (6, 0.44660248631181548)]
[(6, 0.86479711274972038)]
[(2, 0.59475283846444349), (6, 0.2432830138645663)]
[(0, 0.2802911862010527), (2, 0.20359926414230303), (4, 0.21693419672446396), (6, 0.22998743107110789)]
[(0, 0.42403272501182065), (4, 0.2681352172693629), (6, 0.22648987790619865)]
[(4, 0.31714628898136349), (6, 0.43165644196363279)]
[(4, 0.24922623914317074), (6, 0.50787802049782682)]
[(6, 0.55838133271127877)]
[(0, 0.33145107147235986), (6, 0.50385893273535243)]
[(4, 0.23906045686144206), (6, 0.51039314157502524)]
[(6, 0.52031292318364453)]
[(2, 0.32070693912567044), (6, 0.2797762084400251)]
[(4, 0.57383154178208151)]
[(4, 0.59218700746477371), (6, 0.22421830810798263)]
[(4, 0.47572725233261148), (6, 0.30300309387740765)]
[(4, 0.51144371579213022)]
[(4, 0.20604545442612879), (5, 0.26749904143908859), (6, 0.26141849744390738)]
[(3, 0.35859983182116439), (5, 0.24044146241760184)]
[(6, 0.55134827219818427)]
[(3, 0.63062190146862973), (4, 0.35835865726201549)]
[(1, 0.21362960947026255), (6, 0.44659634664601155)]
[(6, 0.86480336215542641)]
[(2, 0.59475303884774333), (6, 0.24328329389867387)]
[(0, 0.28028706685154237), (2, 0.20365393010803692), (4, 0.21691829772358695), (6, 0.22995142617472686)]
[(0, 0.42399727758324401), (4, 0.2679541091654366), (6, 0.22657465941540528)]
[(4, 0.31720832769087198), (6, 0.43174593622135554)]
[(4, 0.24922950900164448), (6, 0.50788290055685836)]
[(6, 0.55837441080297734)]
[(0, 0.33145027618275968), (6, 0.50385726066954806)]
[(4, 0.23904319451930095), (6, 0.51032254209381467)]
[(6, 0.52032847817681338)]
[(2, 0.32070188262464178), (6, 0.27977476574473642)]
[(4, 0.5738352474726427)]
[(4, 0.59218767579066933), (6, 0.22421531949458307)]
[(4, 0.47572879486513481), (6, 0.30301745863131657)]
[(4, 0.51144758831459969)]
[(4, 0.20603837045233031), (5, 0.26750339822974223), (6, 0.26128471613030069)]
[(3, 0.35860003804843793), (5, 0.2404418514833892)]
[(6, 0.55134864110274162)]
[(3, 0.6306180718768486), (4, 0.35836249651475183)]
[(1, 0.21363334563977218), (6, 0.44660681504296335)]
[(6, 0.86479590019607022)]
[(2, 0.59475182579078389), (6, 0.24328142902078109)]
[(0, 0.28026915194928509), (2, 0.20355221238581089), (4, 0.21694878946471824), (6, 0.22999517587520127)]
[(0, 0.42397028905853057), (4, 0.26786052379422237), (6, 0.22661010226645834)]
[(4, 0.31715761340633875), (6, 0.43169142981812919)]
[(4, 0.24921149412695789), (6, 0.50787417497858323)]
[(6, 0.55837355612691719)]
[(0, 0.3314505089038905), (6, 0.50385776733303)]
[(4, 0.23904375746290218), (6, 0.51031436661691409)]
[(6, 0.52033379143216696)]
[(2, 0.32070652876398364), (6, 0.27977609991302704)]
[(4, 0.57383934374849899)]
[(4, 0.59218749652771219), (6, 0.22421627302732708)]
[(4, 0.47573025297120508), (6, 0.30302534919112128)]
[(4, 0.5114450593696106)]
[(4, 0.20603609674589099), (5, 0.26749986823820177), (6, 0.26125563050027939)]
[(3, 0.35860005449703619), (5, 0.24044184455970907)]
[(6, 0.55134981405492478)]
[(3, 0.63060670355038617), (4, 0.35837373612969536)]
[(1, 0.21362253746300106), (6, 0.44659569054397036)]
[(6, 0.86479557476669799)]
[(2, 0.59475144061806939), (6, 0.24328083542202555)]
[(0, 0.28027102040724755), (2, 0.20363408801003979), (4, 0.21692511212349691), (6, 0.22994761792197635)]
[(0, 0.42398362786683924), (4, 0.26790481368120522), (6, 0.22659381320435376)]
[(4, 0.3172028232118389), (6, 0.43175336667537256)]
[(4, 0.24922488662905257), (6, 0.50787698856488772)]
[(6, 0.55837488265124358)]
[(0, 0.33145098010110075), (6, 0.50385896227658911)]
[(4, 0.23906037137987032), (6, 0.51037532123873863)]
[(6, 0.52031189664597277)]
[(2, 0.3207015949851742), (6, 0.27977468259873434)]
[(4, 0.57383554354929911)]
[(4, 0.59218758578071584), (6, 0.22421572573380039)]
[(4, 0.47572754970470715), (6, 0.30301167584365052)]
[(4, 0.51143368884985418)]
[(4, 0.20604457177319402), (5, 0.2675008956033082), (6, 0.26139729307690873)]
[(3, 0.35859953787977028), (5, 0.24044108478533568)]
[(6, 0.5513435800771519)]
[(3, 0.6306174765847421), (4, 0.35836307088542618)]
[(1, 0.21360275248503902), (6, 0.44659247248363443)]
[(6, 0.86480055302548431)]
[(2, 0.59475394741353516), (6, 0.2432846802128876)]
[(0, 0.28029003571882716), (2, 0.20365530196286311), (4, 0.21691757851822277), (6, 0.22995356131641462)]
[(0, 0.42400751033720302), (4, 0.26799501651910279), (6, 0.22655767408150709)]
[(4, 0.31720242865853171), (6, 0.43173613319235471)]
[(4, 0.24922664706617478), (6, 0.50787841565626513)]
[(6, 0.55838100441987737)]
[(0, 0.33145071191474851), (6, 0.50385803596310386)]
[(4, 0.23906302574320287), (6, 0.51040023529625833)]
[(6, 0.52033356542979681)]
[(2, 0.32070377737996308), (6, 0.27977530341208084)]
[(4, 0.57383678789424331)]
[(4, 0.59218716378069369), (6, 0.22421846396944489)]
[(4, 0.47573005686198311), (6, 0.30302737007472869)]
[(4, 0.51144216580669033)]
[(4, 0.20604237765733779), (5, 0.26750924856923669), (6, 0.26132538257650273)]
[(3, 0.35859829839208252), (5, 0.24043917965175451)]
[(6, 0.55136001518974653)]
[(3, 0.63061281223969645), (4, 0.35836763909606756)]
[(1, 0.21361482364165324), (6, 0.44659999642964793)]
[(6, 0.86479709004616212)]
[(2, 0.59475059188951807), (6, 0.24327952215141396)]
[(0, 0.28027616128821586), (2, 0.2036169405407523), (4, 0.2169291132270742), (6, 0.22996358402417982)]
[(0, 0.42400857199195774), (4, 0.26799953562534695), (6, 0.22655569503936188)]
[(4, 0.31717244797469518), (6, 0.43170985859272676)]
[(4, 0.24922658908761022), (6, 0.5078788766576452)]
[(6, 0.55837540570526967)]
[(0, 0.33145062236211414), (6, 0.50385809730462838)]
[(4, 0.23905832176706734), (6, 0.51032748750200163)]
[(6, 0.52033470700582585)]
[(2, 0.32070620294898294), (6, 0.27977600859488955)]
[(4, 0.5738322535227468)]
[(4, 0.59218778903311586), (6, 0.22421443968129343)]
[(4, 0.47573177477797102), (6, 0.30303986206868849)]
[(4, 0.5114461169060025)]
[(4, 0.20604143936693106), (5, 0.26750860430157525), (6, 0.26130632987124919)]
[(3, 0.3585992213327317), (5, 0.24044052393032025)]
[(6, 0.55135507605183465)]
[(3, 0.63061140672582017), (4, 0.35836905524552831)]
[(1, 0.21362847566679091), (6, 0.44660690914105988)]
[(6, 0.86479798403296049)]
[(2, 0.59475315865634104), (6, 0.24328350315974445)]
[(0, 0.2802775894584173), (2, 0.20363942346144467), (4, 0.21692289918395882), (6, 0.22995105636727434)]
[(0, 0.42397301214834582), (4, 0.26786931131146774), (6, 0.22660678560185282)]
[(4, 0.31720569698039569), (6, 0.43174135715073986)]
[(4, 0.24922891247184509), (6, 0.50788048069893821)]
[(6, 0.55838084973536162)]
[(0, 0.33145045969435244), (6, 0.50385755676808053)]
[(4, 0.23905576900242703), (6, 0.51034868382804588)]
[(6, 0.52032085633990399)]
[(2, 0.3207018002955771), (6, 0.279774740005866)]
[(4, 0.57383461641304845)]
[(4, 0.59218789918216064), (6, 0.22421423993905759)]
[(4, 0.47572605018169933), (6, 0.30299425816438186)]
[(4, 0.51144270019411653)]
[(4, 0.20604451665033705), (5, 0.26749894096786497), (6, 0.26140269649965386)]
[(3, 0.358599329820326), (5, 0.24044076227460573)]
[(6, 0.55134527581488191)]
[(3, 0.63061285470369477), (4, 0.35836762251883436)]
[(1, 0.21363636285660725), (6, 0.44660879224596906)]
[(6, 0.86480959629880383)]
[(2, 0.59475298901356299), (6, 0.24328320896631661)]
[(0, 0.28027430621655708), (2, 0.20365234178102681), (4, 0.21692008674605762), (6, 0.22993940044763364)]
[(0, 0.42397512258796083), (4, 0.26787621172757653), (6, 0.22660437689934762)]
[(4, 0.31716133515148526), (6, 0.43170507386233764)]
[(4, 0.24921963499853178), (6, 0.50787666131069342)]
[(6, 0.55837387039807529)]
[(0, 0.33145086575287863), (6, 0.50385860627557388)]
[(4, 0.23905691551073432), (6, 0.51034993575431131)]
[(6, 0.52032390886066315)]
[(2, 0.32070561412519016), (6, 0.27977582854766619)]
[(4, 0.57383538200255402)]
[(4, 0.59218710224767124), (6, 0.22421782311512822)]
[(4, 0.47573060136780859), (6, 0.303028058898696)]
[(4, 0.51144673143541308)]
[(4, 0.20604585931117209), (5, 0.26749888691537554), (6, 0.26142596978883192)]
[(3, 0.35859960709347499), (5, 0.24044119160911956)]
[(6, 0.5513536479294644)]
[(3, 0.63061786819998955), (4, 0.35836269434152485)]
[(1, 0.21364195631377947), (6, 0.44662190781172245)]
[(6, 0.86479997034820288)]
[(2, 0.59474854501814489), (6, 0.24327641040193254)]
[(0, 0.28028815712549315), (2, 0.20366052117511987), (4, 0.21691655504477556), (6, 0.22994832000184115)]
[(0, 0.42396656681997386), (4, 0.26784867190393125), (6, 0.22661411542644808)]
[(4, 0.3171509535116393), (6, 0.43169439880219651)]
[(4, 0.24921443014613717), (6, 0.50786988141779454)]
[(6, 0.55837437243546617)]
[(0, 0.33145078578631126), (6, 0.50385860059599608)]
[(4, 0.23905866299531037), (6, 0.51028870452011321)]
[(6, 0.52030755295713382)]
[(2, 0.32070524405297324), (6, 0.27977573258999094)]
[(4, 0.57383474449163807)]
[(4, 0.59218739048598257), (6, 0.2242167229194437)]
[(4, 0.47572823087194066), (6, 0.3030110612218524)]
[(4, 0.51145004743473155)]
[(4, 0.20604595607530207), (5, 0.26750010576453509), (6, 0.26142020009000061)]
[(3, 0.35859935155889477), (5, 0.24044078557824386)]
[(6, 0.55135594748562988)]
[(3, 0.63062034830051694), (4, 0.35836022206008228)]
[(1, 0.21360510228897264), (6, 0.44659304752141998)]
[(6, 0.8648030316395352)]
[(2, 0.59475308517966774), (6, 0.24328338103821265)]
[(0, 0.28028857508714117), (2, 0.20364911265896599), (4, 0.21691929222992787), (6, 0.22995602655583977)]
[(0, 0.42396272329436346), (4, 0.26783664462288986), (6, 0.22661831833508811)]
[(4, 0.31720641289153123), (6, 0.43173733090946714)]
[(4, 0.24923109177203639), (6, 0.50788298277399058)]
[(6, 0.55837351851445871)]
[(0, 0.33145069702513785), (6, 0.50385823832190224)]
[(4, 0.23906376773052221), (6, 0.51039861836375044)]
[(6, 0.52032495540898427)]
[(2, 0.32070243301483786), (6, 0.27977493714803398)]
[(4, 0.57384294245248446)]
[(4, 0.59218726121800691), (6, 0.22421734604119184)]
[(4, 0.47572521358767195), (6, 0.3029909896385114)]
[(4, 0.51144280295766964)]
[(4, 0.20603711647632969), (5, 0.26749955414328441), (6, 0.26127513848497985)]
[(3, 0.35859961861285672), (5, 0.24044120829445834)]
[(6, 0.55134895773570058)]
[(3, 0.63061904453699902), (4, 0.35836150234517705)]
[(1, 0.21362247075512308), (6, 0.44659432427828044)]
[(6, 0.86479542239915463)]
[(2, 0.59475396400455505), (6, 0.2432847327784034)]
[(0, 0.28028364942894135), (2, 0.20365358902493536), (4, 0.21691855011005881), (6, 0.22994832652914404)]
[(0, 0.42400220445325421), (4, 0.2679732751589271), (6, 0.22656682557412497)]
[(4, 0.31718078400725652), (6, 0.43172788136537465)]
[(4, 0.24923005745392623), (6, 0.50788105187255139)]
[(6, 0.55837648942409179)]
[(0, 0.33145097922904687), (6, 0.50385857307819581)]
[(4, 0.23905370562403727), (6, 0.51033881058749686)]
[(6, 0.52030949799368675)]
[(2, 0.32070708539138743), (6, 0.27977625614977963)]
[(4, 0.57383687249069004)]
[(4, 0.59218767669668337), (6, 0.22421518330107407)]
[(4, 0.47573113964202945), (6, 0.30303163457992277)]
[(4, 0.51144576106540529)]
[(4, 0.20604503725236284), (5, 0.2674988494434391), (6, 0.26141185514816068)]
[(3, 0.35860007715859676), (5, 0.24044165287965719)]
[(6, 0.551345180039986)]
[(3, 0.63062275963540348), (4, 0.3583578002587135)]
[(1, 0.21362967775916403), (6, 0.44661931955343609)]
[(6, 0.86479774225953665)]
[(2, 0.5947566349805733), (6, 0.24328884389243705)]
[(0, 0.28029347221559781), (2, 0.2035984113588036), (4, 0.21693480378529206), (6, 0.22999017694685617)]
[(0, 0.42398759622172361), (4, 0.2679186600952792), (6, 0.22658856069223124)]
[(4, 0.31720190761535938), (6, 0.43175279228808322)]
[(4, 0.24922768311330346), (6, 0.5078800846450322)]
[(6, 0.55837396917059812)]
[(0, 0.33145055271809692), (6, 0.50385793730921846)]
[(4, 0.23907270422014154), (6, 0.5104059192453293)]
[(6, 0.52032354666467995)]
[(2, 0.32070668371239119), (6, 0.27977614291285618)]
[(4, 0.57383697968914005)]
[(4, 0.59218779165738), (6, 0.22421417442251887)]
[(4, 0.4757264670002625), (6, 0.3029980022883253)]
[(4, 0.51144676634575414)]
[(4, 0.20604356287736172), (5, 0.26751365807850291), (6, 0.26135302322113108)]
[(3, 0.35859867072988177), (5, 0.24043978799651114)]
[(6, 0.55135975512282986)]
[(3, 0.63061372311675445), (4, 0.3583668336608079)]
[(1, 0.21365198720590475), (6, 0.44662221989267437)]
[(6, 0.86479562923608122)]
[(2, 0.59474983092898792), (6, 0.24327831719207735)]
[(0, 0.28028655404046715), (2, 0.20366047316040917), (4, 0.21691664244290063), (6, 0.22994679224985673)]
[(0, 0.42398428921386744), (4, 0.26790709729690615), (6, 0.22659292553136909)]
[(4, 0.31720433939783149), (6, 0.43175575128927957)]
[(4, 0.24920889298226215), (6, 0.50786958767114776)]
[(6, 0.55837439289103574)]
[(0, 0.33145072052017299), (6, 0.50385820341187981)]
[(4, 0.23906238261034227), (6, 0.51038278917548485)]
[(6, 0.52030713451703914)]
[(2, 0.32070552424639265), (6, 0.27977581568357796)]
[(4, 0.57383610047650824)]
[(4, 0.59218718791947), (6, 0.22421789043658852)]
[(4, 0.47572625087815779), (6, 0.30299581318126539)]
[(4, 0.51145110680208217)]
[(4, 0.20604475277510265), (5, 0.26750115225733229), (6, 0.26140169032532867)]
[(3, 0.35859951244571359), (5, 0.24044103328086042)]
[(6, 0.55135298362343488)]
[(3, 0.63061756511016809), (4, 0.35836294488572218)]
[(1, 0.21362492857758486), (6, 0.4465983911741343)]
[(6, 0.86479700052939656)]
[(2, 0.5947512106420747), (6, 0.24328041210462711)]
[(0, 0.28028473015018263), (2, 0.2036450084202929), (4, 0.21692087237239813), (6, 0.22995467096539196)]
[(0, 0.42399073411561267), (4, 0.26792987117591965), (6, 0.22658422631322006)]
[(4, 0.31715677259856367), (6, 0.43169196662922743)]
[(4, 0.24922778304430981), (6, 0.50787982204122706)]
[(6, 0.55837745750059509)]
[(0, 0.3314512191389537), (6, 0.5038592560927363)]
[(4, 0.23905705210004075), (6, 0.5103767998180353)]
[(6, 0.52032469913719637)]
[(2, 0.32070626086290988), (6, 0.27977602443734412)]
[(4, 0.5738389518252035)]
[(4, 0.59218710623895932), (6, 0.22421828865336993)]
[(4, 0.47572572197347529), (6, 0.30299237645666943)]
[(4, 0.51144261217767306)]
[(4, 0.20604507335976349), (5, 0.26749935055692214), (6, 0.26141035088705195)]
[(3, 0.35859836538550821), (5, 0.24043922959435615)]
[(6, 0.55135384217136263)]
[(3, 0.63061162084698907), (4, 0.35836892460159087)]
[(1, 0.21364580856348994), (6, 0.44662705039573874)]
[(6, 0.86479905777224031)]
[(2, 0.59474851942917084), (6, 0.2432762880781266)]
[(0, 0.28028477202352903), (2, 0.2036469413827546), (4, 0.21692050418946318), (6, 0.2299533940782521)]
[(0, 0.42399901473635132), (4, 0.26796077432048754), (6, 0.22657188252363997)]
[(4, 0.31717329801222693), (6, 0.43171576119046406)]
[(4, 0.24923025972258164), (6, 0.50788199684544999)]
[(6, 0.55838174536094021)]
[(0, 0.33145062006178105), (6, 0.50385823030252486)]
[(4, 0.23905455120216432), (6, 0.51034028320569846)]
[(6, 0.52031225468447229)]
[(2, 0.32070257799854684), (6, 0.27977496361358206)]
[(4, 0.57383888347616774)]
[(4, 0.59218698959030458), (6, 0.22421884563134531)]
[(4, 0.47572511785494637), (6, 0.30298867773435761)]
[(4, 0.51143741637218898)]
[(4, 0.20604433998990698), (5, 0.26749848718868763), (6, 0.26140033136704388)]
[(3, 0.35859976430742529), (5, 0.24044141539393712)]
[(6, 0.5513516759523569)]
[(3, 0.63061913719743012), (4, 0.3583614240696345)]
[(1, 0.21365128216584939), (6, 0.44662624524411043)]
[(6, 0.86479647818229977)]
[(2, 0.59475324641071114), (6, 0.24328363711723236)]
[(0, 0.28028006015399465), (2, 0.20361939400150186), (4, 0.21692916159997921), (6, 0.22996484769749329)]
[(0, 0.42396935476659892), (4, 0.2678575267523095), (6, 0.22661105357756309)]
[(4, 0.3172118829112735), (6, 0.43175541550890351)]
[(4, 0.24923063587274427), (6, 0.50788543802155117)]
[(6, 0.55837328636145389)]
[(0, 0.33145070902990104), (6, 0.50385818782889946)]
[(4, 0.23905653383522146), (6, 0.51028699415872258)]
[(6, 0.52031134828375114)]
[(2, 0.32070696616691624), (6, 0.27977622419803982)]
[(4, 0.57383754393870989)]
[(4, 0.59218778640401892), (6, 0.22421490116233078)]
[(4, 0.47572723419765756), (6, 0.30300073594765342)]
[(4, 0.5114417464233274)]
[(4, 0.20604443928557617), (5, 0.26751129070280216), (6, 0.26136542597853274)]
[(3, 0.35859990221177768), (5, 0.24044150186868002)]
[(6, 0.55134497130965199)]
[(3, 0.6306199274083808), (4, 0.35836060662244584)]
[(1, 0.21361165940090329), (6, 0.44659387406820533)]
[(6, 0.86480232037169158)]
[(2, 0.59474928968894347), (6, 0.24327768842363726)]
[(0, 0.28027979254808849), (2, 0.20362863048349661), (4, 0.21692656502452604), (6, 0.22995915742167736)]
[(0, 0.42400182836174932), (4, 0.26797177481839407), (6, 0.22656749991033234)]
[(4, 0.31717150271627137), (6, 0.43170547012787708)]
[(4, 0.24922575176575229), (6, 0.50787787947590612)]
[(6, 0.55837464750361132)]
[(0, 0.33145111059362337), (6, 0.50385910770607423)]
[(4, 0.23905853593531098), (6, 0.51036032854066882)]
[(6, 0.52033141809924943)]
[(2, 0.32070591709685092), (6, 0.2797759192121918)]
[(4, 0.57384144642733492)]
[(4, 0.5921878621239498), (6, 0.22421457528867686)]
[(4, 0.4757313430221391), (6, 0.30303892383250564)]
[(4, 0.51144573351690192)]
[(4, 0.20604517521919688), (5, 0.26749888809843803), (6, 0.26141414461097451)]
[(3, 0.35859888903658449), (5, 0.24044009808019023)]
[(6, 0.55134620446534433)]
[(3, 0.63060602467846261), (4, 0.35837450762454565)]
[(1, 0.21361541950411864), (6, 0.44660562506469864)]
[(6, 0.86480295484358749)]
[(2, 0.59475283168545245), (6, 0.24328296746781369)]
[(0, 0.280259442657948), (2, 0.20353474757833315), (4, 0.21695506231363279), (6, 0.22999542607773193)]
[(0, 0.42397376389122504), (4, 0.26787176074751384), (6, 0.22660592397625481)]
[(4, 0.31720592001447701), (6, 0.43175593485619873)]
[(4, 0.24923021404280071), (6, 0.50788205877016568)]
[(6, 0.55837389742426136)]
[(0, 0.33145095160909788), (6, 0.50385868036026593)]
[(4, 0.23905630273777781), (6, 0.5103585254221511)]
[(6, 0.52031312628979165)]
[(2, 0.32070223248814383), (6, 0.27977486401882345)]
[(4, 0.57384081661646436)]
[(4, 0.59218779853599424), (6, 0.22421426519521234)]
[(4, 0.4757279087906392), (6, 0.30301467062233467)]
[(4, 0.51144462428911797)]
[(4, 0.20604472054480355), (5, 0.26750047127543042), (6, 0.26140467445935112)]
[(3, 0.35859893315833347), (5, 0.24044020070714706)]
[(6, 0.551352981802394)]
[(3, 0.63061942418544181), (4, 0.35836115043413902)]
[(1, 0.21363809044492804), (6, 0.44661289925797698)]
[(6, 0.86480045457835841)]
[(2, 0.59475747588074834), (6, 0.24329013373465985)]
[(0, 0.28027540051496885), (2, 0.20362258108907641), (4, 0.21692786468923814), (6, 0.22995909115359953)]
[(0, 0.42397450293511413), (4, 0.26787417567353417), (6, 0.22660501835106106)]
[(4, 0.3171987586115132), (6, 0.43173542559740624)]
[(4, 0.24923178460004977), (6, 0.50788474735430811)]
[(6, 0.55837805074875746)]
[(0, 0.33145084934506536), (6, 0.50385864449581086)]
[(4, 0.23905918510032945), (6, 0.51030567301204066)]
[(6, 0.52032949101468884)]
[(2, 0.32070400195507598), (6, 0.27977536803604108)]
[(4, 0.57383575452380653)]
[(4, 0.59218761106175333), (6, 0.22421576057851433)]
[(4, 0.47573072126371352), (6, 0.30302882379066204)]
[(4, 0.51144879807910848)]
[(4, 0.206045094927539), (5, 0.26749986225947081), (6, 0.26141084577617724)]
[(3, 0.35860000087445526), (5, 0.24044175989590114)]
[(6, 0.55135730023751983)]
[(3, 0.63061876514384829), (4, 0.35836180002574647)]
[(1, 0.21364867949878052), (6, 0.44662836873697831)]
[(6, 0.86479917765858472)]
[(2, 0.59475316660118638), (6, 0.24328351821013069)]
[(0, 0.28026504121711637), (2, 0.20368340836811005), (4, 0.2169169638646303), (6, 0.22990708945590932)]
[(0, 0.42398527917600848), (4, 0.26791053256411185), (6, 0.22659169858997746)]
[(4, 0.31720374382674599), (6, 0.43175029555943123)]
[(4, 0.24922580760029567), (6, 0.50787840829026454)]
[(6, 0.55837574735315487)]
[(0, 0.33145036397955402), (6, 0.5038575175853206)]
[(4, 0.23904650931336202), (6, 0.5103413141295563)]
[(6, 0.52031976796502855)]
[(2, 0.32070627429142667), (6, 0.27977602741955782)]
[(4, 0.57383559933155825)]
[(4, 0.59218780102952251), (6, 0.2242143051871815)]
[(4, 0.4757283873972461), (6, 0.30300963732627101)]
[(4, 0.51144744115509644)]
[(4, 0.20604397092854698), (5, 0.26749967953851711), (6, 0.26139213111668164)]
[(3, 0.35859875707322103), (5, 0.24043982227462576)]
[(6, 0.55135476848185772)]
[(3, 0.63060855265547222), (4, 0.35837180258351092)]
[(1, 0.21360967855364629), (6, 0.44658745265162147)]
[(6, 0.86479769691573571)]
[(2, 0.5947490758511631), (6, 0.2432772122673541)]
[(0, 0.28026583923123044), (2, 0.20358201314688307), (4, 0.21693984798025817), (6, 0.22997450106544098)]
[(0, 0.42400704800945888), (4, 0.26799306150426588), (6, 0.22655856473619351)]
[(4, 0.31716437690494592), (6, 0.43170474514425305)]
[(4, 0.24923146989757214), (6, 0.50788315159887754)]
[(6, 0.55837492855812798)]
[(0, 0.33145002152532355), (6, 0.50385695792192908)]
[(4, 0.23905167641922775), (6, 0.51029315698451228)]
[(6, 0.52032988552923687)]
[(2, 0.32070261215340795), (6, 0.27977497469826784)]
[(4, 0.57383147502189547)]
[(4, 0.59218737878425698), (6, 0.22421651072679227)]
[(4, 0.47572679286396041), (6, 0.30300298125356673)]
[(4, 0.51144846075495476)]
[(4, 0.20604439773316499), (5, 0.26749971942908324), (6, 0.26139442866616386)]
[(3, 0.35859923290869927), (5, 0.240440566416319)]
[(6, 0.551349732634135)]
[(3, 0.6306039857829534), (4, 0.35837634842715155)]
[(1, 0.21364822670694089), (6, 0.4466281646689983)]
[(6, 0.86480093057912033)]
[(2, 0.59475434860473786), (6, 0.24328533931545024)]
[(0, 0.28027056760073027), (2, 0.20364189241302574), (4, 0.21692321864188749), (6, 0.22994215303859361)]
[(0, 0.42399050558844087), (4, 0.26792904555029068), (6, 0.22658456504908484)]
[(4, 0.31715750889609168), (6, 0.43167795923918967)]
[(4, 0.24922784019411084), (6, 0.50788075937825239)]
[(6, 0.55837757614885852)]
[(0, 0.33145064522907741), (6, 0.5038580902833466)]
[(4, 0.23905129109475934), (6, 0.51029402370825006)]
[(6, 0.5203236062318638)]
[(2, 0.32070161335405628), (6, 0.2797746856780311)]
[(4, 0.5738355598813254)]
[(4, 0.59218775460977924), (6, 0.22421482152337299)]
[(4, 0.47573044236483947), (6, 0.30302651496508343)]
[(4, 0.51144351882942951)]
[(4, 0.20604315583088306), (5, 0.26750891843758573), (6, 0.26134617833800966)]
[(3, 0.35859833847389183), (5, 0.24043932901341511)]
[(6, 0.5513462310918158)]
[(3, 0.63061318615705642), (4, 0.35836733308171587)]
[(1, 0.21364559323116386), (6, 0.44662693679271293)]
[(6, 0.86480158307110266)]
[(2, 0.59474855723407161), (6, 0.24327642367893715)]
[(0, 0.28027799300121981), (2, 0.20361517171655547), (4, 0.21693016546361638), (6, 0.22996582558269668)]
[(0, 0.42398490535533695), (4, 0.26790923269332367), (6, 0.22659215538205776)]
[(4, 0.31720860829816255), (6, 0.43174714834929762)]
[(4, 0.24923030976597474), (6, 0.50788250883198915)]
[(6, 0.55837459887104346)]
[(0, 0.33145079200715916), (6, 0.50385850957541722)]
[(4, 0.23905851298535197), (6, 0.51027565713520717)]
[(6, 0.52032933510881652)]
[(2, 0.3207044677313558), (6, 0.27977549955999587)]
[(4, 0.57383492442949657)]
[(4, 0.5921880646723432), (6, 0.22421322352300865)]
[(4, 0.47572851778731695), (6, 0.30301176791193229)]
[(4, 0.51144352355842204)]
[(4, 0.20603654973337032), (5, 0.26749788629877114), (6, 0.26126930088062222)]
[(3, 0.35859927744296721), (5, 0.24044066760717658)]
[(6, 0.55134626155986843)]
[(3, 0.63061418343903486), (4, 0.35836637764434154)]
[(1, 0.2136238101439378), (6, 0.44660595369937944)]
[(6, 0.86480008129736474)]
[(2, 0.5947531734398418), (6, 0.24328349249139894)]
[(0, 0.28028390830198341), (2, 0.20362926896175421), (4, 0.21692584145294233), (6, 0.22996286648914704)]
[(0, 0.42397938339968033), (4, 0.26789036957224688), (6, 0.22659915629418642)]
[(4, 0.31716497608805583), (6, 0.43170266859241918)]
[(4, 0.24922866454982762), (6, 0.50788147408507744)]
[(6, 0.55837535295134544)]
[(0, 0.33145045521959643), (6, 0.50385774551762341)]
[(4, 0.23905516201500851), (6, 0.51032311775793127)]
[(6, 0.52031003509399942)]
[(2, 0.32070635236607009), (6, 0.27977604931482714)]
[(4, 0.5738354332963892)]
[(4, 0.59218722811067137), (6, 0.22421744751687764)]
[(4, 0.47574301590869889), (6, 0.30312590430622466)]
[(4, 0.51144632417691105)]
[(4, 0.20604546562789236), (5, 0.26750116384557332), (6, 0.26141336615050481)]
[(3, 0.35859846418734487), (5, 0.24043951543276615)]
[(6, 0.55135946277551517)]
[(3, 0.63061782533706312), (4, 0.35836271619407933)]
[(1, 0.21364188251072849), (6, 0.44661565928425989)]
[(6, 0.86480488128150113)]
[(2, 0.59475049345457087), (6, 0.24327941416326263)]
[(0, 0.28028810247481956), (2, 0.20365657115715907), (4, 0.21691999565719849), (6, 0.22994881386430177)]
[(0, 0.42397778754324905), (4, 0.26788502875461512), (6, 0.22660111590727405)]
[(4, 0.31717541120708803), (6, 0.43173099897208711)]
[(4, 0.24922032584161105), (6, 0.50787311056118534)]
[(6, 0.55837493801006288)]
[(0, 0.33145103752766464), (6, 0.50385872176830249)]
[(4, 0.23904519957353815), (6, 0.51032060793714296)]
[(6, 0.52031330405387943)]
[(2, 0.32070697333522286), (6, 0.27977622694607129)]
[(4, 0.57384117977420879)]
[(4, 0.59218811525659798), (6, 0.2242136414295928)]
[(4, 0.47572672423759782), (6, 0.30299928078745331)]
[(4, 0.51144465395511673)]
[(4, 0.20604247064852976), (5, 0.26750682752645605), (6, 0.2613327559139243)]
[(3, 0.35859962312039878), (5, 0.24044120873378691)]
[(6, 0.55134702718871664)]
[(3, 0.63061172081148065), (4, 0.35836880185464792)]
[(1, 0.21361716605255557), (6, 0.4466025849486111)]
[(6, 0.86479855861179622)]
[(2, 0.59475531870516518), (6, 0.24328683973677387)]
[(0, 0.28029186448486187), (2, 0.20363252227163273), (4, 0.21692398792919884), (6, 0.22996908246523534)]
[(0, 0.42399810065832289), (4, 0.26795724866284043), (6, 0.22657342410325018)]
[(4, 0.31720778209861517), (6, 0.43173955672629927)]
[(4, 0.24920904692172471), (6, 0.5078686773644121)]
[(6, 0.55837977850282638)]
[(0, 0.33145058499836544), (6, 0.50385788755155259)]
[(4, 0.23905729108931734), (6, 0.5103565142570422)]
[(6, 0.52032624009343487)]
[(2, 0.32070585946222635), (6, 0.27977590851091866)]
[(4, 0.57384164282660932)]
[(4, 0.59218777841607828), (6, 0.22421500970346919)]
[(4, 0.47572998756464391), (6, 0.3030231529206599)]
[(4, 0.51144354139230297)]
[(4, 0.20604394577765828), (5, 0.26749903491909038), (6, 0.26139142079885225)]
[(3, 0.35859852014891946), (5, 0.2404395394140923)]
[(6, 0.55134866366069968)]
[(3, 0.63061804573615798), (4, 0.35836249311082224)]
[(1, 0.21362384179097513), (6, 0.4465989771720848)]
[(6, 0.86480890483173023)]
[(2, 0.59475355349234327), (6, 0.2432840706118376)]
[(0, 0.28026661757595639), (2, 0.20356341226920813), (4, 0.2169448253145547), (6, 0.22998692387691158)]
[(0, 0.42398974141019641), (4, 0.26792629597210094), (6, 0.22658566572824268)]
[(4, 0.31717230086021919), (6, 0.431718912875659)]
[(4, 0.24922402986751391), (6, 0.50787726888660722)]
[(6, 0.55837382657669843)]
[(0, 0.33145092369372353), (6, 0.50385879888266616)]
[(4, 0.23907262458011674), (6, 0.51041636556818581)]
[(6, 0.52031072372715159)]
[(2, 0.32070210196663146), (6, 0.2797748253118959)]
[(4, 0.57384138290274456)]
[(4, 0.59218799449334547), (6, 0.22421384186598786)]
[(4, 0.47572667448492523), (6, 0.30300588216110613)]
[(4, 0.51144117143339962)]
[(4, 0.2060439423473403), (5, 0.26749939938228184), (6, 0.26139165731143987)]
[(3, 0.35859863045654389), (5, 0.24043971587817864)]
[(6, 0.55134663203656753)]
[(3, 0.63061777170457667), (4, 0.35836278257426646)]
[(1, 0.21365399439784552), (6, 0.44663132435340419)]
[(6, 0.8648040691099621)]
[(2, 0.59475480849391094), (6, 0.24328601178265605)]
[(0, 0.28027555204865795), (2, 0.20362651971373258), (4, 0.216927762589922), (6, 0.22995599514831341)]
[(0, 0.42403390171592659), (4, 0.26814643256692683), (6, 0.22648364042959709)]
[(4, 0.31717858330820203), (6, 0.43171202095202155)]
[(4, 0.24922321389091787), (6, 0.50787514070397932)]
[(6, 0.5583746028586728)]
[(0, 0.33145038380886882), (6, 0.50385758025861505)]
[(4, 0.23905739210041679), (6, 0.51036321287080744)]
[(6, 0.52032561300655922)]
[(2, 0.32070664468664867), (6, 0.27977613265953183)]
[(4, 0.57384321135968863)]
[(4, 0.59218735123083499), (6, 0.22421691488416465)]
[(4, 0.47572902747787593), (6, 0.30302041954131326)]
[(4, 0.51144375009903753)]
[(4, 0.2060437670852644), (5, 0.26750954666030491), (6, 0.26134979366855571)]
[(3, 0.35859900465227645), (5, 0.24044027370945634)]
[(6, 0.55135322650892382)]
[(3, 0.63060813421993189), (4, 0.35837235076442997)]
[(1, 0.21360303456682556), (6, 0.44659198917783488)]
[(6, 0.86480508244849197)]
[(2, 0.59475665028936697), (6, 0.24328884709075368)]
[(0, 0.28028656760640319), (2, 0.20364744928769893), (4, 0.21692879225687031), (6, 0.22994660825675889)]
[(0, 0.4240160543032509), (4, 0.26803329532175413), (6, 0.22654079074928879)]
[(4, 0.31715203214260246), (6, 0.43166105578949338)]
[(4, 0.24923196491284022), (6, 0.50788464945534406)]
[(6, 0.55837922871916279)]
[(0, 0.33145087924390987), (6, 0.50385872106028173)]
[(4, 0.23906736226543279), (6, 0.51040624655660194)]
[(6, 0.52032228575965311)]
[(2, 0.32070705058732091), (6, 0.27977624546649765)]
[(4, 0.57383406471315856)]
[(4, 0.59218802665970505), (6, 0.224214153339826)]
[(4, 0.47572867004185077), (6, 0.30301256165562029)]
[(4, 0.51144706007991003)]
[(4, 0.20604557895408851), (5, 0.26750273235086536), (6, 0.26141494428800727)]
[(3, 0.35859943183772092), (5, 0.24044095860566808)]
[(6, 0.55134113313544397)]
[(3, 0.63061431118230382), (4, 0.35836625134060873)]
[(1, 0.2136264220793776), (6, 0.44660847106052382)]
[(6, 0.86479813538067063)]
[(2, 0.59475006246412554), (6, 0.24327887753438726)]
[(0, 0.28028610338547216), (2, 0.20365949573202841), (4, 0.21691706431510002), (6, 0.22994677001495048)]
[(0, 0.42399405586397115), (4, 0.26794201850003152), (6, 0.2265794859325434)]
[(4, 0.31719292174390673), (6, 0.43172508613275845)]
[(4, 0.24922614813293673), (6, 0.50787994712086026)]
[(6, 0.55837608909745562)]
[(0, 0.33145048408855521), (6, 0.50385782913756794)]
[(4, 0.23905288743475511), (6, 0.51038141913238777)]
[(6, 0.52033222410435542)]
[(2, 0.32070473052922949), (6, 0.27977559129117607)]
[(4, 0.57383730189108617)]
[(4, 0.59218787184020738), (6, 0.22421403939211995)]
[(4, 0.47572882410200462), (6, 0.30301461609981495)]
[(4, 0.5114403696526898)]
[(4, 0.20604526128861386), (5, 0.26749867345772488), (6, 0.26141626380798189)]
[(3, 0.35859878568699211), (5, 0.2404399174328839)]
[(6, 0.55134798091339365)]
[(3, 0.63061884523764566), (4, 0.35836170479662544)]
[(1, 0.21364592850713951), (6, 0.44659980440360464)]
[(6, 0.86479693611694597)]
[(2, 0.59475446838134371), (6, 0.2432854972757125)]
[(0, 0.28027465781458094), (2, 0.20361466574991097), (4, 0.21693009000787669), (6, 0.22996333159599311)]
[(0, 0.42398762706840071), (4, 0.2679187695423606), (6, 0.22658851841456393)]
[(4, 0.31720938488351746), (6, 0.4317436118926064)]
[(4, 0.24922570505633523), (6, 0.5078778851721214)]
[(6, 0.55837710103053839)]
[(0, 0.33145073023654487), (6, 0.50385839921158126)]
[(4, 0.23905355704887096), (6, 0.51033916347241615)]
[(6, 0.52033054302917148)]
[(2, 0.32070530277246267), (6, 0.27977574819744672)]
[(4, 0.57383393735564103)]
[(4, 0.59218705141031536), (6, 0.22421782045827718)]
[(4, 0.47573022990879466), (6, 0.30302494067440988)]
[(4, 0.51144663537299206)]
[(4, 0.20604488843171137), (5, 0.26749961050366261), (6, 0.26140681826859058)]
[(3, 0.35859946680675769), (5, 0.24044090977465227)]
[(6, 0.55135415395253107)]
[(3, 0.63061633502476644), (4, 0.35836423272364798)]
[(1, 0.21361305086061436), (6, 0.44660022121530235)]
[(6, 0.86479690105334772)]
[(2, 0.59475457950432664), (6, 0.24328565482980571)]
[(0, 0.28025827820655624), (2, 0.20364092526736907), (4, 0.21693167711812111), (6, 0.22992266335151856)]
[(0, 0.42399166632355839), (4, 0.26793324958631987), (6, 0.22658291642842984)]
[(4, 0.31715825473872672), (6, 0.4316873798101577)]
[(4, 0.2492238193081884), (6, 0.5078775223271963)]
[(6, 0.55837511478086665)]
[(0, 0.33145032452073858), (6, 0.50385741666479733)]
[(4, 0.23905961070729503), (6, 0.51030682800312277)]
[(6, 0.5203076740961764)]
[(2, 0.32070715790440435), (6, 0.27977628091100365)]
[(4, 0.57383569293601522)]
[(4, 0.59218793200978315), (6, 0.2242140559955276)]
[(4, 0.47573122283876385), (6, 0.3030325816530301)]
[(4, 0.51144553743945498)]
[(4, 0.20604576402652852), (5, 0.26749939903194331), (6, 0.2614210595204603)]
[(3, 0.35859856752187663), (5, 0.24043872456083021)]
[(6, 0.55135470400248321)]
[(3, 0.630616130418022), (4, 0.35836442583130629)]
[(1, 0.21361828426551849), (6, 0.44659987468510415)]
[(6, 0.86480270311076934)]
[(2, 0.59475575554922944), (6, 0.2432874944732567)]
[(0, 0.28027146999191765), (2, 0.20359588556178151), (4, 0.21693513030078021), (6, 0.22997203877498965)]
[(0, 0.42396805159030787), (4, 0.2678533691346543), (6, 0.22661239443551157)]
[(4, 0.31720356520683568), (6, 0.43173803104073544)]
[(4, 0.24921791984781688), (6, 0.50787338990210218)]
[(6, 0.55837522565721787)]
[(0, 0.33145051472999759), (6, 0.50385784070400652)]
[(4, 0.23906524280011157), (6, 0.51029416429331464)]
[(6, 0.52031908950208794)]
[(2, 0.32070701087556636), (6, 0.27977623929704093)]
[(4, 0.57384315970557842)]
[(4, 0.59218772190185354), (6, 0.22421526358176058)]
[(4, 0.47572808431198732), (6, 0.30300798131117668)]
[(4, 0.51144759349568192)]
[(4, 0.20604467462088213), (5, 0.26750190530863072), (6, 0.26139919601665162)]
[(3, 0.35859964612836909), (5, 0.24044122316032177)]
[(6, 0.55133923028440879)]
[(3, 0.63061443370239956), (4, 0.3583660878964679)]
[(1, 0.21361992853080361), (6, 0.44660337833531921)]
[(6, 0.86480651989990842)]
[(2, 0.59475383943753857), (6, 0.2432845300206572)]
[(0, 0.28029268461543461), (2, 0.20364159006760721), (4, 0.21692147598200306), (6, 0.2299642469648355)]
[(0, 0.42402578403532787), (4, 0.26808523381959853), (6, 0.22651604031187048)]
[(4, 0.31718197002613086), (6, 0.43173942336496279)]
[(4, 0.24922572739119622), (6, 0.50787787284707764)]
[(6, 0.55837417489848962)]
[(0, 0.33145089906762509), (6, 0.5038585121704644)]
[(4, 0.23905742834046859), (6, 0.51032512133929187)]
[(6, 0.5203255014042929)]
[(2, 0.32070559858874487), (6, 0.27977583498007225)]
[(4, 0.57383551675888944)]
[(4, 0.59218781855123481), (6, 0.22421444209001129)]
[(4, 0.47572704365168283), (6, 0.30300319085766353)]
[(4, 0.51144293401321106)]
[(4, 0.20604476556762996), (5, 0.2674988724179887), (6, 0.26140769312192885)]
[(3, 0.3585986868126983), (5, 0.24043983796275564)]
[(6, 0.55134359190423876)]
[(3, 0.63061148322495753), (4, 0.35836897406196583)]
[(1, 0.21362609269704955), (6, 0.44660823799323007)]
[(6, 0.86479896569422432)]
[(2, 0.59475717616207724), (6, 0.24328969559129013)]
[(0, 0.28028298585840328), (2, 0.20363663245249899), (4, 0.2169238744722583), (6, 0.2299576275381226)]
[(0, 0.42400671659505579), (4, 0.26799167862600698), (6, 0.22655911268053974)]
[(4, 0.31715575630234027), (6, 0.43166934363719967)]
[(4, 0.24923243392424088), (6, 0.50788314731766659)]
[(6, 0.55837662667784937)]
[(0, 0.33145074072121522), (6, 0.5038582215914843)]
[(4, 0.23905142833914741), (6, 0.51032924667776947)]
[(6, 0.52032119846472635)]
[(2, 0.32070538765761997), (6, 0.27977577884596716)]
[(4, 0.57384103586149515)]
[(4, 0.59218791024765105), (6, 0.22421432765702157)]
[(4, 0.47572988796964133), (6, 0.30302574384390057)]
[(4, 0.51144837847108504)]
[(4, 0.2060440768492646), (5, 0.26749853898059039), (6, 0.26139671836620981)]
[(3, 0.35860006011738443), (5, 0.24044186702260636)]
[(6, 0.5513479141103278)]
[(2, 0.57142856445788581)]
