[(2, 0.57142854912866392)]
[(3, 0.5164727713688102), (4, 0.25079852756340532)]
[(6, 0.86368379242715765)]
[(0, 0.39924652168654245), (2, 0.24503308238600582)]
[(4, 0.55902285216863468), (6, 0.32756937553838783)]
[(1, 0.25138081688795555), (6, 0.42436567312547929)]
[(0, 0.34604508816343788), (6, 0.47469499244672431)]
[(0, 0.35610516000417058), (6, 0.55266739988162439)]
[(6, 0.76522539677336276)]
[(6, 0.60932968118044906)]
[(4, 0.35799437806134954), (6, 0.31008515023425215)]
[(4, 0.82168349464647816)]
[(4, 0.63606207765163181)]
[(4, 0.44594067190504555)]
[(4, 0.59575723045956996), (6, 0.29088578669039805)]
[(4, 0.30535655037174592), (6, 0.43802016496383228)]
[(4, 0.42741615032640862), (6, 0.32759439591596062)]
[(4, 0.44528346473111868), (5, 0.44612137628513271)]
[(5, 0.55274747539251745), (6, 0.21009828013053894)]
[(3, 0.36493177540237159), (6, 0.42091993458568677)]
[(6, 0.79393517385514767)]
[(3, 0.51648321760734917), (4, 0.25080507936899443)]
[(6, 0.86368600108195492)]
[(0, 0.39924602409441839), (2, 0.24503281803561783)]
[(4, 0.5590230519836763), (6, 0.32756750869159651)]
[(1, 0.25138079382053452), (6, 0.42436714736831754)]
[(0, 0.34604468720209042), (6, 0.47469258835320949)]
[(0, 0.35609851462677389), (6, 0.55264194079438389)]
[(6, 0.76559827018989224)]
[(6, 0.6093300445182146)]
[(4, 0.35799417166806358), (6, 0.31008516757892385)]
[(4, 0.82166816262123266)]
[(4, 0.63607686347100567)]
[(4, 0.44594030208643648)]
[(4, 0.5957578009857023), (6, 0.29088650334211424)]
[(4, 0.30532012218093169), (6, 0.4380139134045582)]
[(4, 0.42741807717012043), (6, 0.32759506490710594)]
[(4, 0.44528726424705506), (5, 0.44613841510084168)]
[(5, 0.55274563328928528), (6, 0.21009788039709626)]
[(3, 0.36493158728064701), (6, 0.42091959098331283)]
[(6, 0.79393528163863847)]
[(3, 0.51648080931151852), (4, 0.25080356801782061)]
[(6, 0.8636802240129996)]
[(0, 0.39924435809031011), (2, 0.24503171578948471)]
[(4, 0.55902285406674612), (6, 0.32756923210146854)]
[(1, 0.25138082870525269), (6, 0.42436492468562942)]
[(0, 0.34604583671000477), (6, 0.47469889764923173)]
[(0, 0.35610431567939071), (6, 0.55266499184621398)]
[(6, 0.76560065814229128)]
[(6, 0.60930506411803509)]
[(4, 0.35799637788599409), (6, 0.31008513303002422)]
[(4, 0.82167607314780677)]
[(4, 0.63604981981522635)]
[(4, 0.4459469544932978)]
[(4, 0.59575782858187554), (6, 0.29088674385736107)]
[(4, 0.30535272124934587), (6, 0.43801972593216892)]
[(4, 0.42741597627109018), (6, 0.32759388912374826)]
[(4, 0.44528761020276564), (5, 0.44614013192351526)]
[(5, 0.55274662634656957), (6, 0.21009807559759849)]
[(3, 0.36493192693849985), (6, 0.42092020959390058)]
[(6, 0.79393552090541186)]
[(3, 0.51647248572719673), (4, 0.25079834692161357)]
[(6, 0.86368565051817969)]
[(0, 0.3992457507980906), (2, 0.24503265106362995)]
[(4, 0.55902279203963756), (6, 0.32756958849421736)]
[(1, 0.25138079790229712), (6, 0.42436596394410697)]
[(0, 0.34604456205836798), (6, 0.47469174972665901)]
[(0, 0.35609841071298493), (6, 0.55264497572267546)]
[(6, 0.76521218108251943)]
[(6, 0.60932609766882406)]
[(4, 0.35799563277018009), (6, 0.31008513676219079)]
[(4, 0.82168139932269357)]
[(4, 0.63605494556362707)]
[(4, 0.44594613506813652)]
[(4, 0.59575577725938789), (6, 0.2908833948417987)]
[(4, 0.30532325623875406), (6, 0.43801610534264013)]
[(4, 0.42743316097799777), (6, 0.32760015143839305)]
[(4, 0.44528735724321622), (5, 0.44613899361003645)]
[(5, 0.55274584117811554), (6, 0.21009791828221766)]
[(3, 0.36493399848077412), (6, 0.42092400905702343)]
[(6, 0.7939354210506836)]
[(3, 0.51647052911099467), (4, 0.25079712322734071)]
[(6, 0.86368541556882361)]
[(0, 0.39924460505195847), (2, 0.24503196241036429)]
[(4, 0.55902232066963842), (6, 0.32757365416098388)]
[(1, 0.25138080972626481), (6, 0.42436599216585141)]
[(0, 0.34604587134158099), (6, 0.47469906686813057)]
[(0, 0.35610041640991336), (6, 0.55264913656845227)]
[(6, 0.76497230518522341)]
[(6, 0.6093324074205223)]
[(4, 0.35799841748835548), (6, 0.31008514914888879)]
[(4, 0.82168248666776067)]
[(4, 0.63606099654472403)]
[(4, 0.4459441936033825)]
[(4, 0.5957578601868655), (6, 0.29088668695412634)]
[(4, 0.305357506701461), (6, 0.43801951216884494)]
[(4, 0.42743153278508506), (6, 0.32759980277822576)]
[(4, 0.4452846784587432), (5, 0.44612716443369133)]
[(5, 0.55274477093267149), (6, 0.21009768731296591)]
[(3, 0.3649321825192155), (6, 0.42092068069041877)]
[(6, 0.79393514043967361)]
[(3, 0.51647077697599142), (4, 0.25079727545452463)]
[(6, 0.86368529247881498)]
[(0, 0.39924822307948554), (2, 0.24503412988332449)]
[(4, 0.55902143053754905), (6, 0.32758096443289125)]
[(1, 0.25138077697370986), (6, 0.42436796203589111)]
[(0, 0.34604578289932519), (6, 0.47469863290722569)]
[(0, 0.35609912498407076), (6, 0.55264540376192761)]
[(6, 0.76559410035957443)]
[(6, 0.60933226738221025)]
[(4, 0.35799919292728338), (6, 0.31008513467277932)]
[(4, 0.82167599455489237)]
[(4, 0.63605814819045647)]
[(4, 0.44594673616663932)]
[(4, 0.59575708921838355), (6, 0.29088562878214008)]
[(4, 0.30533994735126974), (6, 0.43801753025797285)]
[(4, 0.42742976103071134), (6, 0.32759909560334538)]
[(4, 0.44528854145351793), (5, 0.44614445080818244)]
[(5, 0.55274086108760689), (6, 0.21009682169691193)]
[(3, 0.3649300975747079), (6, 0.420916855915972)]
[(6, 0.79393531043937693)]
[(3, 0.51647510933518026), (4, 0.25079999317556378)]
[(6, 0.86367842686775442)]
[(0, 0.39924159329868231), (2, 0.24503005179325052)]
[(4, 0.55902167213899345), (6, 0.32757883478107069)]
[(1, 0.25138079174218075), (6, 0.42436708449649801)]
[(0, 0.34604470682816285), (6, 0.47469271501704069)]
[(0, 0.3560972367167099), (6, 0.55264317675602181)]
[(6, 0.76560389966039133)]
[(6, 0.60932184899995889)]
[(4, 0.358000916935313), (6, 0.31008515730816749)]
[(4, 0.82168365045034431)]
[(4, 0.63604712864625312)]
[(4, 0.44593693389749905)]
[(4, 0.59575459461707647), (6, 0.29088191792147278)]
[(4, 0.30534507955682788), (6, 0.43801863319040346)]
[(4, 0.42743376469438338), (6, 0.32760044995761894)]
[(4, 0.44528560705347731), (5, 0.44613113318842035)]
[(5, 0.55274552193263948), (6, 0.21009785616144475)]
[(3, 0.36493006598441369), (6, 0.42091679952432637)]
[(6, 0.79393520720262378)]
[(3, 0.51647448506147986), (4, 0.25079960214451047)]
[(6, 0.86367954606202446)]
[(0, 0.39924817756835534), (2, 0.2450340833807586)]
[(4, 0.55901985761397377), (6, 0.32759490961128246)]
[(1, 0.25138082167582804), (6, 0.42436502399547871)]
[(0, 0.34604559594999623), (6, 0.47469769714956339)]
[(0, 0.35610421715733098), (6, 0.55266425991909618)]
[(6, 0.76559599106103393)]
[(6, 0.60932827000284351)]
[(4, 0.35800086939107073), (6, 0.3100851639875094)]
[(4, 0.8216828209538225)]
[(4, 0.63606929571997817)]
[(4, 0.44594373960624756)]
[(4, 0.59575709686328104), (6, 0.2908854060615621)]
[(4, 0.30534370358211926), (6, 0.43801833802399892)]
[(4, 0.42743908977450329), (6, 0.32760261971830229)]
[(4, 0.44528648639127721), (5, 0.4461349565558872)]
[(5, 0.55274369524879108), (6, 0.21009741318489236)]
[(3, 0.36493186821464652), (6, 0.42092010819207387)]
[(6, 0.79393599797623404)]
[(3, 0.51647263614350669), (4, 0.25079844166363169)]
[(6, 0.86367920760239292)]
[(0, 0.3992452039438158), (2, 0.24503231807992978)]
[(4, 0.55902151161659974), (6, 0.32758029895384233)]
[(1, 0.25138084193399085), (6, 0.42436409255650143)]
[(0, 0.34604535122093161), (6, 0.47469642779547477)]
[(0, 0.35610477290659565), (6, 0.55266597027259989)]
[(6, 0.76561341723337883)]
[(6, 0.6093100438165131)]
[(4, 0.35799948322451242), (6, 0.31008515578200702)]
[(4, 0.82168422095325588)]
[(4, 0.63606361200100991)]
[(4, 0.44594630764339388)]
[(4, 0.59575643865197958), (6, 0.29088444435494348)]
[(4, 0.30457390259988532), (6, 0.4120326550177581)]
[(4, 0.42743396649201382), (6, 0.32760054060883226)]
[(4, 0.44528817505802321), (5, 0.44614254983050561)]
[(5, 0.55274118479714784), (6, 0.21009687382221578)]
[(3, 0.36493001839527006), (6, 0.42091671124053992)]
[(6, 0.79393553266832739)]
[(3, 0.51648177258112538), (4, 0.25080417401257582)]
[(6, 0.86368100863825936)]
[(0, 0.39924457085249282), (2, 0.24503187652803579)]
[(4, 0.55902197775886386), (6, 0.32757650440961661)]
[(1, 0.25138081299283294), (6, 0.42436588533782277)]
[(0, 0.34604489317414272), (6, 0.47469386461272522)]
[(0, 0.35610509290061659), (6, 0.5526676520557815)]
[(6, 0.77698955091908317)]
[(6, 0.6093088879959212)]
[(4, 0.35799927417160687), (6, 0.31008517021427634)]
[(4, 0.82168459880790001)]
[(4, 0.63606347633581206)]
[(4, 0.44594737701666465)]
[(4, 0.59575692767667099), (6, 0.29088521683083807)]
[(4, 0.30533475344096866), (6, 0.4380175835811817)]
[(4, 0.42742576174929864), (6, 0.32759782532759602)]
[(4, 0.44528850988516144), (5, 0.44614372613709319)]
[(5, 0.55273984802664555), (6, 0.21009657315336216)]
[(3, 0.36493120215710201), (6, 0.42091888330070548)]
[(6, 0.79393529406586105)]
[(3, 0.51648337134091704), (4, 0.25080517579447154)]
[(6, 0.86368155166460714)]
[(0, 0.39924536279532508), (2, 0.2450324513805662)]
[(4, 0.5590216215064584), (6, 0.32757962928068968)]
[(1, 0.25138084702131336), (6, 0.42436403879220586)]
[(0, 0.3460450032063988), (6, 0.47469450891714138)]
[(0, 0.35610510150961538), (6, 0.55266747260979077)]
[(6, 0.76577456044744918)]
[(6, 0.60932488094900084)]
[(4, 0.35799946743002298), (6, 0.3100851646565792)]
[(4, 0.8216849656056826)]
[(4, 0.63605644690183771)]
[(4, 0.44594230795774903)]
[(4, 0.59575498333463228), (6, 0.29088121347007811)]
[(4, 0.3053397494949176), (6, 0.43801802406433127)]
[(4, 0.42742803186133183), (6, 0.32759843087093499)]
[(4, 0.44528080977358514), (5, 0.44610944079591158)]
[(5, 0.55274483378345818), (6, 0.21009764462334687)]
[(3, 0.36493166337892835), (6, 0.42091972898882968)]
[(6, 0.79393523361279961)]
[(3, 0.5164803766539301), (4, 0.25080329692280545)]
[(6, 0.86367857522003688)]
[(0, 0.39924647655863882), (2, 0.2450329500331834)]
[(4, 0.55902242734571894), (6, 0.32757269524968202)]
[(1, 0.25138082171623582), (6, 0.42436533953745936)]
[(0, 0.34604651360703959), (6, 0.47470208481412768)]
[(0, 0.35609908956346248), (6, 0.55264510672877198)]
[(6, 0.76561249479486715)]
[(6, 0.60931071191697261)]
[(4, 0.35799701807083428), (6, 0.31008514833266027)]
[(4, 0.82168539109747096)]
[(4, 0.63605655510822423)]
[(4, 0.44594343739828746)]
[(4, 0.59575766603671354), (6, 0.29088682286403694)]
[(4, 0.3053058033989432), (6, 0.43801335234043365)]
[(4, 0.42742308899727782), (6, 0.32759602228224016)]
[(4, 0.44528793048317056), (5, 0.44614163112781025)]
[(5, 0.55274627761206241), (6, 0.21009802045649206)]
[(3, 0.3649274612137634), (6, 0.42091202690670426)]
[(6, 0.79393588464802389)]
[(3, 0.51648037909318112), (4, 0.25080329654895256)]
[(6, 0.86367919418919314)]
[(0, 0.39924732033489302), (2, 0.24503359439638028)]
[(4, 0.55902293563856853), (6, 0.32756849013120659)]
[(1, 0.2513808063841968), (6, 0.42436620169108191)]
[(0, 0.34604454814347502), (6, 0.47469165325864232)]
[(0, 0.35610496481803461), (6, 0.55266746558890967)]
[(6, 0.76559896689749107)]
[(6, 0.60933342794987255)]
[(4, 0.3579957264070317), (6, 0.31008513833115292)]
[(4, 0.821685690757751)]
[(4, 0.63605842793943101)]
[(4, 0.44594294425942155)]
[(4, 0.59575575654726953), (6, 0.29088260885690836)]
[(4, 0.30531108982349209), (6, 0.43801377864880076)]
[(4, 0.42743830186113052), (6, 0.32760242826914826)]
[(4, 0.44528018781203133), (5, 0.44610657438590817)]
[(5, 0.55274360197549932), (6, 0.21009739720832477)]
[(3, 0.36493143131580763), (6, 0.4209193065616082)]
[(6, 0.79393505095866057)]
[(3, 0.5164820653676645), (4, 0.25080435567878229)]
[(6, 0.8636814702196528)]
[(0, 0.39924095180472075), (2, 0.24502971950285626)]
[(4, 0.55902229207543064), (6, 0.32757377114234826)]
[(1, 0.25138079291029136), (6, 0.42436709565818692)]
[(0, 0.34604633057373874), (6, 0.47470124600127828)]
[(0, 0.35610509922565514), (6, 0.55266753821572367)]
[(6, 0.76601105816626025)]
[(6, 0.60933319235529992)]
[(4, 0.35799539125154989), (6, 0.31008515300395939)]
[(4, 0.82167869313052155)]
[(4, 0.63606166225279703)]
[(4, 0.44594225012418442)]
[(4, 0.59575670258997737), (6, 0.2908849932133844)]
[(4, 0.30532570466415382), (6, 0.43801669788699488)]
[(4, 0.42744225254470741), (6, 0.32760371052841247)]
[(4, 0.44528728813625135), (5, 0.44613871074140221)]
[(5, 0.55273989527389777), (6, 0.21009659823047411)]
[(3, 0.36493243658283953), (6, 0.42092114727641838)]
[(6, 0.79393513880963229)]
[(3, 0.51647413295816247), (4, 0.25079937999628638)]
[(6, 0.86368527598311018)]
[(0, 0.39924357695003471), (2, 0.24503136511395088)]
[(4, 0.55901983962276591), (6, 0.32759506465831817)]
[(1, 0.25138082010049118), (6, 0.42436490488372597)]
[(0, 0.34604534951329846), (6, 0.47469641902572618)]
[(0, 0.35610436800543915), (6, 0.55266546206084255)]
[(6, 0.76545361776024323)]
[(6, 0.6093299636665902)]
[(4, 0.3579928445715666), (6, 0.31008515091387107)]
[(4, 0.82167383530749538)]
[(4, 0.63607342366712027)]
[(4, 0.44594675290576857)]
[(4, 0.59575548638358), (6, 0.29088261609881533)]
[(4, 0.30457691853712399), (6, 0.41203419114772588)]
[(4, 0.42741191578952115), (6, 0.3275930507664685)]
[(4, 0.44528971646082882), (5, 0.44614975593084549)]
[(5, 0.55274046727266901), (6, 0.21009670144669948)]
[(3, 0.36493275588838092), (6, 0.42092173105392189)]
[(6, 0.79393554578297221)]
[(3, 0.51648005070212888), (4, 0.2508030912704966)]
[(6, 0.86368347077635488)]
[(0, 0.39924449691799041), (2, 0.24503190428545718)]
[(4, 0.55902250003696774), (6, 0.32757229333930915)]
[(1, 0.25138079040215194), (6, 0.42436726939050712)]
[(0, 0.34604570290361675), (6, 0.47469823560423224)]
[(0, 0.35610455671169583), (6, 0.55266611974375379)]
[(6, 0.76561219600545194)]
[(6, 0.60933211815679844)]
[(4, 0.35800222432527878), (6, 0.31008516778672046)]
[(4, 0.82168169638520261)]
[(4, 0.63605349785479137)]
[(4, 0.44594652676178298)]
[(4, 0.59575451802585988), (6, 0.29088117337317454)]
[(4, 0.30531777764635915), (6, 0.43801251169058136)]
[(4, 0.4274230274585063), (6, 0.32759680152436388)]
[(4, 0.44528655521073213), (5, 0.44613579087299132)]
[(5, 0.55272401340890664), (6, 0.21009302571228378)]
[(3, 0.36493187313794068), (6, 0.42092011289256914)]
[(6, 0.79393506721413953)]
[(3, 0.51647435523783025), (4, 0.25079951948011281)]
[(6, 0.8636828003546968)]
[(0, 0.39924695609009203), (2, 0.24503326900347114)]
[(4, 0.55902264919988021), (6, 0.32757087367935478)]
[(1, 0.25138077469605341), (6, 0.42436817653096015)]
[(0, 0.34604549263522172), (6, 0.47469716794832539)]
[(0, 0.3560980001335084), (6, 0.55264372840379095)]
[(6, 0.76583170177995896)]
[(6, 0.60930709967300001)]
[(4, 0.35799822515123042), (6, 0.3100851428554956)]
[(4, 0.82168467077737384)]
[(4, 0.63605440275675462)]
[(4, 0.4459491813124058)]
[(4, 0.59575733349027271), (6, 0.29088585147801727)]
[(4, 0.30534622404815315), (6, 0.43801884225723636)]
[(4, 0.4274246498924168), (6, 0.32759757840647913)]
[(4, 0.44528632861138417), (5, 0.4461344944131565)]
[(5, 0.55273927805235479), (6, 0.2100964362557953)]
[(3, 0.36492955927201759), (6, 0.42091587432629968)]
[(6, 0.79393518268851226)]
[(3, 0.51647705706183566), (4, 0.25080121423718105)]
[(6, 0.86368589757025649)]
[(0, 0.39924509937999825), (2, 0.24503229145292291)]
[(4, 0.55902125629786814), (6, 0.3275824196859568)]
[(1, 0.25138083483652435), (6, 0.42436466415697172)]
[(0, 0.34604476580813565), (6, 0.47469308755354056)]
[(0, 0.35609882883265265), (6, 0.552645204965867)]
[(6, 0.76559929283394934)]
[(6, 0.609316866707595)]
[(4, 0.35799714147377498), (6, 0.31008514491201028)]
[(4, 0.82168477988376998)]
[(4, 0.6360800902037913)]
[(4, 0.44594930855869991)]
[(4, 0.59575660626831795), (6, 0.2908842117441075)]
[(4, 0.30459830061547843), (6, 0.41204075681709557)]
[(4, 0.42744073748447259), (6, 0.32760272909196891)]
[(4, 0.44528716841771665), (5, 0.44613845330890162)]
[(5, 0.55274438210772181), (6, 0.21009756367308868)]
[(3, 0.36492791832462901), (6, 0.42091286328690897)]
[(6, 0.79393520510182969)]
[(3, 0.51648218799458623), (4, 0.25080443288644177)]
[(6, 0.86368470639660599)]
[(0, 0.39924585125524531), (2, 0.24503269443702011)]
[(4, 0.55902278534264438), (6, 0.32756975545540107)]
[(1, 0.25138082105722276), (6, 0.42436527089916692)]
[(0, 0.34604516994575757), (6, 0.47469544816217424)]
[(0, 0.35610420301787515), (6, 0.55266444165841289)]
[(6, 0.76572907677894608)]
[(6, 0.60930823527620792)]
[(4, 0.35800014139467068), (6, 0.31008516689798121)]
[(4, 0.82168294406884668)]
[(4, 0.63605630884423325)]
[(4, 0.44593962623959088)]
[(4, 0.59575803151443429), (6, 0.29088683504765001)]
[(4, 0.30534730450826808), (6, 0.43801887239403808)]
[(4, 0.42741496834765097), (6, 0.32759391286133654)]
[(4, 0.44528418698477118), (5, 0.44612455649301186)]
[(5, 0.55274447582589936), (6, 0.21009760631246088)]
[(3, 0.36493188155106876), (6, 0.42092012824598518)]
[(6, 0.79393530654510935)]
[(3, 0.5164829397293027), (4, 0.25080490516666909)]
[(6, 0.86368505204945689)]
[(0, 0.39924724843026849), (2, 0.24503351517797156)]
[(4, 0.55902295656795498), (6, 0.32756825683736646)]
[(1, 0.25138083304728176), (6, 0.42436461622083194)]
[(0, 0.34604543634975737), (6, 0.47469687579210373)]
[(0, 0.35610069610284251), (6, 0.5526512925118221)]
[(6, 0.76525365792502531)]
[(6, 0.60932771411543662)]
[(4, 0.35799493365794272), (6, 0.31008513208632543)]
[(4, 0.82168251786474034)]
[(4, 0.63607382851411021)]
[(4, 0.44594582700639823)]
[(4, 0.59575459007664366), (6, 0.29088103815749877)]
[(4, 0.30531677408292646), (6, 0.43801440542110331)]
[(4, 0.42743155570733088), (6, 0.32759940742676769)]
[(4, 0.44528911257884074), (5, 0.44614709655321477)]
[(5, 0.55274283669867064), (6, 0.21009722309548803)]
[(3, 0.36492772811071045), (6, 0.42091251563871995)]
[(6, 0.79393539930110035)]
[(3, 0.51647438492825193), (4, 0.25079953961878876)]
[(6, 0.86368740611829009)]
[(0, 0.39924379884351435), (2, 0.24503152466225897)]
[(4, 0.55902250462022696), (6, 0.32757188440911872)]
[(1, 0.25138081392082218), (6, 0.42436568000108482)]
[(0, 0.34604523127065057), (6, 0.47469578572268578)]
[(0, 0.35610346307028307), (6, 0.55266270200237388)]
[(6, 0.76530013832044297)]
[(6, 0.60933321528583895)]
[(4, 0.35799766520935827), (6, 0.31008514190503406)]
[(4, 0.82168119190711131)]
[(4, 0.63605962957723539)]
[(4, 0.44594092614880515)]
[(4, 0.59575752031722873), (6, 0.29088623013019477)]
[(4, 0.30530740877197776), (6, 0.43801381140009688)]
[(4, 0.4274438014707127), (6, 0.32760403890998935)]
[(4, 0.44528665976947701), (5, 0.44613598754728567)]
[(5, 0.55273826876079346), (6, 0.21009617800438879)]
[(3, 0.36493277702288979), (6, 0.42092177104778028)]
[(6, 0.79393530140882962)]
[(3, 0.51648222602523186), (4, 0.25080445632604814)]
[(6, 0.86368316420554692)]
[(0, 0.39924745975007248), (2, 0.24503367892033659)]
[(4, 0.55902157348053538), (6, 0.32757972716787703)]
[(1, 0.25138079790785695), (6, 0.42436661733210146)]
[(0, 0.34604517724315931), (6, 0.47469548831606606)]
[(0, 0.35610320499212278), (6, 0.55266279931538131)]
[(6, 0.76563635857703993)]
[(6, 0.60930868376497327)]
[(4, 0.35800071117594895), (6, 0.31008517478021147)]
[(4, 0.82168321917393694)]
[(4, 0.6360465225783607)]
[(4, 0.44594676069145095)]
[(4, 0.59575459929530195), (6, 0.2908810852197305)]
[(4, 0.30532221532214221), (6, 0.4380160295981399)]
[(4, 0.42740697782436832), (6, 0.32759119956018617)]
[(4, 0.44528309663331217), (5, 0.44612016343122712)]
[(5, 0.55274269179035262), (6, 0.21009719623001646)]
[(3, 0.36493331200230361), (6, 0.4209227510424422)]
[(6, 0.79393568651445834)]
[(3, 0.51647444836931844), (4, 0.25079957785184653)]
[(6, 0.86367942275870246)]
[(0, 0.39924774121870532), (2, 0.24503384032899719)]
[(4, 0.55902119365727021), (6, 0.32758306399049036)]
[(1, 0.25138079348107906), (6, 0.42436706807424951)]
[(0, 0.34604546277300996), (6, 0.47469701336308717)]
[(0, 0.35610525226199291), (6, 0.55266814003399323)]
[(6, 0.7656005879170612)]
[(6, 0.60931626311724862)]
[(4, 0.3579970055135881), (6, 0.31008513454547132)]
[(4, 0.82168542872922556)]
[(4, 0.63605223509458864)]
[(4, 0.44593928795112914)]
[(4, 0.59575726953999364), (6, 0.29088563266826156)]
[(4, 0.30532306539367443), (6, 0.43801456411748579)]
[(4, 0.42741853363491672), (6, 0.32759519670731013)]
[(4, 0.445282068435847), (5, 0.44611504561870435)]
[(5, 0.55273902618602599), (6, 0.21009639984133663)]
[(3, 0.3649339985997555), (6, 0.42092400901260069)]
[(6, 0.7939352655377605)]
[(3, 0.51646983968205362), (4, 0.25079668547235462)]
[(6, 0.86368367680761338)]
[(0, 0.39924234757568089), (2, 0.24503050223791745)]
[(4, 0.55902173733887872), (6, 0.32757849042662363)]
[(1, 0.25138082159725933), (6, 0.42436529027015141)]
[(0, 0.34604635166007292), (6, 0.4747013433932506)]
[(0, 0.35610394694231878), (6, 0.55266395895017395)]
[(6, 0.76560185099230227)]
[(6, 0.60932826200379342)]
[(4, 0.35799742498386772), (6, 0.31008514159985084)]
[(4, 0.82168405379805098)]
[(4, 0.63607322344084183)]
[(4, 0.44594868118534869)]
[(4, 0.5957551249912586), (6, 0.29088163828009095)]
[(4, 0.30535260853014823), (6, 0.43801969107266808)]
[(4, 0.42743782329534552), (6, 0.32760186279971343)]
[(4, 0.44528752522100923), (5, 0.44613987374025676)]
[(5, 0.55273935571403443), (6, 0.21009645236739502)]
[(3, 0.36493180168506734), (6, 0.42091998628054134)]
[(6, 0.79393522244567349)]
[(3, 0.51648388434885761), (4, 0.25080549650807621)]
[(6, 0.86368449151976245)]
[(0, 0.3992466996900374), (2, 0.24503325060824202)]
[(4, 0.55902233712404359), (6, 0.32757325337900961)]
[(1, 0.25138078939200936), (6, 0.42436689069087452)]
[(0, 0.34604544183929159), (6, 0.47469690441913009)]
[(0, 0.35609749014465497), (6, 0.55264453089915133)]
[(6, 0.76581867797743919)]
[(6, 0.60930559064548684)]
[(4, 0.35799706753379867), (6, 0.31008513394022191)]
[(4, 0.82168083186624463)]
[(4, 0.63605480170228956)]
[(4, 0.44594075487824808)]
[(4, 0.59575791827385627), (6, 0.29088673302403928)]
[(4, 0.3053065418292254), (6, 0.43801381043247711)]
[(4, 0.42744178406558125), (6, 0.32760309484660682)]
[(4, 0.44528812374845061), (5, 0.4461424879267562)]
[(5, 0.55274588437341643), (6, 0.21009790984193066)]
[(3, 0.36493378030261131), (6, 0.42092360967436615)]
[(6, 0.79393535357879252)]
[(3, 0.51648178911251996), (4, 0.25080418198169163)]
[(6, 0.86368497438737635)]
[(0, 0.39924633070096843), (2, 0.24503270439194499)]
[(4, 0.55902234537616091), (6, 0.32757324024850992)]
[(1, 0.25138080454137168), (6, 0.42436630245147139)]
[(0, 0.34604481011138755), (6, 0.47469336220276576)]
[(0, 0.35610497038054478), (6, 0.55266694814459061)]
[(6, 0.76559620133720763)]
[(6, 0.60931000953740944)]
[(4, 0.3579949443332941), (6, 0.31008515225859634)]
[(4, 0.82168479128699012)]
[(4, 0.63608839422306884)]
[(4, 0.44594873705588861)]
[(4, 0.59575791293706815), (6, 0.29088694061230913)]
[(4, 0.30529340932921484), (6, 0.43801258902796741)]
[(4, 0.42742791862188395), (6, 0.32759889245469603)]
[(4, 0.44528853864643031), (5, 0.446144579099092)]
[(5, 0.55272490950163111), (6, 0.21009329448859612)]
[(3, 0.36492699455821342), (6, 0.42091116919344185)]
[(6, 0.79393535560166417)]
[(3, 0.51647766161451358), (4, 0.25080159415291481)]
[(6, 0.86367773625369626)]
[(0, 0.39924319197350205), (2, 0.24503101191296597)]
[(4, 0.55902014889261176), (6, 0.32759215204690417)]
[(1, 0.25138078090777416), (6, 0.42436783270366146)]
[(0, 0.34604523187994601), (6, 0.47469578710656923)]
[(0, 0.35610477322646922), (6, 0.55266598326384364)]
[(6, 0.76561141977531944)]
[(6, 0.60933094160038026)]
[(4, 0.35799456237685412), (6, 0.31008516002315228)]
[(4, 0.82168481267272353)]
[(4, 0.63605679003959181)]
[(4, 0.4459471528863756)]
[(4, 0.59575449493060362), (6, 0.29088093710219343)]
[(4, 0.3053590623968393), (6, 0.43802019419410027)]
[(4, 0.42744270183036226), (6, 0.3276038498039136)]
[(4, 0.44528619025571159), (5, 0.44613368202957693)]
[(5, 0.55274213004223738), (6, 0.21009709323538356)]
[(3, 0.3649361590471234), (6, 0.42092796969829949)]
[(6, 0.79393536845813084)]
[(3, 0.51647749411074539), (4, 0.25080148905735888)]
[(6, 0.86367993060736925)]
[(0, 0.39924343451551181), (2, 0.24503120641754586)]
[(4, 0.55902231624553289), (6, 0.32757361171124871)]
[(1, 0.251380782972628), (6, 0.42436786376700719)]
[(0, 0.34604479236706215), (6, 0.47469325276118596)]
[(0, 0.35610504599961929), (6, 0.55266798278157137)]
[(6, 0.76559446114828333)]
[(6, 0.60932883401454885)]
[(4, 0.3579976814804508), (6, 0.31008515685770544)]
[(4, 0.82168101739545352)]
[(4, 0.63606845930448275)]
[(4, 0.44594325117949601)]
[(4, 0.59575599531246881), (6, 0.29088375366650598)]
[(4, 0.30535867736012495), (6, 0.43802037130435018)]
[(4, 0.42741246406706862), (6, 0.32759257086518867)]
[(4, 0.44527868925288505), (5, 0.44609951743325704)]
[(5, 0.55273921908269952), (6, 0.21009642783576143)]
[(3, 0.36492845232428189), (6, 0.42091384150832523)]
[(6, 0.79393534114728448)]
[(3, 0.51647389819889955), (4, 0.25079923189301218)]
[(6, 0.86368493944980174)]
[(0, 0.39924659026019538), (2, 0.24503313979134814)]
[(4, 0.55902098874341244), (6, 0.3275849127063753)]
[(1, 0.25138082410525459), (6, 0.42436503577651669)]
[(0, 0.3460458309936057), (6, 0.47469886943649925)]
[(0, 0.35610432828564309), (6, 0.55266525947999812)]
[(6, 0.76573465284694575)]
[(6, 0.60932954050505417)]
[(4, 0.3579957940299951), (6, 0.310085129468604)]
[(4, 0.82168318059262457)]
[(4, 0.63605384035537726)]
[(4, 0.44594119311749297)]
[(4, 0.59575744726592383), (6, 0.29088596618938545)]
[(4, 0.30532516844903701), (6, 0.43801645472014805)]
[(4, 0.42741141880033501), (6, 0.32759279004905195)]
[(4, 0.44528636137887406), (5, 0.44613463930780639)]
[(5, 0.5527463269506081), (6, 0.21009803957265008)]
[(3, 0.36493051016682787), (6, 0.42091761495229996)]
[(6, 0.79393534061496973)]
[(3, 0.51648392345390137), (4, 0.25080552220596047)]
[(6, 0.86367834196407645)]
[(0, 0.39924534287796176), (2, 0.24503242347931323)]
[(4, 0.55902256649860105), (6, 0.32757155033994972)]
[(1, 0.25138083880291079), (6, 0.4243643326779325)]
[(0, 0.3460452659819177), (6, 0.47469597192372187)]
[(0, 0.35609747832644095), (6, 0.55264379157795818)]
[(6, 0.76560905294846004)]
[(6, 0.60933306987447478)]
[(4, 0.35799387037887187), (6, 0.31008513992894099)]
[(4, 0.82168198665431968)]
[(4, 0.63605635820168793)]
[(4, 0.44594337235445047)]
[(4, 0.59575666858205589), (6, 0.29088493681460142)]
[(4, 0.3046313553712709), (6, 0.4120477717727225)]
[(4, 0.42742817422924667), (6, 0.32759878314461816)]
[(4, 0.44528462647584982), (5, 0.44612687304965304)]
[(5, 0.55274552598514226), (6, 0.21009782353917206)]
[(3, 0.36493560503441913), (6, 0.4209269536566928)]
[(6, 0.79393570742496411)]
[(3, 0.51647728917552294), (4, 0.25080136126428071)]
[(6, 0.86368850542474052)]
[(0, 0.39924479530574936), (2, 0.24503207862612533)]
[(4, 0.55902319474610185), (6, 0.32756648012725481)]
[(1, 0.25138078487144089), (6, 0.42436707746172536)]
[(0, 0.3460455954347843), (6, 0.4746976945673328)]
[(0, 0.35609853421688614), (6, 0.55264739255634476)]
[(6, 0.7655925541665265)]
[(6, 0.60930483533443747)]
[(4, 0.35799525714010572), (6, 0.31008514371704965)]
[(4, 0.82168243396897833)]
[(4, 0.63605901678429067)]
[(4, 0.44594854414645491)]
[(4, 0.59575696022231461), (6, 0.29088490522702959)]
[(4, 0.30530461095059186), (6, 0.43801308473346773)]
[(4, 0.42741014057894705), (6, 0.32759234604807863)]
[(4, 0.44528786250102637), (5, 0.44614113842195496)]
[(5, 0.55274268980477903), (6, 0.21009722069725714)]
[(3, 0.36493064855988089), (6, 0.42091786788152347)]
[(6, 0.79393535523965453)]
[(3, 0.51648365478093672), (4, 0.25080535208394567)]
[(6, 0.86368543110797025)]
[(0, 0.39924797278789598), (2, 0.24503394469679352)]
[(4, 0.55902316136827368), (6, 0.32756678479706702)]
[(1, 0.25138078809277936), (6, 0.42436716490554066)]
[(0, 0.34604529809428575), (6, 0.47469614472904309)]
[(0, 0.35609783862078631), (6, 0.5526410818557278)]
[(6, 0.76560704180352557)]
[(6, 0.6093319447077773)]
[(4, 0.35799785319162652), (6, 0.31008515677417769)]
[(4, 0.82168411767513916)]
[(4, 0.63606025013476686)]
[(4, 0.44594525260781936)]
[(4, 0.59575554176258838), (6, 0.29088273024757133)]
[(4, 0.30535772286261126), (6, 0.43801970464853185)]
[(4, 0.42742515590280489), (6, 0.32759752916352408)]
[(4, 0.44528817416519845), (5, 0.4461428316937)]
[(5, 0.55274534461463887), (6, 0.21009780141410603)]
[(3, 0.36493045462867069), (6, 0.42091751342896733)]
[(6, 0.79393512641743214)]
[(3, 0.51648092820705271), (4, 0.25080364271569816)]
[(6, 0.86368779742209068)]
[(0, 0.39924791759571482), (2, 0.24503394922765795)]
[(4, 0.55902144019623268), (6, 0.32758103538442812)]
[(1, 0.25138082270691903), (6, 0.42436518764780384)]
[(0, 0.34604456798252925), (6, 0.47469179086917229)]
[(0, 0.35610486805629515), (6, 0.55266672651946902)]
[(6, 0.76559203838678769)]
[(6, 0.60931115460696139)]
[(4, 0.35799685943183768), (6, 0.31008516263670999)]
[(4, 0.82168443270486535)]
[(4, 0.636065374468756)]
[(4, 0.44594989804402962)]
[(4, 0.595754445165115), (6, 0.29088114838317697)]
[(4, 0.30531577479102967), (6, 0.43801488982159514)]
[(4, 0.42742079388478205), (6, 0.32759596716296002)]
[(4, 0.44527980793505201), (5, 0.44610513137946228)]
[(5, 0.55274042000808343), (6, 0.21009672785247807)]
[(3, 0.3649324085011777), (6, 0.42092109467295025)]
[(6, 0.79393509206402779)]
[(3, 0.51647502702805448), (4, 0.2507999413481925)]
[(6, 0.86368714126491508)]
[(0, 0.39924166611532291), (2, 0.24503015251204521)]
[(4, 0.55902209155521754), (6, 0.32757548559643185)]
[(1, 0.251380794221159), (6, 0.42436722612333705)]
[(0, 0.34604481593144931), (6, 0.47469339789938603)]
[(0, 0.35610029691766143), (6, 0.55265142864293992)]
[(6, 0.76487633585711678)]
[(6, 0.60930782320629151)]
[(4, 0.3579955956233894), (6, 0.31008514058798842)]
[(4, 0.82168496529558266)]
[(4, 0.63608362367389581)]
[(4, 0.44594100562910061)]
[(4, 0.59575424976210301), (6, 0.29088070431868807)]
[(4, 0.30529992248425425), (6, 0.43801274055968936)]
[(4, 0.42744197489020841), (6, 0.3276032403839802)]
[(4, 0.44528992579257926), (5, 0.44615090054512108)]
[(5, 0.55274058586237673), (6, 0.2100967383278832)]
[(3, 0.36492946249275171), (6, 0.42091569241457188)]
[(6, 0.79393566303860574)]
[(3, 0.51647065648915902), (4, 0.25079719769603565)]
[(6, 0.86368219420127046)]
[(0, 0.39924101866266359), (2, 0.24502970324756437)]
[(4, 0.55902241650990303), (6, 0.32757259251524889)]
[(1, 0.25138081462610584), (6, 0.42436572151181123)]
[(0, 0.34604528103191023), (6, 0.47469605301395629)]
[(0, 0.35610439431580293), (6, 0.55266548137409777)]
[(6, 0.76586804424900656)]
[(6, 0.60933213367000816)]
[(4, 0.35799934186787086), (6, 0.31008515390655944)]
[(4, 0.82168332517861542)]
[(4, 0.63607153280367856)]
[(4, 0.44594238433450428)]
[(4, 0.59575584550123661), (6, 0.29088366279651523)]
[(4, 0.30530833689893327), (6, 0.43801243019757058)]
[(4, 0.42743690471516049), (6, 0.32760145631270976)]
[(4, 0.44528871505197121), (5, 0.44614550307151457)]
[(5, 0.55274564460345588), (6, 0.21009787013704084)]
[(3, 0.36493081747887562), (6, 0.42091817836715123)]
[(6, 0.79393520181541277)]
[(3, 0.51647247227529136), (4, 0.25079834129479295)]
[(6, 0.86367973120940744)]
[(0, 0.39924810518108073), (2, 0.24503402221895806)]
[(4, 0.55902027721163372), (6, 0.32759107175786095)]
[(1, 0.25138078803145342), (6, 0.4243675643940098)]
[(0, 0.34604515071484293), (6, 0.47469534164567767)]
[(0, 0.3560995227474717), (6, 0.55264857590930849)]
[(6, 0.7656027637964421)]
[(6, 0.60933330529938012)]
[(4, 0.3579956178945502), (6, 0.31008514174167462)]
[(4, 0.82168225912251425)]
[(4, 0.63606484506104577)]
[(4, 0.44594698602042687)]
[(4, 0.5957578230125341), (6, 0.29088662387556979)]
[(4, 0.30457416705655677), (6, 0.41203886507752174)]
[(4, 0.42740685866322359), (6, 0.32759094290825419)]
[(4, 0.4452897280485541), (5, 0.44614998819936846)]
[(5, 0.55274459404881882), (6, 0.2100976093319615)]
[(3, 0.36492867421817382), (6, 0.42091424644925324)]
[(6, 0.79393524535026527)]
[(3, 0.51647093633235119), (4, 0.25079737698630239)]
[(6, 0.86368603891529949)]
[(0, 0.3992447268061507), (2, 0.24503197404691304)]
[(4, 0.55902324742073839), (6, 0.32756606388596377)]
[(1, 0.25138082890547436), (6, 0.42436529450848137)]
[(0, 0.34604604693490032), (6, 0.47469991371987813)]
[(0, 0.35610509446712652), (6, 0.55266769505783364)]
[(6, 0.76559461034948817)]
[(6, 0.60932091007774869)]
[(4, 0.35799807476398066), (6, 0.31008517594754537)]
[(4, 0.82168488063391665)]
[(4, 0.63608001496557598)]
[(4, 0.44594625167086804)]
[(4, 0.59575693492543302), (6, 0.29088524361064638)]
[(4, 0.30531084745087683), (6, 0.43801443457839467)]
[(4, 0.42741384695618634), (6, 0.32759362340460974)]
[(4, 0.44528734901240019), (5, 0.44613894131857923)]
[(5, 0.55274510233585961), (6, 0.21009772977503466)]
[(3, 0.36493187613379202), (6, 0.42092011876240365)]
[(6, 0.79393512906354702)]
[(3, 0.51647676494030881), (4, 0.2508010300517049)]
[(6, 0.86367950829496998)]
[(0, 0.399246078704112), (2, 0.24503286865341289)]
[(4, 0.5590206711267961), (6, 0.32758750205388748)]
[(1, 0.25138078382806578), (6, 0.42436782297696818)]
[(0, 0.34604476966972963), (6, 0.47469311212867299)]
[(0, 0.35609921632055858), (6, 0.55264734492408618)]
[(6, 0.76561314320423313)]
[(6, 0.60932804890924286)]
[(4, 0.35800061967280228), (6, 0.31008515722479718)]
[(4, 0.82168475584172096)]
[(4, 0.63605921401603782)]
[(4, 0.44594629262836682)]
[(4, 0.59575628147159621), (6, 0.2908840732403899)]
[(4, 0.30529665698077696), (6, 0.43801271666446184)]
[(4, 0.42740734912574735), (6, 0.32759137037255348)]
[(4, 0.44528890792046988), (5, 0.44614619271714545)]
[(5, 0.55274580725816358), (6, 0.2100979018687279)]
[(3, 0.3649310897518267), (6, 0.42091867416412193)]
[(6, 0.7939349898403768)]
[(3, 0.51647731239809824), (4, 0.25080137453549972)]
[(6, 0.86368285552272639)]
[(0, 0.39924315931276433), (2, 0.24503107217257128)]
[(4, 0.55902140277085655), (6, 0.32758136992413106)]
[(1, 0.25138080870372698), (6, 0.42436602127330136)]
[(0, 0.34604498237002196), (6, 0.47469438855751278)]
[(0, 0.35610469180487142), (6, 0.55266614999471675)]
[(6, 0.76560086415294648)]
[(6, 0.60933359873702908)]
[(4, 0.35799682123063042), (6, 0.3100851469747295)]
[(4, 0.82168219131256415)]
[(4, 0.63606495973359001)]
[(4, 0.44594637543354892)]
[(4, 0.59575683196065654), (6, 0.29088485778989626)]
[(4, 0.30530133506443535), (6, 0.43801343399832138)]
[(4, 0.42743738141968918), (6, 0.32760206210279974)]
[(4, 0.44528618575426571), (5, 0.44613356649928554)]
[(5, 0.55273894466331852), (6, 0.2100963854134498)]
[(3, 0.36493325405993998), (6, 0.42092264551627318)]
[(6, 0.7939350649818574)]
[(3, 0.51646981716484475), (4, 0.25079667134899891)]
[(6, 0.86367988465297763)]
[(0, 0.39924225864878632), (2, 0.24503044446882991)]
[(4, 0.55902133956893652), (6, 0.32758192086396809)]
[(1, 0.25138079358308613), (6, 0.42436699769701247)]
[(0, 0.34604543203256088), (6, 0.47469685321728822)]
[(0, 0.35609775914424241), (6, 0.55264066140644208)]
[(6, 0.76560961186927068)]
[(6, 0.60932314591440284)]
[(4, 0.35799836047585581), (6, 0.31008515433436956)]
[(4, 0.82167689357378559)]
[(4, 0.63609247427324522)]
[(4, 0.44594617162585715)]
[(4, 0.59575774494472489), (6, 0.29088657807370688)]
[(4, 0.30535868766219482), (6, 0.43802033973045768)]
[(4, 0.42743500871263762), (6, 0.32760074259513289)]
[(4, 0.44528589758858123), (5, 0.44613264028091204)]
[(5, 0.55274033924761501), (6, 0.21009668835863812)]
[(3, 0.36492790315598111), (6, 0.42091283806073598)]
[(6, 0.79393530988248406)]
[(3, 0.51647366517031024), (4, 0.25079908524328914)]
[(6, 0.86368069681620196)]
[(0, 0.39924246177094286), (2, 0.24503062721927316)]
[(4, 0.55902316884749415), (6, 0.32756662802666175)]
[(1, 0.25138082268178019), (6, 0.42436533164744594)]
[(0, 0.34604536183285672), (6, 0.47469648412714283)]
[(0, 0.35610530386355854), (6, 0.55266865016247702)]
[(6, 0.76559799704633147)]
[(6, 0.60933326988315972)]
[(4, 0.35799327365014788), (6, 0.31008514432276124)]
[(4, 0.82168097511926896)]
[(4, 0.6360626315512109)]
[(4, 0.44594689224618983)]
[(4, 0.59575741129608539), (6, 0.29088601865753677)]
[(4, 0.30458496848203692), (6, 0.41203683002319241)]
[(4, 0.42741638133896787), (6, 0.32759422987678233)]
[(4, 0.44528611711300353), (5, 0.44613385923415799)]
[(5, 0.55273916370140574), (6, 0.21009641305918914)]
[(3, 0.36493105326277608), (6, 0.42091860957947658)]
[(6, 0.79393545983099678)]
[(3, 0.51647851541381762), (4, 0.25080213052016903)]
[(6, 0.86368458400606873)]
[(0, 0.39924733410262564), (2, 0.2450335842134749)]
[(4, 0.55902027064042825), (6, 0.32759140409217286)]
[(1, 0.2513808218640522), (6, 0.42436546458071939)]
[(0, 0.34604536977772382), (6, 0.47469652615050034)]
[(0, 0.35610456658307066), (6, 0.55266590875660815)]
[(6, 0.76559950234708585)]
[(6, 0.60933195165669163)]
[(4, 0.35799886195119396), (6, 0.31008515553767169)]
[(4, 0.82168185306338415)]
[(4, 0.63606780513707184)]
[(4, 0.44594308978529301)]
[(4, 0.59575705614266961), (6, 0.2908855627064742)]
[(4, 0.30532112295539771), (6, 0.43801584081050149)]
[(4, 0.42741672917229684), (6, 0.32759439395564421)]
[(4, 0.44528616176585684), (5, 0.44613387296472046)]
[(5, 0.55274066901713448), (6, 0.21009676265712962)]
[(3, 0.36492743369469272), (6, 0.42091197354215776)]
[(6, 0.79393512833411539)]
[(3, 0.51648303181050992), (4, 0.25080496242207651)]
[(6, 0.86368690239991508)]
[(0, 0.39924420517041548), (2, 0.24503162878455229)]
[(4, 0.55902308584190707), (6, 0.32756735735469605)]
[(1, 0.25138081509260674), (6, 0.42436544473640009)]
[(0, 0.34604499941042977), (6, 0.47469448706529072)]
[(0, 0.35610444013855241), (6, 0.55266565566423986)]
[(6, 0.76613158100648326)]
[(6, 0.60930565159663486)]
[(4, 0.35800210758017775), (6, 0.31008515187064128)]
[(4, 0.82168299678535417)]
[(4, 0.63606569966852733)]
[(4, 0.44594356723334044)]
[(4, 0.59575783815213779), (6, 0.29088684261604242)]
[(4, 0.30536000362625526), (6, 0.43801972295708935)]
[(4, 0.42741430502519717), (6, 0.32759370366540252)]
[(4, 0.44528890768744195), (5, 0.44614605739914681)]
[(5, 0.55274112261281172), (6, 0.21009686580084172)]
[(3, 0.3649308550426561), (6, 0.42091824602108335)]
[(6, 0.79393536393124453)]
[(6, 0.57142855570120832)]
