[(2, 0.57142854912866392)]
[(3, 0.61860156288135804), (4, 0.34723967608429135)]
[(3, 0.57960447348351318), (4, 0.29269271513362854)]
[(6, 0.68107746441888639)]
[(2, 0.36627215747424002), (4, 0.33668901980284249), (6, 0.21962466863999072)]
[(0, 0.26526135428092967), (2, 0.28576543970896395)]
[(0, 0.45557987170053577), (3, 0.21237453854668398)]
[(0, 0.24877638462258467), (4, 0.48450101243362081)]
[(0, 0.24064160349034533), (6, 0.47493680000841343)]
[(2, 0.35008248729340247), (6, 0.36757673172964966)]
[(2, 0.35431549772050175), (4, 0.29648435997996503)]
[(4, 0.66329789325637212), (6, 0.27114892686518383)]
[(4, 0.64415578594675249), (6, 0.30300393650111845)]
[(4, 0.74272719629893436)]
[(4, 0.81910968355953995)]
[(4, 0.48377692980635928), (6, 0.34891313081897707)]
[(1, 0.20943412128387617), (4, 0.3276394032111527), (6, 0.41887965597071858)]
[(4, 0.55183470487525443), (6, 0.42057507911713748)]
[(4, 0.36345136438442627), (6, 0.58154301113802076)]
[(4, 0.59030420740892475)]
[(5, 0.54049182895445025)]
[(3, 0.61858075708959237), (4, 0.34725880955444566)]
[(3, 0.57960516893518277), (4, 0.29269718367595948)]
[(6, 0.68108258817074496)]
[(2, 0.36631373647837223), (4, 0.3367084197253214), (6, 0.21956332798573344)]
[(0, 0.26525874953077405), (2, 0.28576258783234926)]
[(0, 0.45557628280266776), (3, 0.21238188644653277)]
[(0, 0.24877531868095309), (4, 0.48449926273215815)]
[(0, 0.24064172380949775), (6, 0.47493923190823156)]
[(2, 0.35007778778517523), (6, 0.36756691856313184)]
[(2, 0.35432671276970368), (4, 0.29649370089531241)]
[(4, 0.66328543146955121), (6, 0.27116163869478987)]
[(4, 0.64415988090247867), (6, 0.30299841370309472)]
[(4, 0.74273194775182427)]
[(4, 0.81910558922899757)]
[(4, 0.48377604615879422), (6, 0.34892281796462232)]
[(1, 0.20949667711559167), (4, 0.32752257999718676), (6, 0.41893393493477077)]
[(4, 0.55184164682817138), (6, 0.42057219987869804)]
[(4, 0.36350452912012621), (6, 0.58148973571118157)]
[(4, 0.59030096452013892)]
[(5, 0.54048931041159454)]
[(3, 0.61859697231113697), (4, 0.34724403424074901)]
[(3, 0.57960324392873364), (4, 0.29269527472312323)]
[(6, 0.68107886903891945)]
[(2, 0.36627948376172775), (4, 0.33668254147133531), (6, 0.21962207843290424)]
[(0, 0.26526076657889996), (2, 0.28576417529128118)]
[(0, 0.45559655713509101), (3, 0.21232130944070168)]
[(0, 0.24877437523230994), (4, 0.48449816575764093)]
[(0, 0.24064176551969055), (6, 0.47493751456182731)]
[(2, 0.35008416399002334), (6, 0.36758020661734409)]
[(2, 0.35431403573502862), (4, 0.29649963377481237)]
[(4, 0.66329870697840154), (6, 0.27114826851352258)]
[(4, 0.6441652256620708), (6, 0.30298918203685038)]
[(4, 0.74273370075996847)]
[(4, 0.81910634451116204)]
[(4, 0.48377590340602106), (6, 0.34891771292160118)]
[(1, 0.2095013453599249), (4, 0.32750769358674969), (6, 0.41894415479938851)]
[(4, 0.55183517474705679), (6, 0.42057495849523269)]
[(4, 0.36356084696271318), (6, 0.58143315120978933)]
[(4, 0.59029934867594036)]
[(5, 0.54048569232528665)]
[(3, 0.61857275611446139), (4, 0.3472657163363565)]
[(3, 0.57960869312676733), (4, 0.29268754006409575)]
[(6, 0.68108209239418194)]
[(2, 0.36627911305315208), (4, 0.3366904974140757), (6, 0.21961567382335945)]
[(0, 0.2652544796252177), (2, 0.2857481208948599)]
[(0, 0.45557507965905802), (3, 0.2123872789307476)]
[(0, 0.24877479661316582), (4, 0.48449852622932937)]
[(0, 0.24064168018027518), (6, 0.47493684980510237)]
[(2, 0.35008016198044067), (6, 0.36757199305427485)]
[(2, 0.35431472194574148), (4, 0.29649448673136081)]
[(4, 0.66335660819189513), (6, 0.27108892922986488)]
[(4, 0.6441554355977418), (6, 0.30300437297848748)]
[(4, 0.74272563345243359)]
[(4, 0.81910690660079)]
[(4, 0.4837749097028205), (6, 0.34892303047486939)]
[(1, 0.20945104294973169), (4, 0.32762071345974991), (6, 0.41888142544502649)]
[(4, 0.55183647254846158), (6, 0.42057457794587549)]
[(4, 0.36341404492786011), (6, 0.58157995482125557)]
[(4, 0.59029491117131494)]
[(5, 0.54049003360132597)]
[(3, 0.61858957814569726), (4, 0.34725089586373703)]
[(3, 0.5795962520911897), (4, 0.29270781069427187)]
[(6, 0.6810790353684546)]
[(2, 0.36627183754809528), (4, 0.33668193332436525), (6, 0.21963088629164682)]
[(0, 0.26525604841158479), (2, 0.28575954860355551)]
[(0, 0.45557520725102157), (3, 0.21238712865742834)]
[(0, 0.2487772677392249), (4, 0.48450231402174965)]
[(0, 0.24064156905563419), (6, 0.47493527870015279)]
[(2, 0.35007982334136789), (6, 0.36757118211043488)]
[(2, 0.35431252782530814), (4, 0.29649157986269697)]
[(4, 0.6632971442507839), (6, 0.27114991270457822)]
[(4, 0.64416507780581012), (6, 0.30298942358921505)]
[(4, 0.74273378941931212)]
[(4, 0.81910601080837253)]
[(4, 0.48377684601034793), (6, 0.34891747295732484)]
[(1, 0.20949667970762817), (4, 0.32750872889886279), (6, 0.41894778531292032)]
[(4, 0.5518381630873791), (6, 0.42057396633670868)]
[(4, 0.36353308610760077), (6, 0.5814614727265397)]
[(4, 0.59029954769236914)]
[(5, 0.54049087224391557)]
[(3, 0.61859645708319488), (4, 0.34724451907651066)]
[(3, 0.57960884847787308), (4, 0.2926871987589581)]
[(6, 0.68108212675109092)]
[(2, 0.36627605007789182), (4, 0.33667814279375136), (6, 0.21962922223097014)]
[(0, 0.26525461742454909), (2, 0.28575547456990485)]
[(0, 0.45557998497028768), (3, 0.21237457673674431)]
[(0, 0.24877645073544841), (4, 0.48450105672635618)]
[(0, 0.2406417397418279), (6, 0.47493911222508328)]
[(2, 0.35007972871550902), (6, 0.36757575909999918)]
[(2, 0.35431102328827085), (4, 0.29649678712878186)]
[(4, 0.68595606033027345)]
[(4, 0.64416007495020999), (6, 0.30299809472296363)]
[(4, 0.74272854953850154)]
[(4, 0.81910506802671412)]
[(4, 0.48377727277608934), (6, 0.34891070133015395)]
[(1, 0.20945799715021929), (4, 0.32760241567139875), (6, 0.41889277103819578)]
[(4, 0.55183901641579736), (6, 0.42057360165199409)]
[(4, 0.36353818491489243), (6, 0.58145640430500523)]
[(4, 0.59029893308828763)]
[(5, 0.54048422310753852)]
[(3, 0.61860544414513308), (4, 0.34723593693844523)]
[(3, 0.57960033181999282), (4, 0.29270102982441637)]
[(6, 0.68107963833928031)]
[(2, 0.36628419959874725), (4, 0.33667352199295497), (6, 0.21962458562711873)]
[(0, 0.26525879873189534), (2, 0.28576063716294908)]
[(0, 0.4555828089013072), (3, 0.21236592088926032)]
[(0, 0.24877511620250939), (4, 0.48449927171870327)]
[(0, 0.24064160443181548), (6, 0.47493695388309959)]
[(2, 0.35007966759702824), (6, 0.36757079753002636)]
[(2, 0.35431893039087131), (4, 0.2964994765622041)]
[(4, 0.66329458430570754), (6, 0.27115256044489355)]
[(4, 0.64415722480000015), (6, 0.30300209825296875)]
[(4, 0.74272880001261665)]
[(4, 0.81910574803891556)]
[(4, 0.48377674154512346), (6, 0.34891382447326352)]
[(1, 0.20946434719098553), (4, 0.32757782086147558), (6, 0.41891101870636072)]
[(4, 0.55183519069644915), (6, 0.42057495424682667)]
[(4, 0.36348028005884808), (6, 0.58151369948696285)]
[(4, 0.59030258511171152)]
[(5, 0.54048715142554848)]
[(3, 0.61857369982769228), (4, 0.34726491642655766)]
[(3, 0.57960605687686717), (4, 0.29269559320151417)]
[(6, 0.68107745194402436)]
[(2, 0.36627636727799268), (4, 0.33667742255115712), (6, 0.21962967433313671)]
[(0, 0.26525728920539771), (2, 0.28576080226094669)]
[(0, 0.45559708660574522), (3, 0.21232440024790247)]
[(0, 0.24877360349013533), (4, 0.48449688344746816)]
[(0, 0.24064167750060012), (6, 0.47493801641353994)]
[(2, 0.35009543948545174), (6, 0.36760375591904326)]
[(2, 0.35432141064920536), (4, 0.29649911281901237)]
[(4, 0.66333410114053948), (6, 0.27111165839031331)]
[(4, 0.6441557186759439), (6, 0.30300402380534663)]
[(4, 0.74273044047332637)]
[(4, 0.81910805072900961)]
[(4, 0.48377697811422488), (6, 0.34891218795669515)]
[(1, 0.20946864473164453), (4, 0.32756735872937787), (6, 0.41891718442249509)]
[(4, 0.551841509903227), (6, 0.42057228432317229)]
[(4, 0.36351032416457946), (6, 0.58148341233465195)]
[(4, 0.59030199118767224)]
[(5, 0.54048930309111787)]
[(3, 0.61857397188492258), (4, 0.3472646843965761)]
[(3, 0.57961141188274912), (4, 0.29268599925260952)]
[(6, 0.68108106479781483)]
[(2, 0.36627543820887082), (4, 0.33668288420944725), (6, 0.21962608975806502)]
[(0, 0.26526134528467132), (2, 0.28576489420345452)]
[(0, 0.4555871757273034), (3, 0.21235384380872935)]
[(0, 0.24877043567912896), (4, 0.48449132484285024)]
[(0, 0.24064178046122944), (6, 0.47493699525678618)]
[(2, 0.35008954615155835), (6, 0.36759144181785219)]
[(2, 0.35431592229637693), (4, 0.29649153282774293)]
[(4, 0.66336074470869388), (6, 0.27108572465470054)]
[(4, 0.64415667084314621), (6, 0.30300281876406188)]
[(4, 0.74272198808982914)]
[(4, 0.81910453421259333)]
[(4, 0.4837776918051504), (6, 0.34890736904925407)]
[(1, 0.20950832870555483), (4, 0.32748556351537073), (6, 0.41895930404394122)]
[(4, 0.55184258366738503), (6, 0.42057158437328207)]
[(4, 0.36354905112830643), (6, 0.58144514483978094)]
[(4, 0.59030222765839346)]
[(5, 0.54048771928270423)]
[(3, 0.6186050402567298), (4, 0.34723632815765221)]
[(3, 0.57960099921135821), (4, 0.29270888465099554)]
[(6, 0.68108045371680892)]
[(2, 0.36630026872278015), (4, 0.33671820791339069), (6, 0.21956979481534492)]
[(0, 0.26525635839210565), (2, 0.28576050285303256)]
[(0, 0.45558884969635399), (3, 0.21234591741030251)]
[(0, 0.24877393409935017), (4, 0.48449743731850747)]
[(0, 0.2406419738979072), (6, 0.47493896303166067)]
[(2, 0.35009701329406401), (6, 0.36760683432782287)]
[(2, 0.35431896490749626), (4, 0.29648630006887944)]
[(4, 0.66328483785097359), (6, 0.27116245727256605)]
[(4, 0.64416232334732937), (6, 0.30299450263067923)]
[(4, 0.74273402541388633)]
[(4, 0.81910636898086786)]
[(4, 0.4837777702363743), (6, 0.34890866769126366)]
[(1, 0.20950580165855082), (4, 0.32748961874050203), (6, 0.41895777548790653)]
[(4, 0.55183108599918662), (6, 0.42057574609991882)]
[(4, 0.36353898607646495), (6, 0.58145537201275388)]
[(4, 0.59030561715898366)]
[(5, 0.54049056560544451)]
[(3, 0.61860521343436303), (4, 0.34723616050767703)]
[(3, 0.57960766540875475), (4, 0.29269452230943138)]
[(6, 0.68108291226245088)]
[(2, 0.36629910262220899), (4, 0.33671082797418334), (6, 0.2195772903681478)]
[(0, 0.2652596396446858), (2, 0.28576401432321757)]
[(0, 0.45558790153930645), (3, 0.21235257579502032)]
[(0, 0.24877643678802261), (4, 0.48450134370762926)]
[(0, 0.24064182089318878), (6, 0.47493955551214934)]
[(2, 0.35008869431761253), (6, 0.36758964089637852)]
[(2, 0.35432232338083547), (4, 0.29649863388052422)]
[(4, 0.66333716990645974), (6, 0.27110940031418984)]
[(4, 0.64415483166397036), (6, 0.30300510194785274)]
[(4, 0.74273363445738438)]
[(4, 0.81911140582742281)]
[(4, 0.48377626300627879), (6, 0.34892040791379325)]
[(1, 0.20948890451477795), (4, 0.32752723878212608), (6, 0.41893704864542713)]
[(4, 0.55183479734062246), (6, 0.42057505606570333)]
[(4, 0.36354161263046741), (6, 0.58145325222103039)]
[(4, 0.59030227805156599)]
[(5, 0.54048516822938908)]
[(3, 0.61859474471782028), (4, 0.34724612255560777)]
[(3, 0.57960556396206575), (4, 0.29269076563992563)]
[(6, 0.68108215424883767)]
[(2, 0.36629411824747998), (4, 0.33668659902807835), (6, 0.21960218213751725)]
[(0, 0.26526122661223506), (2, 0.28576430706678135)]
[(0, 0.45559665390482634), (3, 0.21232620841805683)]
[(0, 0.24877670410449351), (4, 0.48450143641870969)]
[(0, 0.2406417089102916), (6, 0.47493829295855633)]
[(2, 0.35008753169856155), (6, 0.36758720460714756)]
[(2, 0.35431093452160867), (4, 0.29647900577709979)]
[(4, 0.67198682436625068), (6, 0.23511229587004331)]
[(4, 0.64415659438605033), (6, 0.30300292193449474)]
[(4, 0.74273165989642542)]
[(4, 0.81910479345006004)]
[(4, 0.48377664961615585), (6, 0.34891408055900425)]
[(1, 0.20943311217348409), (4, 0.32764261699745018), (6, 0.41887745092828532)]
[(4, 0.55183366368923215), (6, 0.42057531649136498)]
[(4, 0.36346432019604519), (6, 0.58152982683363108)]
[(4, 0.59028891477660461)]
[(5, 0.5404876018471243)]
[(3, 0.61858912571626856), (4, 0.34725130953165151)]
[(3, 0.57960394001727555), (4, 0.29269877738463812)]
[(6, 0.68108106703606575)]
[(2, 0.36628681005118191), (4, 0.33670376677505109), (6, 0.21959630617004086)]
[(0, 0.26525652496580776), (2, 0.28576008403208492)]
[(0, 0.45559622135253064), (3, 0.21232556744998368)]
[(0, 0.24877611341755645), (4, 0.48450091777561394)]
[(0, 0.24064152699679611), (6, 0.47493462155724309)]
[(2, 0.35007823134498517), (6, 0.36756781880234402)]
[(2, 0.35431092435093958), (4, 0.29648278787920124)]
[(4, 0.66330842079570751), (6, 0.27113812320988295)]
[(4, 0.64416319545657097), (6, 0.30299305152563266)]
[(4, 0.74272949357456053)]
[(4, 0.81910566855916478)]
[(4, 0.48377780887742594), (6, 0.34890853179693532)]
[(1, 0.20950054304955826), (4, 0.32749687960558593), (6, 0.41895577260428174)]
[(4, 0.55183523353673136), (6, 0.42057494278471069)]
[(4, 0.36351557077367053), (6, 0.58147929148825617)]
[(4, 0.59030541127826297)]
[(5, 0.54049136558286526)]
[(3, 0.61859704698766504), (4, 0.34724396385365786)]
[(3, 0.5795997734650622), (4, 0.29269882260292085)]
[(6, 0.68107811593067469)]
[(2, 0.36627180086225369), (4, 0.33668435921310474), (6, 0.21962879021670065)]
[(0, 0.26525698124276542), (2, 0.28576099943375172)]
[(0, 0.4555914640292143), (3, 0.21234034940396343)]
[(0, 0.24877383079135534), (4, 0.48449705286659905)]
[(0, 0.24064170577778968), (6, 0.47493950985478356)]
[(2, 0.35010299033388997), (6, 0.36761933089613436)]
[(2, 0.35432139180715094), (4, 0.29649196458824534)]
[(4, 0.68592470916734327)]
[(4, 0.64415525929707051), (6, 0.3030045820494971)]
[(4, 0.74273835526059528)]
[(4, 0.81910489364192451)]
[(4, 0.48377844188782859), (6, 0.3489035660387233)]
[(1, 0.209470542409428), (4, 0.32756067607045619), (6, 0.41892197017877358)]
[(4, 0.55183835002895099), (6, 0.42057388984284011)]
[(4, 0.36350441728469624), (6, 0.58148989342549451)]
[(4, 0.59029947799025784)]
[(5, 0.54049235382423755)]
[(3, 0.61858342754818652), (4, 0.34725644683418183)]
[(3, 0.57961373217188028), (4, 0.29268453226153296)]
[(6, 0.68107919251358318)]
[(2, 0.3662765408025766), (4, 0.33669223242204982), (6, 0.21961728817775225)]
[(0, 0.26526015995291946), (2, 0.28576203411911422)]
[(0, 0.45558753121164269), (3, 0.21235236950016281)]
[(0, 0.24877256097251052), (4, 0.48449534138337202)]
[(0, 0.24064178581084464), (6, 0.47493862745134191)]
[(2, 0.35007183531253278), (6, 0.36755455819980554)]
[(2, 0.35432483777545909), (4, 0.29649517314140444)]
[(4, 0.66329407282005148), (6, 0.27115278442420943)]
[(4, 0.64416482504186379), (6, 0.30299010640647006)]
[(4, 0.7427227952902149)]
[(4, 0.81910588852000266)]
[(4, 0.4837776982761709), (6, 0.34890748892333878)]
[(1, 0.20946483703293053), (4, 0.32757365249684894), (6, 0.41891469775895213)]
[(4, 0.55183704392880673), (6, 0.42057438673932757)]
[(4, 0.36351369056152055), (6, 0.58148062076536555)]
[(4, 0.59029767733126959)]
[(5, 0.54049165761746432)]
[(3, 0.6185818096138298), (4, 0.34725788283300318)]
[(3, 0.57961055438973963), (4, 0.29268262312722382)]
[(6, 0.68107792113765053)]
[(2, 0.36629629888671139), (4, 0.33671573151549544), (6, 0.21957615002893152)]
[(0, 0.26525953904930027), (2, 0.28576273707968136)]
[(0, 0.45559069633271482), (3, 0.21234336241053087)]
[(0, 0.24877519049647503), (4, 0.48449933978075288)]
[(0, 0.24064186785786504), (6, 0.47493866081505615)]
[(2, 0.35009633839483689), (6, 0.36760546472710798)]
[(2, 0.35431645995279309), (4, 0.2964922263920014)]
[(4, 0.68593820773475034)]
[(4, 0.64415897732516036), (6, 0.30299970103805812)]
[(4, 0.74273698383345732)]
[(4, 0.81911210651827626)]
[(4, 0.48377796180542271), (6, 0.34890718412820659)]
[(1, 0.20950812612117853), (4, 0.32749664843254439), (6, 0.4189484202264645)]
[(4, 0.55183580963996193), (6, 0.42057478131012616)]
[(4, 0.36350994790220442), (6, 0.58148490848168422)]
[(4, 0.5903009904026324)]
[(5, 0.54048863238293587)]
[(3, 0.61860389853715514), (4, 0.34723743170024379)]
[(3, 0.57960523239079031), (4, 0.29268721658740859)]
[(6, 0.6810814953135429)]
[(2, 0.36628772938710424), (4, 0.33669541872886899), (6, 0.2196023677537286)]
[(0, 0.26525633866316656), (2, 0.2857595367328668)]
[(0, 0.45558606243813243), (3, 0.21235641590836243)]
[(0, 0.24877416120227314), (4, 0.48449765006205353)]
[(0, 0.24064158832503843), (6, 0.47493590298760685)]
[(2, 0.35009316145705516), (6, 0.36759899913269156)]
[(2, 0.35430497367590214), (4, 0.29647953447540637)]
[(4, 0.66329928098722568), (6, 0.27114798748611596)]
[(4, 0.64416391083771729), (6, 0.30299166638145913)]
[(4, 0.74273052948792251)]
[(4, 0.81910990129377548)]
[(4, 0.48377616382327504), (6, 0.34891643185514221)]
[(1, 0.20949274999103723), (4, 0.32751583561667547), (6, 0.4189446076158681)]
[(4, 0.55183969440759351), (6, 0.42057328236304781)]
[(4, 0.36351108523036441), (6, 0.58148378060314709)]
[(4, 0.59028622944602338)]
[(5, 0.54049280075749306)]
[(3, 0.61858622689233189), (4, 0.34725393898291912)]
[(3, 0.57960144645248057), (4, 0.29269954939898368)]
[(6, 0.68108039537434495)]
[(2, 0.3663113473617865), (4, 0.33669415054840496), (6, 0.21957631523462939)]
[(0, 0.26526200814808287), (2, 0.28576471961124533)]
[(0, 0.45558100897170045), (3, 0.2123713652877468)]
[(0, 0.24877739028897961), (4, 0.48450254900582918)]
[(0, 0.24064167483257506), (6, 0.4749383355309672)]
[(2, 0.35008220431344866), (6, 0.36757606931562514)]
[(2, 0.35431764549403655), (4, 0.29650455188646391)]
[(4, 0.66333660025694718), (6, 0.2711098417738429)]
[(4, 0.64416501347486266), (6, 0.30298974149949887)]
[(4, 0.74273199689966163)]
[(4, 0.81910784972409934)]
[(4, 0.48377754176163945), (6, 0.3489080797626159)]
[(1, 0.20946638959914374), (4, 0.3275689732996182), (6, 0.41891782491785157)]
[(4, 0.55183449924647565), (6, 0.42057512919946444)]
[(4, 0.36355768985481457), (6, 0.58143622757682956)]
[(4, 0.59028723031570196)]
[(5, 0.5404836514148138)]
[(3, 0.61857807832108791), (4, 0.34726115059953472)]
[(3, 0.57960380031305447), (4, 0.29270136132606039)]
[(6, 0.68108077172468007)]
[(2, 0.36629088430704793), (4, 0.33671460059492703), (6, 0.21958283682631746)]
[(0, 0.26525945267709228), (2, 0.28576370838421045)]
[(0, 0.45557595337486329), (3, 0.21238420549605991)]
[(0, 0.24877450025268744), (4, 0.4844982110477446)]
[(0, 0.24064154561142898), (6, 0.47493489500269587)]
[(2, 0.35009361036586278), (6, 0.36759979305306684)]
[(2, 0.35432647678489859), (4, 0.29650850665146511)]
[(4, 0.66329310319343349), (6, 0.27115390038629378)]
[(4, 0.64415633964084351), (6, 0.30300324611406509)]
[(4, 0.74272593151655919)]
[(4, 0.8191099360831271)]
[(4, 0.48377532186736633), (6, 0.34892054281891638)]
[(1, 0.20947828766795842), (4, 0.32754411420092133), (6, 0.41893078850673671)]
[(4, 0.55183291516458943), (6, 0.42057546328153522)]
[(4, 0.363509159763093), (6, 0.58148571014636963)]
[(4, 0.59029798639117814)]
[(5, 0.54048405030379176)]
[(3, 0.61859422306580325), (4, 0.34724660803108337)]
[(3, 0.57961157195626856), (4, 0.29268243504708052)]
[(6, 0.68108206779392211)]
[(2, 0.36628148641942188), (4, 0.33669750635583151), (6, 0.21960739768145768)]
[(0, 0.26525732410650832), (2, 0.28576047281039718)]
[(0, 0.45560060368873273), (3, 0.21231480137708891)]
[(0, 0.24877641224939295), (4, 0.48450106528007647)]
[(0, 0.24064161066999118), (6, 0.47493645061780249)]
[(2, 0.35007787421143483), (6, 0.36756708147323425)]
[(2, 0.35431233691930847), (4, 0.29649318706939332)]
[(4, 0.66332263529948898), (6, 0.2711237775821258)]
[(4, 0.64416144345707871), (6, 0.30299599807884703)]
[(4, 0.74272901325358909)]
[(4, 0.81911254911390197)]
[(4, 0.48377687693578231), (6, 0.34891297154224366)]
[(1, 0.20950566459335729), (4, 0.32749337719595367), (6, 0.41895415359985361)]
[(4, 0.55183820006659612), (6, 0.42057395135285136)]
[(4, 0.36350694784167625), (6, 0.58148791235323893)]
[(4, 0.59028297450711553)]
[(5, 0.54048443962845494)]
[(3, 0.6185898061053331), (4, 0.3472506877890843)]
[(3, 0.57960681139570935), (4, 0.29269289262965587)]
[(6, 0.68107809785217788)]
[(2, 0.36631929328097118), (4, 0.336688159552817), (6, 0.21957340377377821)]
[(0, 0.26525887040747215), (2, 0.28576163025644286)]
[(0, 0.45557968928551745), (3, 0.21237317146661491)]
[(0, 0.24877293236317302), (4, 0.48449587133981481)]
[(0, 0.24064172985825238), (6, 0.47493685368641164)]
[(2, 0.35007181361986084), (6, 0.36755447975083766)]
[(2, 0.35431534730775943), (4, 0.2964946602861166)]
[(4, 0.66338847598397721), (6, 0.27105755643915203)]
[(4, 0.64415585496002681), (6, 0.30300385360900822)]
[(4, 0.74272830086792729)]
[(4, 0.81910632596826893)]
[(4, 0.4837782953897361), (6, 0.34890426108187039)]
[(1, 0.20944745986030391), (4, 0.32762306091329685), (6, 0.41888266100462401)]
[(4, 0.55184075523819132), (6, 0.42057272588939248)]
[(4, 0.36355611528357296), (6, 0.58143875194936723)]
[(4, 0.59030101756142872)]
[(5, 0.5404871203244711)]
[(3, 0.61859412867610952), (4, 0.3472466970761986)]
[(3, 0.57960895099224541), (4, 0.2926841795678729)]
[(6, 0.68108035712756554)]
[(2, 0.36627598182966653), (4, 0.336697682238698), (6, 0.21961321514240567)]
[(0, 0.26525616125704399), (2, 0.28575734969523131)]
[(0, 0.4555759295801281), (3, 0.21238151507497049)]
[(0, 0.24877275036624402), (4, 0.48449576010984369)]
[(0, 0.24064177376974427), (6, 0.47493941492911168)]
[(2, 0.35008223719535031), (6, 0.36757631335315777)]
[(2, 0.35431962727553029), (4, 0.2964840312499033)]
[(4, 0.68594880718277185)]
[(4, 0.64415520107835156), (6, 0.30300465585118425)]
[(4, 0.74272821923035215)]
[(4, 0.81910666517453568)]
[(4, 0.48377569305502749), (6, 0.34891865911850034)]
[(1, 0.20950173867250335), (4, 0.32749472143676334), (6, 0.41895673536128419)]
[(4, 0.55183994946465231), (6, 0.42057315509339455)]
[(4, 0.36351447509408824), (6, 0.58148039146041963)]
[(4, 0.59030336089810542)]
[(5, 0.54049149654071837)]
[(3, 0.61857878312079206), (4, 0.34726053816532243)]
[(3, 0.57960395082552829), (4, 0.29270293475740639)]
[(6, 0.68107833936692819)]
[(2, 0.36630639197669423), (4, 0.33670052319977506), (6, 0.21957789664643712)]
[(0, 0.26525900287031456), (2, 0.2857630331352024)]
[(0, 0.45558025631309373), (3, 0.21237368844271864)]
[(0, 0.24877363908449671), (4, 0.48449691792598421)]
[(0, 0.24064177261611469), (6, 0.47493964312593978)]
[(2, 0.35009461235400019), (6, 0.36760186217349416)]
[(2, 0.35431439058017505), (4, 0.29649877492084903)]
[(4, 0.66328759783394253), (6, 0.27115942338111854)]
[(4, 0.64415563850853264), (6, 0.30300411969434454)]
[(4, 0.74272864095519642)]
[(4, 0.8191061517137449)]
[(4, 0.48377782389609097), (6, 0.34890812439501973)]
[(1, 0.20948995515416943), (4, 0.32753272894409602), (6, 0.41893050703054752)]
[(4, 0.55184254308558267), (6, 0.42057161244279573)]
[(4, 0.36342289994613791), (6, 0.58157142524454841)]
[(4, 0.59029936254071713)]
[(5, 0.54048869553196743)]
[(3, 0.61859930858459433), (4, 0.3472418251580604)]
[(3, 0.57960081487690407), (4, 0.29270800405177444)]
[(6, 0.68108243680623892)]
[(2, 0.36629602298966751), (4, 0.3367200420949929), (6, 0.21957282394858713)]
[(0, 0.2652609738383564), (2, 0.28576361459124228)]
[(0, 0.45558334762726321), (3, 0.212359712908117)]
[(0, 0.24877496839359806), (4, 0.48449908114940643)]
[(0, 0.24064169222435425), (6, 0.47493850616619432)]
[(2, 0.35010240427775113), (6, 0.36761818467906837)]
[(2, 0.35431074132712781), (4, 0.29647915406369607)]
[(4, 0.66335411755515483), (6, 0.2710922488811725)]
[(4, 0.64415503016203968), (6, 0.30300486359816592)]
[(4, 0.7427325151411871)]
[(4, 0.81910844741952338)]
[(4, 0.48377517049272317), (6, 0.34892172049134446)]
[(1, 0.20947099733609489), (4, 0.32756308363723907), (6, 0.41891910732982923)]
[(4, 0.5518388404424025), (6, 0.42057368015900054)]
[(4, 0.36352016358596395), (6, 0.58147470519746602)]
[(4, 0.59030203495267053)]
[(5, 0.54049008195312243)]
[(3, 0.61859927522424529), (4, 0.34724185686272524)]
[(3, 0.57960435923296483), (4, 0.29269294385768602)]
[(6, 0.68108123369546436)]
[(2, 0.36632702943837775), (4, 0.33662444887263132), (6, 0.21961634072408276)]
[(0, 0.26526046586465341), (2, 0.28576202078008794)]
[(0, 0.45559036757993149), (3, 0.21234377541175606)]
[(0, 0.24877542540234976), (4, 0.4844997778360437)]
[(0, 0.24064167428639946), (6, 0.47493689183976839)]
[(2, 0.35010081710526803), (6, 0.36761474918669357)]
[(2, 0.35430803498993518), (4, 0.29648834683186048)]
[(4, 0.66329873446193732), (6, 0.27114830815173008)]
[(4, 0.64415563236168882), (6, 0.30300413323128067)]
[(4, 0.74272649120222489)]
[(4, 0.81910516288035229)]
[(4, 0.48377817400558654), (6, 0.3489049596480841)]
[(1, 0.20944001437082835), (4, 0.32762963887960084), (6, 0.41888352813974866)]
[(4, 0.5518425297703462), (6, 0.42057162162416761)]
[(4, 0.3635072853116722), (6, 0.5814875831769144)]
[(4, 0.59029742717562717)]
[(5, 0.54048839443584584)]
[(3, 0.61859932921989369), (4, 0.34724180546171662)]
[(3, 0.57960654767807707), (4, 0.29268839270291658)]
[(6, 0.6810808110915455)]
[(2, 0.36627802034922874), (4, 0.33668723376799242), (6, 0.21961975522972721)]
[(0, 0.26525991694888618), (2, 0.2857613610897895)]
[(0, 0.45558199897448731), (3, 0.21236814255925063)]
[(0, 0.24877321901284821), (4, 0.48449618588051668)]
[(0, 0.24064174698801138), (6, 0.47493553525891524)]
[(2, 0.35010523734595966), (6, 0.36762404307172336)]
[(2, 0.3543206640053585), (4, 0.29649329025399768)]
[(4, 0.66329692599623302), (6, 0.27114999600688489)]
[(4, 0.64416523650935431), (6, 0.30298920077716696)]
[(4, 0.74272465076000793)]
[(4, 0.81910599882185642)]
[(4, 0.48377674885386629), (6, 0.34891348966845753)]
[(1, 0.20945150957108166), (4, 0.32761989100189476), (6, 0.41888178130835918)]
[(4, 0.55183148063504506), (6, 0.42057569366000913)]
[(4, 0.36347342928237159), (6, 0.58152077661866453)]
[(4, 0.5902813003271502)]
[(5, 0.54048901805764937)]
[(3, 0.6185870739831042), (4, 0.34725317400717537)]
[(3, 0.57960279487938982), (4, 0.29270243022615766)]
[(6, 0.6810787095219365)]
[(2, 0.3663067314256031), (4, 0.33668656351477383), (6, 0.21958934017737972)]
[(0, 0.26525689337369329), (2, 0.28575998752952381)]
[(0, 0.45559795333244257), (3, 0.21232223770443204)]
[(0, 0.24877125597969194), (4, 0.48449306497985051)]
[(0, 0.24064174627956372), (6, 0.47493639930029807)]
[(2, 0.35008997155061899), (6, 0.36759224254716094)]
[(2, 0.35432267078875396), (4, 0.29648823380550177)]
[(4, 0.66328744862013522), (6, 0.27115987142589532)]
[(4, 0.64415539688372747), (6, 0.30300442113798648)]
[(4, 0.74272339484398053)]
[(4, 0.81910813232351765)]
[(4, 0.48377846720165585), (6, 0.34890532126174284)]
[(1, 0.20949425945196332), (4, 0.32751086073412211), (6, 0.41894807360772962)]
[(4, 0.55184256919742125), (6, 0.42057159439683672)]
[(4, 0.36354190471851067), (6, 0.58145261336197585)]
[(4, 0.5902967834107824)]
[(5, 0.54048859152471307)]
[(3, 0.61859320744667656), (4, 0.34724755320718731)]
[(3, 0.57960510663887399), (4, 0.29270129697212471)]
[(6, 0.68107841207294817)]
[(2, 0.36629903354603072), (4, 0.3367075263348836), (6, 0.21958000163769356)]
[(0, 0.26525889563471899), (2, 0.28576312619770711)]
[(0, 0.45558767784344623), (3, 0.21235290505608331)]
[(0, 0.24877587134502324), (4, 0.4845005652772012)]
[(0, 0.24064172657861485), (6, 0.47493875617378722)]
[(2, 0.35008080512178114), (6, 0.36757317563647457)]
[(2, 0.35431923731533355), (4, 0.29649449939718214)]
[(4, 0.66335269716523615), (6, 0.27109263021120206)]
[(4, 0.6441638412086198), (6, 0.30299186006987538)]
[(4, 0.74274679602820315)]
[(4, 0.81910460866808898)]
[(4, 0.48377672175322534), (6, 0.34891315365843711)]
[(1, 0.20954199032997167), (4, 0.32750314503541594), (6, 0.41890805525675895)]
[(4, 0.55184239154390968), (6, 0.42057171610992644)]
[(4, 0.36351193149037836), (6, 0.58148293702131548)]
[(4, 0.59028374685775131)]
[(5, 0.54048410825824877)]
[(3, 0.61857816007026001), (4, 0.34726108072412321)]
[(3, 0.57960914794589524), (4, 0.29268820362218029)]
[(6, 0.68108117071462571)]
[(2, 0.36629010688434205), (4, 0.33671268438752955), (6, 0.21958534338381325)]
[(0, 0.2652564113060385), (2, 0.28575916541772067)]
[(0, 0.45559431547534518), (3, 0.21233468045729328)]
[(0, 0.24877572117089572), (4, 0.48450019824624335)]
[(0, 0.24064159765680931), (6, 0.47493732585046189)]
[(2, 0.3500751972619891), (6, 0.36756150241138841)]
[(2, 0.35431027252903918), (4, 0.29648921958132884)]
[(4, 0.66329069138701713), (6, 0.2711564556396896)]
[(4, 0.64415633539603545), (6, 0.30300324608680451)]
[(4, 0.74272554776575972)]
[(4, 0.81910753050232887)]
[(4, 0.48377583143016828), (6, 0.34891823143878747)]
[(1, 0.20944682248702701), (4, 0.32761332694748557), (6, 0.41889303370302355)]
[(4, 0.55183926422653606), (6, 0.42057348808675005)]
[(4, 0.36345636373711959), (6, 0.58153850259352369)]
[(4, 0.59030370961419587)]
[(5, 0.54048380269974927)]
[(3, 0.61859267622105707), (4, 0.34724804471237014)]
[(3, 0.57959535966794407), (4, 0.29271259260651933)]
[(6, 0.68108002527389333)]
[(2, 0.36631088274031137), (4, 0.33665630996194651), (6, 0.21960946376031196)]
[(0, 0.26526090424656201), (2, 0.28576396803824905)]
[(0, 0.45558575943800222), (3, 0.21235709555324009)]
[(0, 0.24877359920048975), (4, 0.48449683698731694)]
[(0, 0.24064174593973967), (6, 0.47493823400321783)]
[(2, 0.35010246481399954), (6, 0.3676182362629124)]
[(2, 0.35431251948050668), (4, 0.29648537832286537)]
[(4, 0.66332813374764632), (6, 0.27111808138568566)]
[(4, 0.64415540795708703), (6, 0.30300440497724068)]
[(4, 0.74272764407372782)]
[(4, 0.81910719973650692)]
[(4, 0.48377598089549156), (6, 0.34891581666473354)]
[(1, 0.20950478757358323), (4, 0.32748806105799444), (6, 0.41896034753335204)]
[(4, 0.55183770139644017), (6, 0.4205741474084575)]
[(4, 0.36352300895663903), (6, 0.58147185200091345)]
[(4, 0.59029759981091279)]
[(5, 0.54049194101829312)]
[(3, 0.61857801735950679), (4, 0.34726120587479731)]
[(3, 0.57960406595988168), (4, 0.29269201082655749)]
[(6, 0.68107995048618952)]
[(2, 0.36627333736076817), (4, 0.33669284192121235), (6, 0.21962015987701955)]
[(0, 0.26525617316194833), (2, 0.28575804266295501)]
[(0, 0.45559013326379422), (3, 0.21234240154963105)]
[(0, 0.24877432468563182), (4, 0.48449790410551569)]
[(0, 0.24064176355068811), (6, 0.47493867431290376)]
[(2, 0.35010618660935505), (6, 0.3676259960391019)]
[(2, 0.35432419343160004), (4, 0.29650740792251867)]
[(4, 0.66330230288281489), (6, 0.27114433727929044)]
[(4, 0.64415678167960577), (6, 0.30300267765662842)]
[(4, 0.7427336025339083)]
[(4, 0.81910650524626405)]
[(4, 0.48377842047869529), (6, 0.34891258231869227)]
[(1, 0.2094496873490192), (4, 0.3276070064425699), (6, 0.41889649000775475)]
[(4, 0.55184277396181813), (6, 0.42057145099609583)]
[(4, 0.36345904683814778), (6, 0.58153581986128444)]
[(4, 0.59030363007587561)]
[(5, 0.540491281941202)]
[(3, 0.61860393630989108), (4, 0.34723739501208478)]
[(3, 0.57960633285202467), (4, 0.29269418088194143)]
[(6, 0.68107971000836642)]
[(2, 0.36628225798427072), (4, 0.33669540346296822), (6, 0.21960850185938804)]
[(0, 0.26525838719102535), (2, 0.28576046064333605)]
[(0, 0.4555814343011691), (3, 0.21236921561610245)]
[(0, 0.24877363760863097), (4, 0.48449665827167282)]
[(0, 0.24064181563384882), (6, 0.47493830322950642)]
[(2, 0.35008848312642615), (6, 0.3675891178301896)]
[(2, 0.35432381509028782), (4, 0.296500634473362)]
[(4, 0.68590794338366579)]
[(4, 0.64415480564933203), (6, 0.30300513206312568)]
[(4, 0.74272960310414915)]
[(4, 0.81910464112128178)]
[(4, 0.48377833255403219), (6, 0.34890579199163502)]
[(1, 0.2094930624385547), (4, 0.32751656668848206), (6, 0.41894356397701626)]
[(4, 0.55184247704781586), (6, 0.42057165784065481)]
[(4, 0.36353225910868542), (6, 0.58146192171629374)]
[(4, 0.59030279430408872)]
[(5, 0.54048576049770336)]
[(3, 0.61857275420396107), (4, 0.3472657204717054)]
[(3, 0.57959997854206957), (4, 0.29270057718480741)]
[(6, 0.68108253208223346)]
[(2, 0.36627041264150201), (4, 0.33668843002607229), (6, 0.21962696118812092)]
[(0, 0.2652553139728519), (2, 0.28575804928419046)]
[(0, 0.45558490011982117), (3, 0.2123598132211918)]
[(0, 0.24877524302403051), (4, 0.48449936582340702)]
[(0, 0.24064188177217441), (6, 0.47493982887924879)]
[(2, 0.35008414229851698), (6, 0.36758010850322193)]
[(2, 0.3543169176202523), (4, 0.29648203086346858)]
[(4, 0.66331159501446402), (6, 0.27113486749477261)]
[(4, 0.64415619166130045), (6, 0.30300343554346104)]
[(4, 0.74273094550990604)]
[(4, 0.8191118323865737)]
[(4, 0.48377664348604926), (6, 0.34891385899517247)]
[(1, 0.20947609067064349), (4, 0.3275539480922669), (6, 0.41892315043239786)]
[(4, 0.55183861656172661), (6, 0.42057377752451597)]
[(4, 0.36352008344740694), (6, 0.58147455170393236)]
[(4, 0.59030192524335856)]
[(5, 0.54049011327882224)]
[(3, 0.61858695163835486), (4, 0.34725328429060021)]
[(3, 0.57960267570200297), (4, 0.29269306862388894)]
[(6, 0.68108157187336316)]
[(2, 0.36627906235462626), (4, 0.33668899624566001), (6, 0.21961704001319229)]
[(0, 0.26526209301587189), (2, 0.28576566851026575)]
[(0, 0.45557429652729214), (3, 0.2123890650777234)]
[(0, 0.24877562031216316), (4, 0.48449986669770234)]
[(0, 0.24064184729234464), (6, 0.47493994993981192)]
[(2, 0.35009597438942436), (6, 0.36760470957700103)]
[(2, 0.35431314342938408), (4, 0.29648743852926873)]
[(4, 0.66330998124574903), (6, 0.27113658787931194)]
[(4, 0.64416163666897974), (6, 0.30299576322295058)]
[(4, 0.74272806139524339)]
[(4, 0.81910527353654217)]
[(4, 0.48377585445825239), (6, 0.34891809135589463)]
[(1, 0.20943352318813235), (4, 0.32764364128703771), (6, 0.41887601545803799)]
[(4, 0.55184209128467332), (6, 0.42057191622467294)]
[(4, 0.36350768649987614), (6, 0.58148718200698979)]
[(4, 0.59030230592116417)]
[(5, 0.54048450002074977)]
[(3, 0.618570137238456), (4, 0.34726791964649562)]
[(3, 0.57961130486324897), (4, 0.29268864004234935)]
[(6, 0.68107818409648824)]
[(2, 0.36628050040786675), (4, 0.33667740404889224), (6, 0.21962398390581647)]
[(0, 0.26525555018959668), (2, 0.2857594570426466)]
[(0, 0.45559645623551065), (3, 0.21232593022205426)]
[(0, 0.24877564362651552), (4, 0.4845000595785926)]
[(0, 0.24064186771848187), (6, 0.47494003997629375)]
[(2, 0.35010076997353656), (6, 0.36761471302611631)]
[(2, 0.35431562279069051), (4, 0.2964825865713433)]
[(4, 0.66329273548618672), (6, 0.27115438454197172)]
[(4, 0.64416196167929185), (6, 0.30299510250647393)]
[(4, 0.74274054502421827)]
[(4, 0.81910702523134826)]
[(4, 0.48377780399374576), (6, 0.34890871990152794)]
[(1, 0.20950316277075881), (4, 0.32750863585332257), (6, 0.41894139487236215)]
[(4, 0.55183855231042367), (6, 0.42057380495478935)]
[(4, 0.36353545566739676), (6, 0.58145875551890702)]
[(4, 0.59030248720270673)]
[(5, 0.5404910303244127)]
[(3, 0.61860311534362666), (4, 0.34723818623626584)]
[(3, 0.57959877389404568), (4, 0.29270260493492728)]
[(6, 0.68107716099048965)]
[(2, 0.36627243951055694), (4, 0.33668114219645567), (6, 0.2196308356135544)]
[(0, 0.26525828106910992), (2, 0.28576274841921806)]
[(0, 0.45558876424099176), (3, 0.21234965525557056)]
[(0, 0.24877542201676878), (4, 0.48449953727702855)]
[(0, 0.24064155903928697), (6, 0.47493515807235026)]
[(2, 0.35008009927018613), (6, 0.36757171825165058)]
[(2, 0.35431563632145069), (4, 0.29648952694570641)]
[(4, 0.66333181695194776), (6, 0.27111389262907681)]
[(4, 0.64415568478948493), (6, 0.3030040704720201)]
[(4, 0.74272999336185386)]
[(4, 0.8191062411445752)]
[(4, 0.4837776437373878), (6, 0.34890760750035482)]
[(1, 0.20949986017065941), (4, 0.32749941962944717), (6, 0.41895391516239805)]
[(4, 0.55183778401927297), (6, 0.42057411581076265)]
[(4, 0.36351877960871826), (6, 0.58147608553062391)]
[(4, 0.59030484204036737)]
[(5, 0.54049142933080441)]
[(3, 0.61859772933604318), (4, 0.34724332081458936)]
[(3, 0.57960259363797395), (4, 0.29270146984031803)]
[(6, 0.68107813700722364)]
[(2, 0.36627054813944587), (4, 0.33668383233213162), (6, 0.21963069911265515)]
[(0, 0.26526071265990075), (2, 0.28576515293751514)]
[(0, 0.45559253879054479), (3, 0.21233899901088088)]
[(0, 0.24877643951676853), (4, 0.48450130820134857)]
[(0, 0.24064180447943323), (6, 0.4749375334009821)]
[(2, 0.35007476904837109), (6, 0.36756101563608606)]
[(2, 0.35433333833262409), (4, 0.2965127405573863)]
[(4, 0.66331095141420326), (6, 0.27113616043864686)]
[(4, 0.64416161183276377), (6, 0.30299574755525038)]
[(4, 0.74273012766089874)]
[(4, 0.81910488226705935)]
[(4, 0.4837779371795759), (6, 0.34890700920241829)]
[(1, 0.20947349729996859), (4, 0.32755849571362855), (6, 0.4189211957414567)]
[(4, 0.55184233025693552), (6, 0.42057175752341119)]
[(4, 0.36352670949337534), (6, 0.58146815650516492)]
[(4, 0.59029825081407461)]
[(5, 0.5404873360791036)]
[(3, 0.61858652647961343), (4, 0.3472536686397738)]
[(3, 0.57960184983183327), (4, 0.2926910492935999)]
[(6, 0.68108079400487598)]
[(2, 0.36628150175242274), (4, 0.33667591079452108), (6, 0.2196251249365363)]
[(0, 0.26525789219217533), (2, 0.28576300536383098)]
[(0, 0.45559126411181938), (3, 0.21233979788157206)]
[(0, 0.2487758159758667), (4, 0.48450019382056508)]
[(0, 0.24064167482020854), (6, 0.47493812052338485)]
[(2, 0.35007798188154338), (6, 0.36756735413650304)]
[(2, 0.35431289464002935), (4, 0.29649000121221369)]
[(4, 0.66332301333611943), (6, 0.27112339611332709)]
[(4, 0.64415659597893682), (6, 0.30300291801961032)]
[(4, 0.74272763952519827)]
[(4, 0.81910820845972943)]
[(4, 0.483777551238808), (6, 0.34890810922118659)]
[(1, 0.20948416710739243), (4, 0.32753167356660823), (6, 0.41893735098698498)]
[(4, 0.55183414779371809), (6, 0.42057521109820734)]
[(4, 0.36341469152594075), (6, 0.58157896662490061)]
[(4, 0.59029894474757394)]
[(5, 0.54048962134820333)]
[(3, 0.61859209699795115), (4, 0.34724858127698716)]
[(3, 0.57960883632154414), (4, 0.29268726686675717)]
[(6, 0.68107973820297218)]
[(2, 0.36626877032310601), (4, 0.33668453614366428), (6, 0.21963188754820145)]
[(0, 0.26525570071742743), (2, 0.28575988320023948)]
[(0, 0.45559984812611193), (3, 0.21231764675947015)]
[(0, 0.24877370885650499), (4, 0.48449692146333623)]
[(0, 0.24064181347434049), (6, 0.47493986371871166)]
[(2, 0.35010414090932407), (6, 0.36762182690298773)]
[(2, 0.35430964070690063), (4, 0.29647980790781953)]
[(4, 0.66328854130519566), (6, 0.27115882120314938)]
[(4, 0.64415697900629043), (6, 0.30300242298176139)]
[(4, 0.74273435857002335)]
[(4, 0.81910854979794134)]
[(4, 0.48377587562040081), (6, 0.34891826495545336)]
[(1, 0.20949279203581844), (4, 0.32755522541744447), (6, 0.41890517034076569)]
[(4, 0.55184215601967701), (6, 0.42057187366814097)]
[(4, 0.36353672030917744), (6, 0.58145789312562091)]
[(4, 0.59029985887885361)]
[(5, 0.54049223326728779)]
[(5, 0.57142834836160628)]
