[(2, 0.57142854912866392)]
[(3, 0.64086709414045606), (4, 0.33441573171811434)]
[(3, 0.61052037977714957), (4, 0.3720261054600571)]
[(6, 0.43924026760133128)]
[(4, 0.30842825355914638), (6, 0.64947648326910323)]
[(6, 0.76544787183379948)]
[(6, 0.79379734139233815)]
[(2, 0.28345546691025153), (4, 0.25978259308243168)]
[(2, 0.55513211167804521)]
[(2, 0.40347206228281063)]
[(0, 0.43066073145800243), (4, 0.29726406112261722), (6, 0.25161254561614971)]
[(0, 0.30492451655713027), (3, 0.30221686366817202)]
[(0, 0.41769376053518059), (6, 0.54457152897095251)]
[(0, 0.3660261941184379), (3, 0.25014965370934)]
[(0, 0.38493451736724155), (4, 0.40467828589140126)]
[(4, 0.51462889874130302), (6, 0.3586373825276431)]
[(1, 0.29892925537118231), (4, 0.32530012223880911), (6, 0.23693535696574602)]
[(0, 0.20602804623574145), (6, 0.43674663269112673)]
[(6, 0.54888601507984391)]
[(2, 0.23512433864829535), (4, 0.26710079824891242), (6, 0.2510394763942369)]
[(4, 0.64759395789536134), (6, 0.27330010706476898)]
[(3, 0.64085409077007272), (4, 0.33442557873073758)]
[(3, 0.61051137623434626), (4, 0.37203386961259755)]
[(6, 0.43922594836325052)]
[(4, 0.30843654926447256), (6, 0.64946819462023175)]
[(6, 0.76544486915038845)]
[(6, 0.79379456463470943)]
[(2, 0.28359667015553081), (4, 0.259710067900212)]
[(2, 0.55513178454929757)]
[(2, 0.40348683269830471)]
[(0, 0.43066337465283983), (4, 0.29726826775809967), (6, 0.25160631136295714)]
[(0, 0.30502105787401612), (3, 0.30255810075143885)]
[(0, 0.41772113135096195), (6, 0.54454276839209026)]
[(0, 0.36604514713754316), (3, 0.25014879631604331)]
[(0, 0.38493008149316577), (4, 0.40468236623977433)]
[(4, 0.51463083102475315), (6, 0.35863836912167885)]
[(1, 0.29892241591881918), (4, 0.32530347967230233), (6, 0.23693861945140726)]
[(0, 0.20602782295088526), (6, 0.436745192769663)]
[(6, 0.5488796773920358)]
[(2, 0.23514882970502995), (4, 0.26714362191069058), (6, 0.25105284312588688)]
[(4, 0.64759950203462258), (6, 0.27330146124301435)]
[(3, 0.6408652036379211), (4, 0.33441731491277504)]
[(3, 0.610453057213592), (4, 0.3720916220256163)]
[(6, 0.43924850075987287)]
[(4, 0.3084357471611624), (6, 0.64946899546644754)]
[(6, 0.76544639828094208)]
[(6, 0.79379578706824827)]
[(2, 0.28347489733425907), (4, 0.2597724034438913)]
[(2, 0.55514265532548424)]
[(2, 0.40347174665622559)]
[(0, 0.4306639563810179), (4, 0.29726935746319283), (6, 0.25160473084165813)]
[(0, 0.3049726078263138), (3, 0.30238192784747192)]
[(0, 0.41770512289248313), (6, 0.54455974624071701)]
[(0, 0.36603361012648011), (3, 0.25014746495082185)]
[(0, 0.38493433811130118), (4, 0.40467844780424378)]
[(4, 0.51462746255139447), (6, 0.35863667204278971)]
[(1, 0.29893827442037774), (4, 0.3252957922796661), (6, 0.23693095319719365)]
[(0, 0.2060282875412428), (6, 0.43674738968468263)]
[(6, 0.54888265611294107)]
[(2, 0.23515453011680398), (4, 0.2671535799946036), (6, 0.25105594771922329)]
[(4, 0.64761342099551966), (6, 0.27330500970194405)]
[(3, 0.640870344444055), (4, 0.33441258930674417)]
[(3, 0.61051187220068848), (4, 0.37203461317407749)]
[(6, 0.43921247746831571)]
[(4, 0.30843728227158923), (6, 0.64946746055220506)]
[(6, 0.7654533738438245)]
[(6, 0.79379954023337695)]
[(2, 0.28360956511437424), (4, 0.25968824302162924)]
[(2, 0.55515240260787668)]
[(2, 0.40347693079553254)]
[(0, 0.43065572801321439), (4, 0.29725779897163213), (6, 0.25162181788529586)]
[(0, 0.30494353863960022), (3, 0.30228318768716245)]
[(0, 0.417714147767624), (6, 0.54455023599918639)]
[(0, 0.36602538579735144), (3, 0.25014604747301095)]
[(0, 0.38494029410223862), (4, 0.40467290499980024)]
[(4, 0.51462518971599969), (6, 0.35863559271448109)]
[(1, 0.29887994100102588), (4, 0.32532415646129642), (6, 0.2369590610290345)]
[(0, 0.20602848039806135), (6, 0.4367474724566946)]
[(6, 0.54887774271779255)]
[(2, 0.23514136293689708), (4, 0.26713057284183711), (6, 0.25104877277646542)]
[(4, 0.6475950181076503), (6, 0.27330078840560651)]
[(3, 0.64085957786358405), (4, 0.3344217974119203)]
[(3, 0.61048465725739365), (4, 0.37206172294011169)]
[(6, 0.43921468843283612)]
[(4, 0.30843172136000935), (6, 0.64947301772712962)]
[(6, 0.76544341772330748)]
[(6, 0.79381691672105648)]
[(2, 0.28361478079917407), (4, 0.25969580343086013)]
[(2, 0.5551356160005646)]
[(2, 0.40347230806995821)]
[(0, 0.43066351305973516), (4, 0.29726852144240923), (6, 0.25160594243671114)]
[(0, 0.30493465957582017), (3, 0.30224165832181366)]
[(0, 0.41771978434131846), (6, 0.54454424294342496)]
[(0, 0.3660515346400271), (3, 0.25014971248946738)]
[(0, 0.38493034718409819), (4, 0.40468212259575048)]
[(4, 0.514625907892579), (6, 0.35863592739843247)]
[(1, 0.29892098156547003), (4, 0.32530431459230347), (6, 0.23693916737426401)]
[(0, 0.20602771635823633), (6, 0.43674499870833744)]
[(6, 0.5488843056572843)]
[(2, 0.23513504562016863), (4, 0.26711952785530946), (6, 0.25104532569701149)]
[(4, 0.647601840771311), (6, 0.27330294971885716)]
[(3, 0.64086416411796521), (4, 0.33441842576354797)]
[(3, 0.61051207959907949), (4, 0.37203440577849156)]
[(6, 0.43923606201349069)]
[(4, 0.3084388859515636), (6, 0.64946585607357443)]
[(6, 0.76545360119637473)]
[(6, 0.79380262811228008)]
[(2, 0.28361684066558257), (4, 0.25968682934008824)]
[(2, 0.55513517701381665)]
[(2, 0.40347857011771215)]
[(0, 0.43065971780884205), (4, 0.29726266011768931), (6, 0.25161464039406867)]
[(0, 0.30502261072299652), (3, 0.30260239146865109)]
[(0, 0.41771146419489458), (6, 0.54455307143918463)]
[(0, 0.36602555323879732), (3, 0.25014720823649217)]
[(0, 0.38493051115715093), (4, 0.4046819719487339)]
[(4, 0.51462383166099768), (6, 0.35863498189134768)]
[(1, 0.29892314287070698), (4, 0.32530324801108629), (6, 0.23693814224050333)]
[(0, 0.20602821274467426), (6, 0.43674508859020239)]
[(6, 0.54888519457543861)]
[(2, 0.23513970759442168), (4, 0.26712767911465901), (6, 0.2510478698247765)]
[(4, 0.64760705878766389), (6, 0.27330651873003997)]
[(3, 0.64086899323458324), (4, 0.33441392904035028)]
[(3, 0.61047739526336897), (4, 0.37206902224664939)]
[(6, 0.43924526182814827)]
[(4, 0.30843621362814899), (6, 0.64946852837958968)]
[(6, 0.76545245605363743)]
[(6, 0.79381360192413997)]
[(2, 0.28361974709531168), (4, 0.25968495368036482)]
[(2, 0.55513428181003555)]
[(2, 0.40347624914939262)]
[(0, 0.43065951717374373), (4, 0.29726239265382731), (6, 0.25161503989862799)]
[(0, 0.30495881754662474), (3, 0.30230805598582944)]
[(0, 0.41771598601868698), (6, 0.54454829388250903)]
[(0, 0.36601108655093229), (3, 0.25014464575151946)]
[(0, 0.38493151133938902), (4, 0.40468105316331493)]
[(4, 0.51462379220282295), (6, 0.35863496370250675)]
[(1, 0.29893413093986504), (4, 0.3252977852213278), (6, 0.23693297249960901)]
[(0, 0.20602820277600789), (6, 0.43674670789660203)]
[(6, 0.54887574761918079)]
[(2, 0.2351483065892018), (4, 0.26714270790015282), (6, 0.25105255809915028)]
[(4, 0.64758764980590788), (6, 0.27329567231404939)]
[(3, 0.64087043166377422), (4, 0.33441254701574008)]
[(3, 0.61052245779668124), (4, 0.37202402747078583)]
[(6, 0.43924644993721784)]
[(4, 0.30843175987527638), (6, 0.64947297594305087)]
[(6, 0.76544657269068495)]
[(6, 0.7937869422189785)]
[(2, 0.28346446328306985), (4, 0.25977336472714857)]
[(2, 0.55515201349933063)]
[(2, 0.40347536342393286)]
[(0, 0.43066275108663221), (4, 0.29726718245743189), (6, 0.25160790454640586)]
[(0, 0.30493481467758771), (3, 0.30225694934095887)]
[(0, 0.41772684510431235), (6, 0.544536616721495)]
[(0, 0.36604947859781595), (3, 0.25014989076632854)]
[(0, 0.38492630022190882), (4, 0.40468582151373095)]
[(4, 0.51462539933325191), (6, 0.35863569002507373)]
[(1, 0.29890701264714997), (4, 0.32531113053640953), (6, 0.23694587365640582)]
[(0, 0.20602748046240221), (6, 0.43674507225404552)]
[(6, 0.54888261255137993)]
[(2, 0.23516917912912963), (4, 0.26717915431187961), (6, 0.25106391460495409)]
[(4, 0.64759925692283449), (6, 0.27330242665198229)]
[(3, 0.64087055457232556), (4, 0.3344124065214219)]
[(3, 0.61052775728679087), (4, 0.37201872794957652)]
[(6, 0.43922238353615778)]
[(4, 0.30843597272419299), (6, 0.64946876900144357)]
[(6, 0.7654509489786101)]
[(6, 0.79377315830278217)]
[(2, 0.28345914034536668), (4, 0.25977617765892452)]
[(2, 0.55514531820052948)]
[(2, 0.40347257986862833)]
[(0, 0.43065553452400934), (4, 0.29725758293255411), (6, 0.25162213048380783)]
[(0, 0.30501274764518427), (3, 0.30256108796716707)]
[(0, 0.41769320584518976), (6, 0.54457209670319739)]
[(0, 0.36602385201797705), (3, 0.25014643225223521)]
[(0, 0.38492972928031133), (4, 0.40468268951328579)]
[(4, 0.51463184247664495), (6, 0.35863889374820462)]
[(1, 0.29893408402235488), (4, 0.3252978524399659), (6, 0.23693294883790664)]
[(0, 0.20602808162977823), (6, 0.43674629567342721)]
[(6, 0.5488806484424712)]
[(2, 0.23512860143847933), (4, 0.26710825659983056), (6, 0.25104180624355404)]
[(4, 0.64759614994700798), (6, 0.27330089179590811)]
[(3, 0.64087057213656951), (4, 0.33441237538706686)]
[(3, 0.6104870735227087), (4, 0.37205825881084381)]
[(6, 0.43925000437941902)]
[(4, 0.308436769051179), (6, 0.64946797454170635)]
[(6, 0.76545489192523897)]
[(6, 0.79378429560890063)]
[(2, 0.283609598116909), (4, 0.25968868555002539)]
[(2, 0.5551436640710441)]
[(2, 0.40347764886445719)]
[(0, 0.43066177714686293), (4, 0.29726561300723092), (6, 0.25161023028381807)]
[(0, 0.30501011004310463), (3, 0.30248619160511969)]
[(0, 0.41771701588214077), (6, 0.54454719712978195)]
[(0, 0.36605358596833493), (3, 0.25015039763134062)]
[(0, 0.38493918256801651), (4, 0.40467395036186404)]
[(4, 0.5146268493743944), (6, 0.3586363750456032)]
[(1, 0.2989325149103953), (4, 0.32529851467186321), (6, 0.23693380990001217)]
[(0, 0.20602820164958346), (6, 0.43674344889116906)]
[(6, 0.54888066082499665)]
[(2, 0.23512780397170077), (4, 0.26710686146965545), (6, 0.25104137049014985)]
[(4, 0.64760327553691477), (6, 0.27330344618658148)]
[(3, 0.64086951312490903), (4, 0.33441340581239404)]
[(3, 0.61052064158895025), (4, 0.37202584285612261)]
[(6, 0.43921132357574083)]
[(4, 0.30843667650523626), (6, 0.64946806740853469)]
[(6, 0.76545359812987679)]
[(6, 0.79379075616432448)]
[(2, 0.2835174603556746), (4, 0.25976827752144854)]
[(2, 0.55511646284792371)]
[(2, 0.40347601094262892)]
[(0, 0.43066413916346452), (4, 0.29726971643299499), (6, 0.25160421419038681)]
[(0, 0.30501143969967104), (3, 0.30255494338208805)]
[(0, 0.41770913372026791), (6, 0.54455554307277232)]
[(0, 0.36605338773579327), (3, 0.25014965495952207)]
[(0, 0.38493644033558272), (4, 0.40467650349929718)]
[(4, 0.51463289378455368), (6, 0.35863944807785797)]
[(1, 0.29888242790682346), (4, 0.32532266910639779), (6, 0.23695815282909383)]
[(0, 0.20602786712623425), (6, 0.43674637283975215)]
[(6, 0.54888457844983851)]
[(2, 0.23513983516406781), (4, 0.26712790213149862), (6, 0.25104793941857201)]
[(4, 0.64759168023322777), (6, 0.27329822204983112)]
[(3, 0.64086445563383521), (4, 0.33441795449535233)]
[(3, 0.61054053278755527), (4, 0.37200594952895938)]
[(6, 0.43924645652963845)]
[(4, 0.30843691278663099), (6, 0.64946783072363534)]
[(6, 0.76545543003338856)]
[(6, 0.7938181799599946)]
[(2, 0.28362951107442402), (4, 0.25967840991949059)]
[(2, 0.55513911956349971)]
[(2, 0.40348576583273693)]
[(0, 0.43066419738493966), (4, 0.29726983289408238), (6, 0.25160404715761342)]
[(0, 0.30501186621577508), (3, 0.30255557827705021)]
[(0, 0.41771675196485569), (6, 0.54454747997663444)]
[(0, 0.36604027291932884), (3, 0.25015066981862116)]
[(0, 0.38493125376973947), (4, 0.40468129184495955)]
[(4, 0.51462476040515948), (6, 0.35863539722208571)]
[(1, 0.29892836603212702), (4, 0.32530077739884933), (6, 0.23693555343597938)]
[(0, 0.20602771651439825), (6, 0.43674363567774355)]
[(6, 0.54887831418557775)]
[(2, 0.23513813445776385), (4, 0.26712492881717798), (6, 0.2510470115202299)]
[(4, 0.64759343406055547), (6, 0.27329925112493358)]
[(3, 0.64085948263376846), (4, 0.33442203332947201)]
[(3, 0.61055157288094775), (4, 0.3719949097560809)]
[(6, 0.43921841163493575)]
[(4, 0.30844106678570365), (6, 0.64946368066155635)]
[(6, 0.76545477406128637)]
[(6, 0.79377424245199912)]
[(2, 0.28361721244551319), (4, 0.25968474068003855)]
[(2, 0.55513814461309796)]
[(2, 0.40348117056290689)]
[(0, 0.43065730644019512), (4, 0.29725961958485897), (6, 0.25161915667857482)]
[(0, 0.30492192811941982), (3, 0.30224811514085642)]
[(0, 0.41771499664528), (6, 0.54454932422649027)]
[(0, 0.36599336485236417), (3, 0.25014990711271518)]
[(0, 0.38492958527701704), (4, 0.40468282285693147)]
[(4, 0.51462627615538059), (6, 0.35863610168197713)]
[(1, 0.29892792728687317), (4, 0.32530049104163777), (6, 0.23693628555299243)]
[(0, 0.20602787920085874), (6, 0.4367464775706556)]
[(6, 0.54887635623070608)]
[(2, 0.23513613662119065), (4, 0.26712143563453161), (6, 0.2510459212260856)]
[(4, 0.64759310508082979), (6, 0.27329906363153883)]
[(3, 0.64086476258757274), (4, 0.33441767696206776)]
[(3, 0.61051749573360614), (4, 0.37202884831695821)]
[(6, 0.43924199981198703)]
[(4, 0.30844171099723328), (6, 0.64946303611309697)]
[(6, 0.76545479738463928)]
[(6, 0.79380306885339813)]
[(2, 0.28361443356133725), (4, 0.25968608269798937)]
[(2, 0.55514572493306813)]
[(2, 0.40347273529824473)]
[(0, 0.43065718648581391), (4, 0.29725947651239609), (6, 0.25161936697356208)]
[(0, 0.30498482415694), (3, 0.30242284295046573)]
[(0, 0.4177226302877679), (6, 0.54454120104032588)]
[(0, 0.3660404493228972), (3, 0.25014805000959589)]
[(0, 0.38493829185008088), (4, 0.40467477702491)]
[(4, 0.51462718435079113), (6, 0.35863653659559724)]
[(1, 0.29891067432918111), (4, 0.32530913653927468), (6, 0.23694433181456531)]
[(0, 0.20602792189713762), (6, 0.43674399469209657)]
[(6, 0.54888420363966317)]
[(2, 0.23516111518820829), (4, 0.26716507911651233), (6, 0.2510595310390541)]
[(4, 0.64760866294910102), (6, 0.27330571887323463)]
[(3, 0.64085280466895012), (4, 0.33442720776137996)]
[(3, 0.61053340781154941), (4, 0.37201307693743474)]
[(6, 0.43921666623477207)]
[(4, 0.30843436014443454), (6, 0.6494703813297048)]
[(6, 0.76544548654992306)]
[(6, 0.79379292737243823)]
[(2, 0.28359443171405446), (4, 0.25972271818991743)]
[(2, 0.55514119142249896)]
[(2, 0.40347295300364394)]
[(0, 0.43066016510582922), (4, 0.29726326516144602), (6, 0.25161373464174003)]
[(0, 0.30501716825075559), (3, 0.30257611803472401)]
[(0, 0.41772892565479897), (6, 0.54453430280004211)]
[(0, 0.36604836598669693), (3, 0.25014999189793408)]
[(0, 0.38493016280184067), (4, 0.40468229271910344)]
[(4, 0.51462557820277832), (6, 0.35863577293143956)]
[(1, 0.29892848911116782), (4, 0.32530047101833343), (6, 0.23693575100752448)]
[(0, 0.20602813637447054), (6, 0.43674538382584582)]
[(6, 0.54887542559175417)]
[(2, 0.23513759497421888), (4, 0.26712398558222322), (6, 0.25104671713399296)]
[(4, 0.64758872489381603), (6, 0.27329655365174055)]
[(3, 0.64084964099360486), (4, 0.33442999645576038)]
[(3, 0.61052995223747641), (4, 0.3720165329507622)]
[(6, 0.43920069446137444)]
[(4, 0.30843564092881209), (6, 0.64946909698750455)]
[(6, 0.76545464556027598)]
[(6, 0.79378308614626381)]
[(2, 0.28363137328927535), (4, 0.25967639647190127)]
[(2, 0.55514613941823177)]
[(2, 0.4034857342136654)]
[(0, 0.43065883786870168), (4, 0.29726150889877961), (6, 0.2516163580490906)]
[(0, 0.30502522742180338), (3, 0.30259947010894422)]
[(0, 0.41772290666112943), (6, 0.54454087359425274)]
[(0, 0.36600590610472361), (3, 0.25014314378177083)]
[(0, 0.38493821629798486), (4, 0.40467484823381422)]
[(4, 0.51463251350643735), (6, 0.35863924852373213)]
[(1, 0.29892488425989699), (4, 0.32530234780923045), (6, 0.23693735884682982)]
[(0, 0.20602853995978263), (6, 0.43674500801994137)]
[(6, 0.54888350504598915)]
[(2, 0.23513697646256804), (4, 0.2671229041353938), (6, 0.25104637959616283)]
[(4, 0.64758850067501939), (6, 0.27329631964416451)]
[(3, 0.64086772069168929), (4, 0.33441516203886695)]
[(3, 0.61053227321471382), (4, 0.3720142118648278)]
[(6, 0.43924426760338864)]
[(4, 0.30843867608426379), (6, 0.6494660704524966)]
[(6, 0.76545609134654224)]
[(6, 0.79380732743721638)]
[(2, 0.28363372908316775), (4, 0.25967918395663869)]
[(2, 0.55514203288391406)]
[(2, 0.40347348564804858)]
[(0, 0.43066031162273766), (4, 0.29726347032339345), (6, 0.25161342921802676)]
[(0, 0.30500880654088636), (3, 0.30255045964860983)]
[(0, 0.417729256136875), (6, 0.54453397061719755)]
[(0, 0.36601946858615858), (3, 0.25014547245227209)]
[(0, 0.38492689155413323), (4, 0.40468528065482773)]
[(4, 0.51462707305306865), (6, 0.35863648388815483)]
[(1, 0.29892570774276067), (4, 0.32530178896071821), (6, 0.23693712715830528)]
[(0, 0.20602804782876907), (6, 0.43674457145218309)]
[(6, 0.5488751190831811)]
[(2, 0.23514504914913825), (4, 0.26713701569314119), (6, 0.25105078276876047)]
[(4, 0.647611778481894), (6, 0.27330689375738271)]
[(3, 0.64085380793994406), (4, 0.33442664965462848)]
[(3, 0.61054521229910597), (4, 0.37200117132989718)]
[(6, 0.439210911032129)]
[(4, 0.30843800616302586), (6, 0.64946673680635769)]
[(6, 0.76545216670138749)]
[(6, 0.79381970677490321)]
[(2, 0.28361454257269797), (4, 0.25968880022076168)]
[(2, 0.55514198404325443)]
[(2, 0.4034768078511547)]
[(0, 0.43065679339799373), (4, 0.29725901743381283), (6, 0.25162004265647381)]
[(0, 0.30501718906526826), (3, 0.30257657880615479)]
[(0, 0.41769404025772983), (6, 0.544571239916947)]
[(0, 0.36600248379776101), (3, 0.25014269070473183)]
[(0, 0.38493565913067795), (4, 0.40467722396779471)]
[(4, 0.51462563984075527), (6, 0.35863580171139348)]
[(1, 0.29893826701837167), (4, 0.32529585555975837), (6, 0.23693089460042799)]
[(0, 0.20602775348902891), (6, 0.43674544915324864)]
[(6, 0.54888078893603487)]
[(2, 0.23513642295719139), (4, 0.26712193631465647), (6, 0.25104607750910957)]
[(4, 0.64759111451171847), (6, 0.27329698525181134)]
[(3, 0.64087190846762832), (4, 0.33441105970633078)]
[(3, 0.61049082230084928), (4, 0.37205459673262936)]
[(6, 0.43921626039422806)]
[(4, 0.30844281885435076), (6, 0.64946192960648563)]
[(6, 0.76545887741499974)]
[(6, 0.79378174869158546)]
[(2, 0.28347057049928603), (4, 0.25977704591304002)]
[(2, 0.55512115427336162)]
[(2, 0.4034853661985297)]
[(0, 0.43065893431771973), (4, 0.2972616319521354), (6, 0.2516161744788446)]
[(0, 0.30492941307603133), (3, 0.30221233860828101)]
[(0, 0.41772572635587463), (6, 0.54453780862236889)]
[(0, 0.36604841268331012), (3, 0.25015016692661712)]
[(0, 0.38493058928072643), (4, 0.4046818976860842)]
[(4, 0.51462730899955833), (6, 0.35863659820790578)]
[(1, 0.2989284267721426), (4, 0.3253004877443193), (6, 0.23693579520015698)]
[(0, 0.20602767012605594), (6, 0.43674581504501148)]
[(6, 0.54887672858080583)]
[(2, 0.23514894374803058), (4, 0.26714382116760405), (6, 0.25105290526098584)]
[(4, 0.64759868025759482), (6, 0.27330121266552798)]
[(3, 0.64086282165829977), (4, 0.33441852513651255)]
[(3, 0.61052124701728006), (4, 0.37202523827158912)]
[(6, 0.43924969593031354)]
[(4, 0.30843951734915592), (6, 0.64946522756366254)]
[(6, 0.76545204967194791)]
[(6, 0.79380935388603102)]
[(2, 0.283629609718416), (4, 0.2596774644441317)]
[(2, 0.55514718904663496)]
[(2, 0.40347249367006338)]
[(0, 0.43066268066087632), (4, 0.29726706457465046), (6, 0.25160807862387879)]
[(0, 0.30501496021815588), (3, 0.30256911847095286)]
[(0, 0.41771975715530602), (6, 0.54454425474038048)]
[(0, 0.36601527183111054), (3, 0.25014424832086241)]
[(0, 0.38493798234610838), (4, 0.40467506698089006)]
[(4, 0.51462647303888998), (6, 0.35863619625703697)]
[(1, 0.29889723545911023), (4, 0.32531583832262362), (6, 0.23695063287807372)]
[(0, 0.20602821000656826), (6, 0.43674605551694745)]
[(6, 0.54887752027265924)]
[(2, 0.23515376014956552), (4, 0.26715223513972314), (6, 0.25105552851965668)]
[(4, 0.64759312289326054), (6, 0.2732981669369175)]
[(3, 0.64085736652346381), (4, 0.33442385177984696)]
[(3, 0.61052529768735042), (4, 0.37202118615840224)]
[(6, 0.43921718263094528)]
[(4, 0.30843329421515742), (6, 0.6494714416119084)]
[(6, 0.76544264920451832)]
[(6, 0.79378147741884109)]
[(2, 0.28360855454106987), (4, 0.25971194166810502)]
[(2, 0.55513663887899767)]
[(2, 0.40348415415163796)]
[(0, 0.43066377739591122), (4, 0.29726901417288554), (6, 0.25160522693047965)]
[(0, 0.30500018115303684), (3, 0.30253178754887022)]
[(0, 0.41771527953947846), (6, 0.54454904940144255)]
[(0, 0.3660120175417913), (3, 0.25014691080104312)]
[(0, 0.38493995966432798), (4, 0.4046732199202393)]
[(4, 0.51462374414220291), (6, 0.35863494275226343)]
[(1, 0.29893048984779874), (4, 0.32529963425873715), (6, 0.23693464511965689)]
[(0, 0.20602819287483184), (6, 0.43674504691896993)]
[(6, 0.54888225478844699)]
[(2, 0.23513423823250842), (4, 0.26711811593349682), (6, 0.25104488492119748)]
[(4, 0.64759769466326111), (6, 0.27330170592589353)]
[(3, 0.64086300315617473), (4, 0.33441930444855028)]
[(3, 0.61053308866339573), (4, 0.37201339646528958)]
[(6, 0.43921484374255088)]
[(4, 0.30844069420806586), (6, 0.64946405232044102)]
[(6, 0.76545382911361459)]
[(6, 0.79378905669575583)]
[(2, 0.28361367604349796), (4, 0.25968719369584181)]
[(2, 0.55512715499653975)]
[(2, 0.40347391854063203)]
[(0, 0.43066393649304169), (4, 0.29726931823184827), (6, 0.25160478711877704)]
[(0, 0.30503081359328726), (3, 0.30262214179474523)]
[(0, 0.41769552020969458), (6, 0.54456971092586171)]
[(0, 0.36604531535811563), (3, 0.25014986966766667)]
[(0, 0.3849261300639093), (4, 0.40468597849530691)]
[(4, 0.51463270863330957), (6, 0.35863934943908693)]
[(1, 0.29893711429329073), (4, 0.32529611700744665), (6, 0.23693176165315585)]
[(0, 0.20602823795485328), (6, 0.43674868298313635)]
[(6, 0.54887618451978215)]
[(2, 0.23512992275721295), (4, 0.26711056803203742), (6, 0.25104252813380901)]
[(4, 0.6476062292694611), (6, 0.27330667709031664)]
[(3, 0.64087114512351862), (4, 0.33441184024860854)]
[(3, 0.61054607900558111), (4, 0.37200036950697796)]
[(6, 0.43923186369277917)]
[(4, 0.30843348850514324), (6, 0.64947125074344281)]
[(6, 0.76544674662481071)]
[(6, 0.79378029438022246)]
[(2, 0.28363015562396315), (4, 0.25967871463236708)]
[(2, 0.55509687069049629)]
[(2, 0.40347948766907171)]
[(0, 0.43066411482025935), (4, 0.29726966835190632), (6, 0.25160428337112201)]
[(0, 0.30507668681561523), (3, 0.30238145527984822)]
[(0, 0.41770856276313317), (6, 0.54455616166894261)]
[(0, 0.36604370844316469), (3, 0.25014940531776264)]
[(0, 0.38493116791349019), (4, 0.40468136915331049)]
[(4, 0.51462540401717993), (6, 0.35863569209840901)]
[(1, 0.29893894019456774), (4, 0.32529537868510439), (6, 0.23693072601498366)]
[(0, 0.20602756813478501), (6, 0.43674566198797754)]
[(6, 0.54888186498397451)]
[(2, 0.23512296177179806), (4, 0.26709838878798087), (6, 0.25103872355735873)]
[(4, 0.64759877712362723), (6, 0.27330226432480448)]
[(3, 0.6408652816244047), (4, 0.3344172661810314)]
[(3, 0.61042099700639296), (4, 0.37212547112307798)]
[(6, 0.43923876694549968)]
[(4, 0.30844112855030675), (6, 0.64946361689895493)]
[(6, 0.76544380227926412)]
[(6, 0.79380812885056873)]
[(2, 0.2836340355612823), (4, 0.25968855206353686)]
[(2, 0.55512697811531819)]
[(2, 0.40347408949673463)]
[(0, 0.43066283473640576), (4, 0.29726732391561378), (6, 0.25160769604269467)]
[(0, 0.30498639370854669), (3, 0.3024110847901233)]
[(0, 0.41771669750733903), (6, 0.54454755517950515)]
[(0, 0.36605549951281069), (3, 0.25015075061809944)]
[(0, 0.38492398824817603), (4, 0.40468792576291135)]
[(4, 0.51462648416322399), (6, 0.35863619996681312)]
[(1, 0.29888085687283866), (4, 0.32532379458462929), (6, 0.23695853279812143)]
[(0, 0.20602795442290114), (6, 0.43674459815590522)]
[(6, 0.54888254845367368)]
[(2, 0.23514542811486788), (4, 0.26713767797514504), (6, 0.25105098934970954)]
[(4, 0.64759343181475615), (6, 0.27329974345097374)]
[(3, 0.64086554580858945), (4, 0.33441703648919613)]
[(3, 0.61054895215621363), (4, 0.37199752970601302)]
[(6, 0.43921042138649957)]
[(4, 0.30843318383469415), (6, 0.64947155167811665)]
[(6, 0.76545543865246957)]
[(6, 0.79378718003240023)]
[(2, 0.28362388750986878), (4, 0.25968879105845794)]
[(2, 0.55515220433411305)]
[(2, 0.40348345089045201)]
[(0, 0.43066170955844552), (4, 0.29726550895917431), (6, 0.25161038517947149)]
[(0, 0.30493955619988555), (3, 0.30225986890822731)]
[(0, 0.41770352394852689), (6, 0.54456141902244037)]
[(0, 0.366018250559561), (3, 0.25014502218822815)]
[(0, 0.38493596063017349), (4, 0.40467694714202401)]
[(4, 0.51462380265715701), (6, 0.35863496835912889)]
[(1, 0.29893838460742767), (4, 0.3252958228442232), (6, 0.23693081244240238)]
[(0, 0.20602812885694077), (6, 0.43674708632861414)]
[(6, 0.54887629902421176)]
[(2, 0.23514076427522626), (4, 0.26712952634735632), (6, 0.25104844624432443)]
[(4, 0.64761093267305203), (6, 0.2733079980319385)]
[(3, 0.64086584265470781), (4, 0.33441667493013333)]
[(3, 0.61051536414150731), (4, 0.3720311211706448)]
[(6, 0.43924491900418811)]
[(4, 0.30843593560513211), (6, 0.64946880578650379)]
[(6, 0.76544825839312081)]
[(6, 0.79381702842463842)]
[(2, 0.28346102262886608), (4, 0.25979867676803187)]
[(2, 0.55515273902239015)]
[(2, 0.40348677934653948)]
[(0, 0.43066389916181669), (4, 0.29726924632130025), (6, 0.25160489099530287)]
[(0, 0.30494613542123061), (3, 0.30227168325447656)]
[(0, 0.41769297479692497), (6, 0.54457233348525391)]
[(0, 0.36604491163833641), (3, 0.25014834814643155)]
[(0, 0.38493793428539247), (4, 0.40467510866738021)]
[(4, 0.51462634651548833), (6, 0.35863613466826788)]
[(1, 0.29890938200152728), (4, 0.3253098450186222), (6, 0.23694487105192244)]
[(0, 0.20602786033177445), (6, 0.43674515498448685)]
[(6, 0.54887657251360855)]
[(2, 0.23515031935447872), (4, 0.26714622452804343), (6, 0.25105365466714041)]
[(4, 0.64758805358019389), (6, 0.27329602775347211)]
[(3, 0.64085479082888697), (4, 0.33442598095409781)]
[(3, 0.61040860574280353), (4, 0.37213786468829135)]
[(6, 0.43924329661779349)]
[(4, 0.30843441710368952), (6, 0.64947032511612846)]
[(6, 0.76545295112566547)]
[(6, 0.79377575005906775)]
[(2, 0.28350240534208287), (4, 0.25976804757167099)]
[(2, 0.55514186958009415)]
[(2, 0.40347236527062458)]
[(0, 0.43066420930827015), (4, 0.29726985653821486), (6, 0.25160401313139369)]
[(0, 0.30498457477710161), (3, 0.30244871304730903)]
[(0, 0.41772107781305695), (6, 0.5445428320884943)]
[(0, 0.36600672435061349), (3, 0.25014443762017008)]
[(0, 0.38492556019233215), (4, 0.40468649438693871)]
[(4, 0.51462371490906456), (6, 0.35863493029205484)]
[(1, 0.29893491478575557), (4, 0.32529719782734529), (6, 0.23693280971828326)]
[(0, 0.20602804242411732), (6, 0.43674641887621368)]
[(6, 0.54887866578944267)]
[(2, 0.2351473119534333), (4, 0.26714096994785325), (6, 0.25105201610077971)]
[(4, 0.64758914867064477), (6, 0.27329633360870975)]
[(3, 0.64085865714944856), (4, 0.33442290188289858)]
[(3, 0.61052991918649591), (4, 0.37201654014176755)]
[(6, 0.43924366033948975)]
[(4, 0.30843208430174812), (6, 0.64947265540456534)]
[(6, 0.7654549158620112)]
[(6, 0.7938100961036747)]
[(2, 0.28361983164163257), (4, 0.25968425573506815)]
[(2, 0.5551350570720549)]
[(2, 0.40348575472895137)]
[(0, 0.43066165812780494), (4, 0.29726543041995568), (6, 0.25161050227775345)]
[(0, 0.30500286213496325), (3, 0.3024389928123819)]
[(0, 0.41771691224144974), (6, 0.5445473074168844)]
[(0, 0.36605739519797226), (3, 0.25015003149114473)]
[(0, 0.38493526113596305), (4, 0.40467759480146953)]
[(4, 0.51463111316069021), (6, 0.35863851252221468)]
[(1, 0.29893709828199105), (4, 0.32529644665041602), (6, 0.23693143399592784)]
[(0, 0.20602801417841227), (6, 0.43674804917896259)]
[(6, 0.5488797572510119)]
[(2, 0.23513635200227778), (4, 0.26712181224545983), (6, 0.25104603878229564)]
[(4, 0.64760946010564879), (6, 0.27330733231240173)]
[(3, 0.64087086048671915), (4, 0.3344121141355641)]
[(3, 0.61050992787600111), (4, 0.37203655753356341)]
[(6, 0.43922592149873491)]
[(4, 0.30844152999639862), (6, 0.64946321745993907)]
[(6, 0.76545363853545101)]
[(6, 0.79379217030740779)]
[(2, 0.28363408803123219), (4, 0.25967905198575381)]
[(2, 0.55514025800544475)]
[(2, 0.4034722020949843)]
[(0, 0.4306546456465204), (4, 0.29725660745174415), (6, 0.25162353196713355)]
[(0, 0.30502313883220378), (3, 0.30259103189399805)]
[(0, 0.41771607250548937), (6, 0.54454821292604993)]
[(0, 0.3660439003271545), (3, 0.25014936860862663)]
[(0, 0.38493032753523732), (4, 0.4046821385470013)]
[(4, 0.51463306414330201), (6, 0.35863953877544663)]
[(1, 0.29892074595960944), (4, 0.32530421371523871), (6, 0.23693950540079989)]
[(0, 0.20602796516211383), (6, 0.43674476789409422)]
[(6, 0.54887981033147049)]
[(2, 0.23514751067849241), (4, 0.2671413171937575), (6, 0.25105212439636554)]
[(4, 0.64758794711586998), (6, 0.27329551500333316)]
[(3, 0.64086161492453231), (4, 0.33441966337272949)]
[(3, 0.61045456874594184), (4, 0.37209183702407722)]
[(6, 0.4392093881476129)]
[(4, 0.30843511843829696), (6, 0.64946962261880126)]
[(6, 0.7654450995166906)]
[(6, 0.79378752379669981)]
[(2, 0.28361683251685266), (4, 0.25970117192669001)]
[(2, 0.55513502072930221)]
[(2, 0.40348715104675614)]
[(0, 0.43066306804477517), (4, 0.29726772584865335), (6, 0.25160710535949743)]
[(0, 0.30494947135040484), (3, 0.3022625441235805)]
[(0, 0.41769169951502644), (6, 0.54457363375219614)]
[(0, 0.36604959867586956), (3, 0.25014935488878348)]
[(0, 0.38492776683663893), (4, 0.40468448300955284)]
[(4, 0.51462408022324502), (6, 0.35863509154914447)]
[(1, 0.29892004137285733), (4, 0.32530459271840262), (6, 0.23693980698158629)]
[(0, 0.20602770369579715), (6, 0.43674467384798121)]
[(6, 0.54887758627904193)]
[(2, 0.23513658046549543), (4, 0.2671222117260294), (6, 0.25104616347492492)]
[(4, 0.64758779573526315), (6, 0.27329572541860425)]
[(3, 0.64085002052486451), (4, 0.33442991735181116)]
[(3, 0.61052418403144859), (4, 0.37202229848511104)]
[(6, 0.4392057253861219)]
[(4, 0.3084389354853872), (6, 0.64946580780882113)]
[(6, 0.76545528557868192)]
[(6, 0.79378159217717137)]
[(2, 0.28360179680296727), (4, 0.25970340941138992)]
[(2, 0.55514152244663806)]
[(2, 0.40348798943941599)]
[(0, 0.43066171802775316), (4, 0.29726552227771075), (6, 0.25161036550999288)]
[(0, 0.30505372088031379), (3, 0.30244113297403963)]
[(0, 0.41772472967868735), (6, 0.54453890941801486)]
[(0, 0.36600056188275348), (3, 0.25014294714192425)]
[(0, 0.38493493458163786), (4, 0.40467789561008072)]
[(4, 0.51462608090212481), (6, 0.35863600947530322)]
[(1, 0.29892539965569936), (4, 0.32530189826580935), (6, 0.23693731781855498)]
[(0, 0.20602805950293812), (6, 0.43674617945544497)]
[(6, 0.54887461638832813)]
[(2, 0.23512860982052827), (4, 0.26710827126345921), (6, 0.25104181082343102)]
[(4, 0.64760438158738864), (6, 0.27330118415635279)]
[(3, 0.64086814554644156), (4, 0.33441459362164183)]
[(3, 0.61054331090199321), (4, 0.37200313182839922)]
[(6, 0.43922566492319925)]
[(4, 0.30842753661237343), (6, 0.64947719731084741)]
[(6, 0.76545620165157191)]
[(6, 0.79378945675664403)]
[(2, 0.28361662225451451), (4, 0.25969380424245303)]
[(2, 0.5551171282548758)]
[(2, 0.40347471068152052)]
[(0, 0.43065814089969556), (4, 0.29726063161701921), (6, 0.25161766094717314)]
[(0, 0.30493744865608124), (3, 0.30226323147571338)]
[(0, 0.41771622153405391), (6, 0.54454804059565953)]
[(0, 0.36601744386223917), (3, 0.2501459428496543)]
[(0, 0.38493232212887479), (4, 0.40468031062201293)]
[(4, 0.51462730716363503), (6, 0.35863659737755926)]
[(1, 0.29893203630203652), (4, 0.32529875144629339), (6, 0.23693403629815257)]
[(0, 0.20602831077084047), (6, 0.43674798875345927)]
[(6, 0.54887614036209775)]
[(2, 0.23512595595536293), (4, 0.26710362818749211), (6, 0.25104036050574025)]
[(4, 0.6476100167577149), (6, 0.27330635582904145)]
[(3, 0.57127148803064132)]
