[(2, 0.57142854912866392)]
[(3, 0.68157524281562287), (4, 0.30516114330857436)]
[(3, 0.2920159833979773), (6, 0.37970894669659838)]
[(2, 0.28062774447702654), (6, 0.51752608517860754)]
[(0, 0.49849204596145569), (6, 0.22702854826526003)]
[(0, 0.72742152210129707)]
[(0, 0.58125575190889722), (4, 0.20689485303617033)]
[(4, 0.34711634520250745), (6, 0.44414288662268459)]
[(0, 0.55502881971961271), (6, 0.37236098307357013)]
[(0, 0.25877035125685338), (6, 0.39596910955221681)]
[(6, 0.62609733376500842)]
[(6, 0.92841668281614076)]
[(0, 0.22685786170370276), (3, 0.21899540264217165), (6, 0.42891429635711942)]
[(0, 0.21344909689028257), (1, 0.35499619259633447), (2, 0.40132944671862575)]
[(2, 0.48584713756534159), (4, 0.2521513718515645)]
[(4, 0.64001862080723315)]
[(0, 0.23592961278572933), (4, 0.61371714392905141)]
[(4, 0.61041467091322454)]
[(4, 0.64030936206450262)]
[(4, 0.4747780519551193)]
[(4, 0.44132934927158657), (6, 0.2448873599631704)]
[(3, 0.68156467525041575), (4, 0.30517191492271473)]
[(3, 0.29203281255462077), (6, 0.37970162905584209)]
[(2, 0.28062827100441556), (6, 0.51752636118225948)]
[(0, 0.49848034577033001), (6, 0.22701937680248216)]
[(0, 0.72740309465464559)]
[(0, 0.58124727118188835), (4, 0.20690826387151146)]
[(4, 0.34711466984944311), (6, 0.44414236281748315)]
[(0, 0.55502846815987561), (6, 0.37236095735893809)]
[(0, 0.25878595865313764), (6, 0.39597554055807499)]
[(6, 0.62610027904606791)]
[(6, 0.92841749204600621)]
[(0, 0.22686447249913477), (3, 0.21902410559323415), (6, 0.42891363665350141)]
[(0, 0.21341968007806417), (1, 0.35502816961201039), (2, 0.40132687182200683)]
[(2, 0.48585682135727382), (4, 0.25216309528575914)]
[(4, 0.64002380398763847)]
[(0, 0.23592765429749188), (4, 0.61371952790341422)]
[(4, 0.61040798362032167)]
[(4, 0.64031281392033679)]
[(4, 0.47475564440664381)]
[(4, 0.4413301432359909), (6, 0.24489217868605567)]
[(3, 0.68156827705644529), (4, 0.30516829952788194)]
[(3, 0.29202270853178841), (6, 0.37970620269601207)]
[(2, 0.2806277811698395), (6, 0.51752643653265895)]
[(0, 0.49848298392341694), (6, 0.22702144208233213)]
[(0, 0.72743661371547941)]
[(0, 0.58125776184419253), (4, 0.20689135342109766)]
[(4, 0.34711345659991583), (6, 0.44414190626794636)]
[(0, 0.55502599569222488), (6, 0.37236065788651412)]
[(0, 0.25879618189975434), (6, 0.39598015030160766)]
[(6, 0.62610591416954642)]
[(6, 0.928417659323581)]
[(0, 0.22685923134136154), (3, 0.21900130863033326), (6, 0.42891270392484221)]
[(0, 0.21346150544532608), (1, 0.35498250546089244), (2, 0.40133073053459251)]
[(2, 0.48584102613709312), (4, 0.25213793920970701)]
[(4, 0.64001951154994985)]
[(0, 0.23595626383156623), (4, 0.61368351578747549)]
[(4, 0.61039733297589138)]
[(4, 0.64031315628964303)]
[(4, 0.47478403635264921)]
[(4, 0.44133154343212472), (6, 0.24490067701647125)]
[(3, 0.68156318303706809), (4, 0.30517341358657307)]
[(3, 0.2920352083547425), (6, 0.37970081098589942)]
[(2, 0.28062826648202327), (6, 0.51752514183915277)]
[(0, 0.4984898926867492), (6, 0.2270268561135638)]
[(0, 0.72744440529502141)]
[(0, 0.58122832657780343), (4, 0.20693865864955235)]
[(4, 0.34711077229809811), (6, 0.44414114748682199)]
[(0, 0.55502672460307279), (6, 0.37236077486941133)]
[(0, 0.25880220590518305), (6, 0.39598251519337607)]
[(6, 0.62610822112600861)]
[(6, 0.9284208165434592)]
[(0, 0.22686037304018589), (3, 0.21900636348882122), (6, 0.42891309978581416)]
[(0, 0.21338754671858992), (1, 0.35506240358397284), (2, 0.4013247495305024)]
[(2, 0.48585572094319052), (4, 0.25216393783589663)]
[(4, 0.64002511694032671)]
[(0, 0.23590846399574691), (4, 0.61374225627692935)]
[(4, 0.61041979560225401)]
[(4, 0.64030454776578283)]
[(4, 0.47478290465579098)]
[(4, 0.44132923829707238), (6, 0.24488668644606482)]
[(3, 0.68155826633310213), (4, 0.30517832769174286)]
[(3, 0.29202843303528114), (6, 0.37970388393478899)]
[(2, 0.2806320194468585), (6, 0.51752585012194996)]
[(0, 0.49848930294592531), (6, 0.22702639386231968)]
[(0, 0.72743449291286166)]
[(0, 0.58123487808870222), (4, 0.20692813424228892)]
[(4, 0.34711574628423841), (6, 0.44414275861780367)]
[(0, 0.55502651664323632), (6, 0.37236074380545714)]
[(0, 0.25879356770744782), (6, 0.39597883674185957)]
[(6, 0.62610052225087354)]
[(6, 0.928415481419541)]
[(0, 0.22687106807901514), (3, 0.2190528039149115), (6, 0.42891329763547653)]
[(0, 0.21338594471539132), (1, 0.35506409406836614), (2, 0.40132465976467507)]
[(2, 0.48585492040693901), (4, 0.25215526717621717)]
[(4, 0.64001962004458934)]
[(0, 0.23591495629362716), (4, 0.61373469542657444)]
[(4, 0.61041284295613285)]
[(4, 0.64031612241983127)]
[(4, 0.47477232248397494)]
[(4, 0.44132763017364501), (6, 0.24487692678954637)]
[(3, 0.68158262207220555), (4, 0.30515369014893973)]
[(3, 0.29201710390117097), (6, 0.37970777192639343)]
[(2, 0.2806301406948758), (6, 0.51752754760601971)]
[(0, 0.498522091090984), (6, 0.22705219150368688)]
[(0, 0.72743290335450217)]
[(0, 0.58123668669569717), (4, 0.20692527392664345)]
[(4, 0.34711527264594044), (6, 0.44414255927340407)]
[(0, 0.55502612830448672), (6, 0.37236068081434709)]
[(0, 0.25890298056101413), (6, 0.39605357307225986)]
[(6, 0.62609486816549165)]
[(6, 0.92841796653612141)]
[(0, 0.22687105967174043), (3, 0.21905283326996045), (6, 0.42891392422643682)]
[(0, 0.21338748960714476), (1, 0.35506245125114705), (2, 0.40132475888909463)]
[(2, 0.48586649410808652), (4, 0.25217409625351106)]
[(4, 0.64002248790817373)]
[(0, 0.23592394667423713), (4, 0.61372400841649821)]
[(4, 0.61039730905775236)]
[(4, 0.6403205686198753)]
[(4, 0.47476891412767858)]
[(4, 0.44132678923636826), (6, 0.24487182333019811)]
[(3, 0.68157949151681008), (4, 0.30515698415826203)]
[(3, 0.29202485802909911), (6, 0.37970532322725148)]
[(2, 0.28062575913486887), (6, 0.51752569743165056)]
[(0, 0.49851615965713653), (6, 0.22704751244262558)]
[(0, 0.72743558446446599)]
[(0, 0.58126754383729229), (4, 0.20687568421246885)]
[(4, 0.34711272094579421), (6, 0.44414172126474161)]
[(0, 0.55502581471317725), (6, 0.37236062548685256)]
[(0, 0.25878154535193143), (6, 0.39597397611330537)]
[(6, 0.62610759906169122)]
[(6, 0.92842092668052034)]
[(0, 0.22687101185796157), (3, 0.21905248587001841), (6, 0.42891308778166859)]
[(0, 0.21344984620504728), (1, 0.3549953773958972), (2, 0.40132951294174868)]
[(2, 0.48593139056918444), (4, 0.25224283951092841)]
[(4, 0.64002310756988778)]
[(0, 0.23595118273795535), (4, 0.61369009893077175)]
[(4, 0.61039309279854415)]
[(4, 0.64031247924066204)]
[(4, 0.47476697576552357)]
[(4, 0.44132852396546035), (6, 0.24488235113481316)]
[(3, 0.68157943312616909), (4, 0.30515701729622019)]
[(3, 0.29203562228317714), (6, 0.3796996134015696)]
[(2, 0.28063158027257012), (6, 0.51752694227156226)]
[(0, 0.49848061783059716), (6, 0.22701959035805561)]
[(0, 0.72743927362112937)]
[(0, 0.58124160952620108), (4, 0.20691740024363578)]
[(4, 0.34711136693544176), (6, 0.44414131006536389)]
[(0, 0.55502873690749766), (6, 0.37236097673745855)]
[(0, 0.25876949112065245), (6, 0.39596850026373387)]
[(6, 0.62610103404848949)]
[(6, 0.92842086398230295)]
[(0, 0.22685976231073743), (3, 0.21900361713973163), (6, 0.42891252062724816)]
[(0, 0.21338142925800971), (1, 0.35506885520682574), (2, 0.40132441035801575)]
[(2, 0.48585498266070798), (4, 0.25216103498502473)]
[(4, 0.64001967347170108)]
[(0, 0.23591981632408154), (4, 0.61372894947690659)]
[(4, 0.6104053483823908)]
[(4, 0.64030625435762112)]
[(4, 0.47477246094777775)]
[(4, 0.44132800490550322), (6, 0.24487920098904442)]
[(3, 0.68156118026203394), (4, 0.30517541688280675)]
[(3, 0.29201568489582264), (6, 0.37970550892243815)]
[(2, 0.28062969241543073), (6, 0.51752764879031998)]
[(0, 0.49851349824021396), (6, 0.22704541486058771)]
[(0, 0.72744158841756645)]
[(0, 0.58126369734548322), (4, 0.20688200707606982)]
[(4, 0.34710500940234956), (6, 0.44413940515676281)]
[(0, 0.55502892668609083), (6, 0.372360991933744)]
[(0, 0.25877670161553862), (6, 0.39597696727959009)]
[(6, 0.62610376401608137)]
[(6, 0.92842098714760857)]
[(0, 0.22686373582794384), (3, 0.21902086019264735), (6, 0.42891300314812592)]
[(0, 0.2133799110263187), (1, 0.35507046576984491), (2, 0.40132431677637587)]
[(2, 0.48585238702914291), (4, 0.25215811557084677)]
[(4, 0.64002446716704964)]
[(0, 0.23590875840428485), (4, 0.61374191625947327)]
[(4, 0.61041153801909998)]
[(4, 0.64031710610844716)]
[(4, 0.47475775165385603)]
[(4, 0.44133061793417139), (6, 0.24489505977318174)]
[(3, 0.68155992390291908), (4, 0.30517665445958597)]
[(3, 0.29202438839028516), (6, 0.37970359920118385)]
[(2, 0.2806244478732729), (6, 0.51752618541026507)]
[(0, 0.49849010115462072), (6, 0.22702701982848347)]
[(0, 0.72743633650588413)]
[(0, 0.58124410583807296), (4, 0.20691335986198275)]
[(4, 0.34711002397665369), (6, 0.4441408736523213)]
[(0, 0.55502860602412418), (6, 0.37236096720768214)]
[(0, 0.25880672816566064), (6, 0.39598433345385659)]
[(6, 0.62610759788860204)]
[(6, 0.92841469988486758)]
[(0, 0.22687139407622273), (3, 0.21905424167326323), (6, 0.42891361278583034)]
[(0, 0.2134402540559851), (1, 0.35500585275465246), (2, 0.40132862533458286)]
[(2, 0.48586814427903796), (4, 0.25217104021180625)]
[(4, 0.64001747592277625)]
[(0, 0.23594570192752584), (4, 0.61369710855960535)]
[(4, 0.61040817004542181)]
[(4, 0.64031658492540899)]
[(4, 0.47476304734381164)]
[(4, 0.44133041037053156), (6, 0.24489380000165933)]
[(3, 0.68156006769134392), (4, 0.30517652129622802)]
[(3, 0.29202512567183631), (6, 0.37970351697784971)]
[(2, 0.28062585280470786), (6, 0.51752520396214552)]
[(0, 0.49848703425158825), (6, 0.22702461973608523)]
[(0, 0.72744302945263517)]
[(0, 0.58124004611771196), (4, 0.20692011659547266)]
[(4, 0.34711614074823754), (6, 0.44414279630591524)]
[(0, 0.55502581557472774), (6, 0.37236062564405781)]
[(0, 0.25877030792784433), (6, 0.39596874278988209)]
[(6, 0.62610425320846708)]
[(6, 0.92842096374929817)]
[(0, 0.22685746068678267), (3, 0.21899361296361378), (6, 0.42891242717271333)]
[(0, 0.2134457186257942), (1, 0.35499989142670957), (2, 0.40132912463702303)]
[(2, 0.48585762966836366), (4, 0.25216457299862227)]
[(4, 0.6400155024827755)]
[(0, 0.23593836031865853), (4, 0.61370635070782131)]
[(4, 0.61041105260254813)]
[(4, 0.64028158659326839)]
[(4, 0.47475909076151135)]
[(4, 0.44132789614671331), (6, 0.24487854094361389)]
[(3, 0.68156811512277771), (4, 0.30516845520913966)]
[(3, 0.29203026839943724), (6, 0.37970302776547182)]
[(2, 0.28062496991599795), (6, 0.51752608466790562)]
[(0, 0.49851907455612926), (6, 0.22704981154462203)]
[(0, 0.72743698837260551)]
[(0, 0.58126091164044591), (4, 0.20688629890831897)]
[(4, 0.34711552588740791), (6, 0.44414264742661963)]
[(0, 0.55502870671900095), (6, 0.37236097450092315)]
[(0, 0.25877081028558463), (6, 0.3959726750560531)]
[(6, 0.62609988774379011)]
[(6, 0.92841475968896825)]
[(0, 0.22686234099022454), (3, 0.21901443125188458), (6, 0.42891276586003618)]
[(0, 0.21338585649174932), (1, 0.35506419009462437), (2, 0.40132465190050881)]
[(2, 0.48593810412948041), (4, 0.25225752396027346)]
[(4, 0.64001870155180129)]
[(0, 0.23594983807475559), (4, 0.61369182742415573)]
[(4, 0.61040604437212065)]
[(4, 0.64031412182756808)]
[(4, 0.47476523829470774)]
[(4, 0.44132677481897065), (6, 0.24487173583518787)]
[(3, 0.68157799361023064), (4, 0.30515857974566657)]
[(3, 0.29202939395922045), (6, 0.37970220386655629)]
[(2, 0.28062424653508566), (6, 0.51752538171053863)]
[(0, 0.49849111358601167), (6, 0.22702781446185921)]
[(0, 0.72743906391887259)]
[(0, 0.58127029389981322), (4, 0.2068713143528508)]
[(4, 0.34711359960155541), (6, 0.44414197857966875)]
[(0, 0.55502860705160062), (6, 0.37236096728126805)]
[(0, 0.25880213954337755), (6, 0.39598242752123136)]
[(6, 0.62609752109598216)]
[(6, 0.92841821851759765)]
[(0, 0.22686947568328378), (3, 0.21904584008735881), (6, 0.42891374813161648)]
[(0, 0.21341370899114503), (1, 0.35503457697034313), (2, 0.40132643203774054)]
[(2, 0.48586403617784352), (4, 0.25216518449131164)]
[(4, 0.64002109700163656)]
[(0, 0.23591631413017722), (4, 0.61373309748421823)]
[(4, 0.6104069820342154)]
[(4, 0.64032074880870016)]
[(4, 0.47478318010299181)]
[(4, 0.44133204845153595), (6, 0.24490374226141348)]
[(3, 0.68156834528502075), (4, 0.3051682355521666)]
[(3, 0.2920209297389818), (6, 0.3797073324450117)]
[(2, 0.2806309592739521), (6, 0.51752750375470757)]
[(0, 0.49849159890469441), (6, 0.22702819458544962)]
[(0, 0.72743798249981162)]
[(0, 0.58125003718731871), (4, 0.20690374966929453)]
[(4, 0.34710969113177093), (6, 0.44414077556926984)]
[(0, 0.5550287129763708), (6, 0.37236097496200171)]
[(0, 0.25879442544415426), (6, 0.39597940949945015)]
[(6, 0.62610711902309346)]
[(6, 0.92842095679449044)]
[(0, 0.22686873351926842), (3, 0.21904269499790219), (6, 0.42891373679170286)]
[(0, 0.21340297992529406), (1, 0.35504606002950512), (2, 0.40132567123700591)]
[(2, 0.48584218206498547), (4, 0.25214574243115928)]
[(4, 0.64002634046345253)]
[(0, 0.23591325215921699), (4, 0.61373669276780074)]
[(4, 0.61041287598309379)]
[(4, 0.64031397494101439)]
[(4, 0.47476461351024085)]
[(4, 0.44132886552659523), (6, 0.24488442407433902)]
[(3, 0.68155954382174422), (4, 0.30517705541453122)]
[(3, 0.29202808200721847), (6, 0.37970176060936722)]
[(2, 0.28062734521656812), (6, 0.51752538172784435)]
[(0, 0.49848560022968963), (6, 0.22702349435582561)]
[(0, 0.72744015119996353)]
[(0, 0.58126952404928278), (4, 0.20687250994212059)]
[(4, 0.34710772997944439), (6, 0.44414012407683368)]
[(0, 0.55502619270338871), (6, 0.37236069169393105)]
[(0, 0.25879799879227955), (6, 0.39598057929620972)]
[(6, 0.62609559303996787)]
[(6, 0.92841986669423482)]
[(0, 0.22686781910327564), (3, 0.21903857623093742), (6, 0.42891170455168931)]
[(0, 0.21346098353125836), (1, 0.35498307768578002), (2, 0.40133068000743771)]
[(2, 0.48590542110931267), (4, 0.25221365386012229)]
[(4, 0.64002064750805654)]
[(0, 0.23592208931340763), (4, 0.61372623690787931)]
[(4, 0.61040660853292827)]
[(4, 0.64031147029091851)]
[(4, 0.47477964849375975)]
[(4, 0.44132733523612949), (6, 0.24487513686740786)]
[(3, 0.68157337507795623), (4, 0.30516318215646121)]
[(3, 0.29202320873320248), (6, 0.37970540108870449)]
[(2, 0.28062694385632164), (6, 0.51752599035834657)]
[(0, 0.49848477661861273), (6, 0.22702285432644284)]
[(0, 0.72743701194374899)]
[(0, 0.58125142493203397), (4, 0.20690153836987946)]
[(4, 0.34711381042713985), (6, 0.44414200005317961)]
[(0, 0.55502881077593347), (6, 0.37236098237175813)]
[(0, 0.25879740759145548), (6, 0.39598038071183478)]
[(6, 0.62611572352788403)]
[(6, 0.92842097736453078)]
[(0, 0.2268585803014864), (3, 0.21899811010750095), (6, 0.42890939087322993)]
[(0, 0.21343815883225986), (1, 0.35500814731388597), (2, 0.40132842501203547)]
[(2, 0.48584541162774014), (4, 0.25214330536156265)]
[(4, 0.64002053602258002)]
[(0, 0.23592204603150504), (4, 0.61372628870984447)]
[(4, 0.61041553616039801)]
[(4, 0.64032057422591382)]
[(4, 0.47478377443054437)]
[(4, 0.44133046053257774), (6, 0.24489410445080467)]
[(3, 0.68157579463841123), (4, 0.30516066846075957)]
[(3, 0.29203454227269671), (6, 0.37970144193174132)]
[(2, 0.28062915122022591), (6, 0.51752654032512602)]
[(0, 0.49847942434815867), (6, 0.22701865557219483)]
[(0, 0.72743428862922033)]
[(0, 0.5812279526618388), (4, 0.20693924933334887)]
[(4, 0.34711009636776247), (6, 0.44414093179574704)]
[(0, 0.55502856236447784), (6, 0.37236096408808345)]
[(0, 0.25879946925780828), (6, 0.39598625218916078)]
[(6, 0.62613053679035946)]
[(6, 0.92841625654410442)]
[(0, 0.2268704976047782), (3, 0.21905035931883191), (6, 0.42891387587289892)]
[(0, 0.21340168689625513), (1, 0.35504741881024049), (2, 0.40132560456260846)]
[(2, 0.48586928713581429), (4, 0.25217287563897162)]
[(4, 0.64001853898253724)]
[(0, 0.23594065604918549), (4, 0.61370347873134834)]
[(4, 0.61039707335620597)]
[(4, 0.64031459892055209)]
[(4, 0.47476898797311357)]
[(4, 0.44132917361050322), (6, 0.24488629385679705)]
[(3, 0.68158057857713239), (4, 0.30515594491101999)]
[(3, 0.29202971295044683), (6, 0.3797032696844525)]
[(2, 0.2806242230909598), (6, 0.51752581484641691)]
[(0, 0.49860839477458668), (6, 0.22712074821424688)]
[(0, 0.72743784502286113)]
[(0, 0.58124953901635013), (4, 0.20690458944026041)]
[(4, 0.34711714966669632), (6, 0.44414312805963274)]
[(0, 0.55502881754265521), (6, 0.37236098290229008)]
[(0, 0.25877063376510023), (6, 0.39596930410839054)]
[(6, 0.626119615925673)]
[(6, 0.9284141844777416)]
[(0, 0.22687096516635122), (3, 0.21905221975621747), (6, 0.42891202962007374)]
[(0, 0.21340981156295658), (1, 0.35503874732753643), (2, 0.4013261566972689)]
[(2, 0.48592464254818574), (4, 0.25223811985903283)]
[(4, 0.64001790197879838)]
[(0, 0.23591015661865652), (4, 0.61374029774348371)]
[(4, 0.61041571873928935)]
[(4, 0.64030984831944504)]
[(4, 0.47478194229705617)]
[(4, 0.44133028797424301), (6, 0.24489305714216744)]
[(3, 0.68157085755211022), (4, 0.30516572871432679)]
[(3, 0.29203479551343464), (6, 0.37970062452579473)]
[(2, 0.28063238336749963), (6, 0.51752660318821653)]
[(0, 0.49848479285851577), (6, 0.22702285936858549)]
[(0, 0.72744121768485825)]
[(0, 0.58124549721788044), (4, 0.2069110565366454)]
[(4, 0.34711222669792108), (6, 0.44414156503324592)]
[(0, 0.55502871889079008), (6, 0.37236097539896035)]
[(0, 0.25876661931787687), (6, 0.39596749936703574)]
[(6, 0.62609138264185737)]
[(6, 0.92842098950077512)]
[(0, 0.22686421501399653), (3, 0.21902296698903889), (6, 0.42891242112224426)]
[(0, 0.21342790479312634), (1, 0.35501929511222735), (2, 0.40132752611204164)]
[(2, 0.48585429735527652), (4, 0.25215600592629517)]
[(4, 0.64002401360536709)]
[(0, 0.23592605938428826), (4, 0.61372146052297816)]
[(4, 0.61041205116403952)]
[(4, 0.64031813103351876)]
[(4, 0.47475619748725972)]
[(4, 0.441328376164628), (6, 0.24488145413536233)]
[(3, 0.68156861353961995), (4, 0.30516797451663003)]
[(3, 0.29201666123626724), (6, 0.37970800281442546)]
[(2, 0.2806292867021849), (6, 0.51752632589973802)]
[(0, 0.49847943183167182), (6, 0.22701866217785471)]
[(0, 0.72743706005748765)]
[(0, 0.58124348013451066), (4, 0.2069143662441259)]
[(4, 0.34711620864721715), (6, 0.44414283639463337)]
[(0, 0.55502732650976006), (6, 0.37236085355818654)]
[(0, 0.25879817153100459), (6, 0.39598065123642723)]
[(6, 0.62610047659739521)]
[(6, 0.92841711852676789)]
[(0, 0.226865455568554), (3, 0.21902831323486527), (6, 0.42891318243746335)]
[(0, 0.21341282416540078), (1, 0.35503551144216844), (2, 0.40132638182238101)]
[(2, 0.4858507655989503), (4, 0.25215104715133335)]
[(4, 0.64002539847288642)]
[(0, 0.23594300240956745), (4, 0.61370052645521855)]
[(4, 0.6103974486721373)]
[(4, 0.64031864017870166)]
[(4, 0.47478019916757547)]
[(4, 0.44132854150973255), (6, 0.24488245761078584)]
[(3, 0.68158052532368674), (4, 0.3051559384875463)]
[(3, 0.29203482863604685), (6, 0.37970079840605037)]
[(2, 0.28063114218667334), (6, 0.5175251947928603)]
[(0, 0.49850238810031161), (6, 0.22703666868813299)]
[(0, 0.72743619854172592)]
[(0, 0.58124794444463668), (4, 0.2069076970426742)]
[(4, 0.34710955945331595), (6, 0.44414067282035569)]
[(0, 0.55502889158216173), (6, 0.37236098891749186)]
[(0, 0.25878946554734555), (6, 0.39597694630535174)]
[(6, 0.62610627849062139)]
[(6, 0.92841925427114314)]
[(0, 0.22685620666743553), (3, 0.21898821828134168), (6, 0.42891268886153433)]
[(0, 0.21345438138458919), (1, 0.35499036753374763), (2, 0.40132998956103288)]
[(2, 0.48585774199781412), (4, 0.25216447161564548)]
[(4, 0.64002558089960249)]
[(0, 0.23591266112173592), (4, 0.61373738338156336)]
[(4, 0.6103965682598036)]
[(4, 0.64028407216161964)]
[(4, 0.47476800486636056)]
[(4, 0.44132867139325721), (6, 0.24488324587388638)]
[(3, 0.68156582573380076), (4, 0.30517075732149768)]
[(3, 0.29202009028331388), (6, 0.37970709252810203)]
[(2, 0.28062451537621691), (6, 0.51752545247313597)]
[(0, 0.49848605266328316), (6, 0.22702385152489132)]
[(0, 0.72743362004511603)]
[(0, 0.58125052825055057), (4, 0.20690298034380092)]
[(4, 0.34710831636216932), (6, 0.44414025578352467)]
[(0, 0.55502570872065471), (6, 0.37236060593414083)]
[(0, 0.25879609287178212), (6, 0.39598261853551731)]
[(6, 0.62611140666670317)]
[(6, 0.92841545704117279)]
[(0, 0.22687064803236331), (3, 0.21905101605200944), (6, 0.42891326876326125)]
[(0, 0.21344814570773557), (1, 0.35499723265262156), (2, 0.40132935741959613)]
[(2, 0.48592153762849544), (4, 0.25223394245419029)]
[(4, 0.64002562895845849)]
[(0, 0.23590986423668739), (4, 0.61374063669765622)]
[(4, 0.61041700737623161)]
[(4, 0.64032120984863883)]
[(4, 0.47476692812026838)]
[(4, 0.4413260642630813), (6, 0.24486742371783113)]
[(3, 0.68156099733446052), (4, 0.30517560143430789)]
[(3, 0.29202987394720814), (6, 0.37970126742318211)]
[(2, 0.28062590271083626), (6, 0.51752505787898828)]
[(0, 0.49852152325834459), (6, 0.22705174348043661)]
[(0, 0.72744184899772857)]
[(0, 0.58122822658263462), (4, 0.20693890182915703)]
[(4, 0.34710917276716835), (6, 0.44414061440857788)]
[(0, 0.55502838156949197), (6, 0.37236095109911432)]
[(0, 0.25877922410356302), (6, 0.39597361587653895)]
[(6, 0.62610464840479563)]
[(6, 0.9284163820284177)]
[(0, 0.22686304893651496), (3, 0.21901800956400908), (6, 0.42891496395709972)]
[(0, 0.21342150567584159), (1, 0.35502620569594184), (2, 0.4013270111744569)]
[(2, 0.4858589174103366), (4, 0.25216626802067355)]
[(4, 0.6400221571392769)]
[(0, 0.23595235764794739), (4, 0.61368858397278747)]
[(4, 0.61039583912878281)]
[(4, 0.64030767160331348)]
[(4, 0.47475681398479447)]
[(4, 0.44133157716604082), (6, 0.2449008817649837)]
[(3, 0.68156809491806636), (4, 0.30516849870541912)]
[(3, 0.29203409179165424), (6, 0.37970082389050813)]
[(2, 0.28062590296922824), (6, 0.51752611666379766)]
[(0, 0.49848660070190604), (6, 0.2270242966770662)]
[(0, 0.72743546920831748)]
[(0, 0.58126764091978789), (4, 0.2068754733348768)]
[(4, 0.34711381343905079), (6, 0.44414202216160797)]
[(0, 0.55502884411939757), (6, 0.3723609850145343)]
[(0, 0.2587876410944438), (6, 0.3959764570922184)]
[(6, 0.62610562428197769)]
[(6, 0.92841600655023881)]
[(0, 0.22686611356583228), (3, 0.21903120975090015), (6, 0.42891373251269016)]
[(0, 0.2134276912387672), (1, 0.35501950800536508), (2, 0.40132752663092003)]
[(2, 0.48590660770580546), (4, 0.2522161420336414)]
[(4, 0.64001778659213326)]
[(0, 0.23592313080501348), (4, 0.61372498863030811)]
[(4, 0.61040652684294572)]
[(4, 0.64032493098139853)]
[(4, 0.4747827496799632)]
[(4, 0.44132969431557711), (6, 0.24488945408827248)]
[(3, 0.68156659733979919), (4, 0.30516999393609973)]
[(3, 0.29203456382342197), (6, 0.37970117165001444)]
[(2, 0.28062499699514343), (6, 0.51752536690182227)]
[(0, 0.49856079853865026), (6, 0.22708283631420048)]
[(0, 0.72743506233474708)]
[(0, 0.58125531073876635), (4, 0.20689528616944861)]
[(4, 0.3471127546276373), (6, 0.44414173240342369)]
[(0, 0.55502796110939778), (6, 0.37236091783732678)]
[(0, 0.25878543513817359), (6, 0.39597528530838599)]
[(6, 0.62612232463862572)]
[(6, 0.92842089965490693)]
[(0, 0.22686359326898781), (3, 0.21902031663703306), (6, 0.42891241762192628)]
[(0, 0.21342722372190168), (1, 0.3550200155772803), (2, 0.40132748633151727)]
[(2, 0.48585556881414071), (4, 0.25216189167013503)]
[(4, 0.64001943267507233)]
[(0, 0.23594053692246972), (4, 0.61370362816320445)]
[(4, 0.61041232027203796)]
[(4, 0.64031860428595577)]
[(4, 0.47476249618338151)]
[(4, 0.44132692739529705), (6, 0.24487266177810252)]
[(3, 0.68157211173041377), (4, 0.30516447065123087)]
[(3, 0.29203354500913009), (6, 0.37970169340021909)]
[(2, 0.28063039965007402), (6, 0.51752734952954682)]
[(0, 0.49848986896416053), (6, 0.22702683745682359)]
[(0, 0.72744478371996235)]
[(0, 0.58123753273082035), (4, 0.20692398056654054)]
[(4, 0.34710982846079275), (6, 0.44414081810384243)]
[(0, 0.5550285393521931), (6, 0.3723609624467018)]
[(0, 0.25878782413301343), (6, 0.39597705597197724)]
[(6, 0.62610659056454021)]
[(6, 0.9284208472000568)]
[(0, 0.22686865232145276), (3, 0.21904219114384799), (6, 0.42891322932928516)]
[(0, 0.21339827760479246), (1, 0.3550510410112806), (2, 0.40132538927319583)]
[(2, 0.48587243371233269), (4, 0.25217612428390468)]
[(4, 0.64001665728999102)]
[(0, 0.23592226687082507), (4, 0.6137260243348388)]
[(4, 0.61039966959552161)]
[(4, 0.64030992936087361)]
[(4, 0.47476675729833362)]
[(4, 0.44132927274895128), (6, 0.24488689553826651)]
[(3, 0.68157706485081093), (4, 0.30515946716776343)]
[(3, 0.2920286348163692), (6, 0.37970330513492861)]
[(2, 0.28062576113777576), (6, 0.51752575582338245)]
[(0, 0.49848025614001329), (6, 0.22701930715734683)]
[(0, 0.72743813900965137)]
[(0, 0.58126043433342844), (4, 0.20688710941298671)]
[(4, 0.34710802630557847), (6, 0.44414026433256909)]
[(0, 0.55502867901876685), (6, 0.37236097247333277)]
[(0, 0.25879894305737972), (6, 0.39598105070751033)]
[(6, 0.62610155571017823)]
[(6, 0.92841582789419752)]
[(0, 0.2268589916283752), (3, 0.21899993873729834), (6, 0.42891449226964823)]
[(0, 0.21342450449283382), (1, 0.35502294974311627), (2, 0.40132726992656798)]
[(2, 0.48589279321490236), (4, 0.2521983590445166)]
[(4, 0.64002102261186977)]
[(0, 0.23592732355331822), (4, 0.61371992932839459)]
[(4, 0.61041172840256075)]
[(4, 0.64031912647213773)]
[(4, 0.47478036563199538)]
[(4, 0.4413302372333483), (6, 0.24489274918135065)]
[(3, 0.68157885970308085), (4, 0.30515767870932009)]
[(3, 0.29202871786862455), (6, 0.37970155925488586)]
[(2, 0.2806270284762985), (6, 0.5175262618831632)]
[(0, 0.49848534176516218), (6, 0.22702328838684313)]
[(0, 0.72743860402362936)]
[(0, 0.58125746159967839), (4, 0.20689276226399231)]
[(4, 0.34711314343325572), (6, 0.44414180227084216)]
[(0, 0.55502797216110467), (6, 0.37236091879396227)]
[(0, 0.25876768663312605), (6, 0.39596762722415263)]
[(6, 0.62611274753778956)]
[(6, 0.92841816351763784)]
[(0, 0.22686282478144157), (3, 0.2190169415281259), (6, 0.42891356654499702)]
[(0, 0.21339051365877584), (1, 0.35505927109884905), (2, 0.40132491740219089)]
[(2, 0.48583785028720794), (4, 0.25214121495047631)]
[(4, 0.64001625738920087)]
[(0, 0.23591424855216547), (4, 0.61373552603888681)]
[(4, 0.61041463665913365)]
[(4, 0.64031888847573371)]
[(4, 0.47478388043118902)]
[(4, 0.44132798382257066), (6, 0.24487907303884648)]
[(3, 0.68156317961850832), (4, 0.30517341912512919)]
[(3, 0.29202177431907878), (6, 0.37970543637757354)]
[(2, 0.28062535619151796), (6, 0.51752577298511482)]
[(0, 0.49850177448545918), (6, 0.22703618649648752)]
[(0, 0.72743302024417611)]
[(0, 0.58123665848674044), (4, 0.20692527069271197)]
[(4, 0.3471134224734761), (6, 0.4441419251802361)]
[(0, 0.55502684919082146), (6, 0.37236079254824772)]
[(0, 0.25877223427062457), (6, 0.39596969712901786)]
[(6, 0.62610149315997909)]
[(6, 0.92841689966684671)]
[(0, 0.22687045207196246), (3, 0.2190501512583497), (6, 0.42891313935370817)]
[(0, 0.21342614892612385), (1, 0.35502118766438051), (2, 0.40132738848440985)]
[(2, 0.48586438857824427), (4, 0.25217239146331683)]
[(4, 0.6400189607053921)]
[(0, 0.23590840428238644), (4, 0.61374232520790362)]
[(4, 0.61041592014189539)]
[(4, 0.64030384054424294)]
[(4, 0.47478570269257619)]
[(4, 0.44132729666817883), (6, 0.24487490280653859)]
[(3, 0.68156718127643701), (4, 0.30516941161810879)]
[(3, 0.29202990829144293), (6, 0.37970307803497488)]
[(2, 0.28063093579715914), (6, 0.51752639182323257)]
[(0, 0.49850124341620061), (6, 0.22703576886697643)]
[(0, 0.72743419302666457)]
[(0, 0.58125885001748245), (4, 0.20688963687289888)]
[(4, 0.34710891822227796), (6, 0.44414053825187122)]
[(0, 0.55502656765390523), (6, 0.37236075160222853)]
[(0, 0.25880434196238561), (6, 0.39598333322039031)]
[(6, 0.62609358298206463)]
[(6, 0.92841897374069038)]
[(0, 0.22685908425148243), (3, 0.21900068424857044), (6, 0.42891307603183909)]
[(0, 0.21338986670739823), (1, 0.35505995092799542), (2, 0.40132488401226157)]
[(2, 0.48585877299598207), (4, 0.25216497941883853)]
[(4, 0.64002632783710589)]
[(0, 0.23593324990682099), (4, 0.61371268507051757)]
[(4, 0.61041345032813366)]
[(4, 0.64032053271778389)]
[(4, 0.47475823183982158)]
[(4, 0.44133097604656141), (6, 0.24489723329226248)]
[(3, 0.68156720174716889), (4, 0.30516932739854402)]
[(3, 0.29202873483820657), (6, 0.37970379914881369)]
[(2, 0.28062876813374088), (6, 0.5175263418092827)]
[(0, 0.49848409383687942), (6, 0.22702232400610786)]
[(0, 0.72744077800438445)]
[(0, 0.58125752467927017), (4, 0.20689176108392227)]
[(4, 0.34711063348045845), (6, 0.44414105050566854)]
[(0, 0.55502840018777211), (6, 0.37236095245498685)]
[(0, 0.2587761189645969), (6, 0.39597147017108686)]
[(6, 0.62610397856451483)]
[(6, 0.92842096191063872)]
[(0, 0.22686605547873012), (3, 0.21903092497607429), (6, 0.4289124772971592)]
[(0, 0.21345720887616518), (1, 0.35498725175981793), (2, 0.40133027903559859)]
[(2, 0.48592669807550026), (4, 0.25223904873727132)]
[(4, 0.64001778316853064)]
[(0, 0.23594989787010334), (4, 0.61369175068172488)]
[(4, 0.61041969419045827)]
[(4, 0.64030205064527801)]
[(4, 0.47476938414144926)]
[(4, 0.44133006403777403), (6, 0.24489169801191224)]
[(3, 0.68157198760776183), (4, 0.30516460391099171)]
[(3, 0.29203447867293636), (6, 0.37970088593273355)]
[(2, 0.2806272281249827), (6, 0.51752572047389034)]
[(0, 0.49848344247664822), (6, 0.22702180332309782)]
[(0, 0.72743655186032496)]
[(0, 0.58125801202990213), (4, 0.20689100008851227)]
[(4, 0.34711010092964639), (6, 0.44414092976280384)]
[(0, 0.55502796653738828), (6, 0.37236091830781387)]
[(0, 0.25877802648170262), (6, 0.39597239348509355)]
[(6, 0.6260923202141081)]
[(6, 0.92841670088901396)]
[(0, 0.22685728184484266), (3, 0.2189928561687183), (6, 0.42891310156453988)]
[(0, 0.21340523281525006), (1, 0.3550436381990188), (2, 0.40132584162795071)]
[(2, 0.48593312533041172), (4, 0.25224774844226378)]
[(4, 0.64002506933256453)]
[(0, 0.23590658633512041), (4, 0.61374441844784755)]
[(4, 0.61041291095171202)]
[(4, 0.64031686247701736)]
[(4, 0.47478086108767781)]
[(4, 0.44133004994591968), (6, 0.24489161248499811)]
[(3, 0.68156310526070463), (4, 0.30517345680084096)]
[(3, 0.29202470125559915), (6, 0.37970553976777682)]
[(2, 0.28062511137022883), (6, 0.51752550541264308)]
[(0, 0.49849395071210201), (6, 0.22703004044501704)]
[(0, 0.72743549138831265)]
[(0, 0.58125723415195696), (4, 0.20689221242367531)]
[(4, 0.34711303601537868), (6, 0.44414182316428474)]
[(0, 0.55502807830517109), (6, 0.3723609277283963)]
[(0, 0.25878195354664546), (6, 0.39597402731136994)]
[(6, 0.62609326357673178)]
[(6, 0.92842102753693556)]
[(0, 0.22685908449169401), (3, 0.21900019998970119), (6, 0.42891173872619537)]
[(0, 0.21344621759683216), (1, 0.35499933248935089), (2, 0.40132918481487695)]
[(2, 0.4858762605311055), (4, 0.25217977991794971)]
[(4, 0.64002615784450967)]
[(0, 0.23594924902173067), (4, 0.61369258282549322)]
[(4, 0.61041810776937877)]
[(4, 0.64031540158586842)]
[(4, 0.47478423307670986)]
[(4, 0.441328896263531), (6, 0.24488461061822514)]
[(3, 0.6815594595359572), (4, 0.30517713984956629)]
[(3, 0.29202809163581595), (6, 0.37970418537139977)]
[(2, 0.28062865334413467), (6, 0.51752601964613787)]
[(0, 0.49848940728320523), (6, 0.22702647507234155)]
[(0, 0.72741834919346193)]
[(0, 0.58124191038032569), (4, 0.20691688341447986)]
[(4, 0.34711159920364443), (6, 0.44414141363311488)]
[(0, 0.55502780097062709), (6, 0.37236090338262512)]
[(0, 0.25878129068972172), (6, 0.39597362590719759)]
[(6, 0.62609389080031297)]
[(6, 0.92841836570243963)]
[(0, 0.22685780287026491), (3, 0.21899469635708982), (6, 0.4289103092053822)]
[(0, 0.21342923865778302), (1, 0.35501784512936591), (2, 0.40132764291889983)]
[(2, 0.48585539752323798), (4, 0.25215500040015204)]
[(4, 0.64001572850719413)]
[(0, 0.23591611233196161), (4, 0.6137333353296911)]
[(4, 0.61040954865344887)]
[(4, 0.64031688151175359)]
[(4, 0.47477316332400626)]
[(4, 0.44132740328993247), (6, 0.24487554987232604)]
[(3, 0.68156897883303036), (4, 0.30516761712352342)]
[(3, 0.29202936967263571), (6, 0.379701411172434)]
[(2, 0.2806316777941828), (6, 0.5175278082671515)]
[(0, 0.49855034154286604), (6, 0.22707453943045716)]
[(0, 0.72743796388546711)]
[(0, 0.58123300064412542), (4, 0.2069311537469708)]
[(4, 0.34711463507902723), (6, 0.44414226946600738)]
[(0, 0.55502878602721217), (6, 0.3723609804539405)]
[(0, 0.25877441712833638), (6, 0.39597102778691395)]
[(6, 0.62610147341326083)]
[(6, 0.92841855533034889)]
[(0, 0.22686468794497255), (3, 0.2190250655395248), (6, 0.42891624449607846)]
[(0, 0.21343848340078644), (1, 0.35500779983573294), (2, 0.40132844808592655)]
[(2, 0.48592758354006971), (4, 0.25224591183361805)]
[(4, 0.64002612022712879)]
[(0, 0.23593384170131201), (4, 0.61371195569046844)]
[(4, 0.6104163818291517)]
[(4, 0.64031559537491245)]
[(4, 0.47478100459335237)]
[(4, 0.44132812214630956), (6, 0.2448799125130931)]
[(3, 0.57064440246150849)]
