[(2, 0.57142854912866392)]
[(3, 0.58934102737715599), (4, 0.3509195200291631)]
[(3, 0.64219289515591726), (4, 0.34478794511846755)]
[(3, 0.4233964392973289), (4, 0.53184568815361388)]
[(1, 0.39755898443791715), (3, 0.20975267143581691), (6, 0.37761225298068207)]
[(6, 0.86123170055467235)]
[(6, 0.83863689643914663)]
[(2, 0.73581209242877421), (3, 0.22205421187156574)]
[(2, 0.7410048482032302)]
[(2, 0.40767300229414044), (6, 0.4256424488158847)]
[(2, 0.5153785076969315), (6, 0.262615315512716)]
[(2, 0.59943572569323322), (3, 0.24303986381385706)]
[(2, 0.39387299393083353), (3, 0.23415041529241895), (5, 0.3310308982858815)]
[(0, 0.37526227666206791), (2, 0.25989745658174551), (5, 0.30748471812626377)]
[(0, 0.3968262568082368), (4, 0.32254494580472692), (6, 0.20341794618129425)]
[(4, 0.59427134732308717), (6, 0.25133461185296385)]
[(0, 0.25103798228460772), (6, 0.46948175390791158)]
[(6, 0.77258374557528475)]
[(6, 0.7931757432570371)]
[(2, 0.48634884874021328), (6, 0.23909147059062807)]
[(2, 0.68753341806243162), (6, 0.27662066892794063)]
[(3, 0.58930945711335636), (4, 0.35093969744258552)]
[(3, 0.64217659720607068), (4, 0.34480424091569245)]
[(3, 0.42338172234982502), (4, 0.53186106886786644)]
[(1, 0.39755416241135261), (3, 0.20975991331422716), (6, 0.37760983284441663)]
[(6, 0.86124014978693397)]
[(6, 0.83863505494410318)]
[(2, 0.73587694756563315), (3, 0.22198934192540087)]
[(2, 0.74099886896659328)]
[(2, 0.4076696874729091), (6, 0.42565826583096111)]
[(2, 0.51538585744582543), (6, 0.26262939974655275)]
[(2, 0.59944836161776094), (3, 0.24303025980833878)]
[(2, 0.39390884203391691), (3, 0.23423221006834108), (5, 0.33091325086458773)]
[(0, 0.37526214952944054), (2, 0.2598981430885135), (5, 0.30748415870483109)]
[(0, 0.39682442542954965), (4, 0.32254632359703023), (6, 0.20341627990891104)]
[(4, 0.59430163956581938), (6, 0.25119919518445771)]
[(0, 0.2510391954783554), (6, 0.46948225939202348)]
[(6, 0.77258299642699158)]
[(6, 0.79316725124158027)]
[(2, 0.48634449947245195), (6, 0.23908785410877206)]
[(2, 0.68752407266380311), (6, 0.27662968472436406)]
[(3, 0.58933003935882), (4, 0.35092742330204829)]
[(3, 0.64219620353878315), (4, 0.34478463721559294)]
[(3, 0.42337997173709807), (4, 0.53186269512109496)]
[(1, 0.39754456629504403), (3, 0.20977343921837868), (6, 0.37760590277560047)]
[(6, 0.86124795962555023)]
[(6, 0.8386338297875322)]
[(2, 0.73583707860794711), (3, 0.22202922004014647)]
[(2, 0.74100544718137684)]
[(2, 0.40775965949197363), (6, 0.42568398773474575)]
[(2, 0.51536746186233673), (6, 0.26260313260765705)]
[(2, 0.59950883828670865), (3, 0.24301818459289776)]
[(2, 0.39393469798930569), (3, 0.23421362212290792), (5, 0.33090598232773899)]
[(0, 0.37525469390341892), (2, 0.25994428024929273), (5, 0.30744547424188279)]
[(0, 0.39682495732815493), (4, 0.32254592158425421), (6, 0.20341676570103662)]
[(4, 0.59426807069546095), (6, 0.2513485316349095)]
[(0, 0.25103901237595433), (6, 0.46948378789454848)]
[(6, 0.77281477147076794)]
[(6, 0.79314737062200391)]
[(2, 0.48632436848125521), (6, 0.23906718455067458)]
[(2, 0.68753068000623752), (6, 0.27662332605615664)]
[(3, 0.58934298265641505), (4, 0.35091797783515216)]
[(3, 0.64219910358994448), (4, 0.34478173716535027)]
[(3, 0.42337060414405475), (4, 0.53187220719027173)]
[(1, 0.39755018245280416), (3, 0.20976514622306086), (6, 0.3776085797003253)]
[(6, 0.86138675784611296)]
[(6, 0.8386459902240585)]
[(2, 0.7360822041116073), (3, 0.22178357408048033)]
[(2, 0.74100666160108641)]
[(2, 0.40769245075861943), (6, 0.42551170047025494)]
[(2, 0.51536264825942668), (6, 0.26260945522224038)]
[(2, 0.59943903693653333), (3, 0.24303220871037018)]
[(2, 0.39386970154393414), (3, 0.23417345364423767), (5, 0.33101115165553396)]
[(0, 0.37526448536301371), (2, 0.25988277245987051), (5, 0.30749719450720137)]
[(0, 0.39682760506558656), (4, 0.32254393275770016), (6, 0.20341917330279616)]
[(4, 0.59427107145089897), (6, 0.25125564329272354)]
[(0, 0.25103823821417304), (6, 0.46948133219191268)]
[(6, 0.77258855094346401)]
[(6, 0.79314718273554397)]
[(2, 0.48632404880470587), (6, 0.23906912425174345)]
[(2, 0.68753610601452175), (6, 0.27661800578755236)]
[(3, 0.58932747366556115), (4, 0.35092911263690169)]
[(3, 0.64218960696224725), (4, 0.34479123326918742)]
[(3, 0.42338690117044542), (4, 0.53185478174650591)]
[(1, 0.39757132085048041), (3, 0.20973446045648117), (6, 0.3776181279587898)]
[(6, 0.86121437654460509)]
[(6, 0.8386384781997207)]
[(2, 0.73580315018231868), (3, 0.2220631461734931)]
[(2, 0.7410074057072753)]
[(2, 0.40766352627526758), (6, 0.42563907325530204)]
[(2, 0.51537450304306953), (6, 0.26260015875792009)]
[(2, 0.5995681388150268), (3, 0.24301206397543731)]
[(2, 0.39396815005748953), (3, 0.23423226735244543), (5, 0.33085388282137246)]
[(0, 0.37526521956354286), (2, 0.25987761432983836), (5, 0.30750161876700116)]
[(0, 0.39682386681462156), (4, 0.32254674287407104), (6, 0.20341577352369922)]
[(4, 0.59427567237838197), (6, 0.25128125469847828)]
[(0, 0.25103790988940311), (6, 0.46948132990131219)]
[(6, 0.77285409069417799)]
[(6, 0.7931707769188352)]
[(2, 0.48632325136376214), (6, 0.23906699930843012)]
[(2, 0.68750953207011067), (6, 0.27664343878931313)]
[(3, 0.58933524107131685), (4, 0.35092382797886051)]
[(3, 0.64219950712925611), (4, 0.34478133362380597)]
[(3, 0.42336249828145989), (4, 0.53188022272586066)]
[(1, 0.39755666450619664), (3, 0.20975678213504978), (6, 0.37761045520663167)]
[(6, 0.8613555849369765)]
[(6, 0.83863335087673219)]
[(2, 0.73586780223182691), (3, 0.22199848326057606)]
[(2, 0.74099983558089166)]
[(2, 0.40755300561908742), (6, 0.42552647302018493)]
[(2, 0.51532142148092119), (6, 0.26261917582282279)]
[(2, 0.59961012650871026), (3, 0.24298380845886208)]
[(2, 0.39394590899564613), (3, 0.23422402892925509), (5, 0.33088436362944063)]
[(0, 0.37523869652525765), (2, 0.26004450971848542), (5, 0.30736123564226514)]
[(0, 0.39682504916200934), (4, 0.32254585354470616), (6, 0.20341684783920172)]
[(4, 0.59429954111360794), (6, 0.25122679514052765)]
[(0, 0.25103845803293678), (6, 0.46948161984106268)]
[(6, 0.77280600216724205)]
[(6, 0.79314468736065757)]
[(2, 0.48633386021595776), (6, 0.23907281758288551)]
[(2, 0.68751526388064499), (6, 0.27663815101138878)]
[(3, 0.58934411165433109), (4, 0.35091706452755189)]
[(3, 0.64219306005854015), (4, 0.34478778053707115)]
[(3, 0.42337875875130138), (4, 0.53186402397868726)]
[(1, 0.3975526863090027), (3, 0.20976552078686561), (6, 0.37760569764807767)]
[(6, 0.86128238834886606)]
[(6, 0.83864699832496359)]
[(2, 0.73602259254164049), (3, 0.22184318183625221)]
[(2, 0.74100319371052603)]
[(2, 0.40750559734458569), (6, 0.4255095913332646)]
[(2, 0.51537537341326867), (6, 0.26260346030621518)]
[(2, 0.59944478634340259), (3, 0.24302471492698358)]
[(2, 0.39390633213512283), (3, 0.2341370817781856), (5, 0.33101089252699722)]
[(0, 0.37523605901256113), (2, 0.26006108428777974), (5, 0.30734729749900719)]
[(0, 0.39682531979752933), (4, 0.32254565053085249), (6, 0.20341709357075841)]
[(4, 0.59431748802906381), (6, 0.25127917840654729)]
[(0, 0.25103770410104026), (6, 0.46948140464614851)]
[(6, 0.77267161161518427)]
[(6, 0.79316780477483195)]
[(2, 0.48634379661488464), (6, 0.23908600179560002)]
[(2, 0.6875271450287721), (6, 0.27662677515982981)]
[(3, 0.58930695467148209), (4, 0.35094101705099223)]
[(3, 0.64219821404976152), (4, 0.34478262664871429)]
[(3, 0.42336934734534398), (4, 0.53187343429069878)]
[(1, 0.39757251923347964), (3, 0.20973250265728013), (6, 0.3776188874288442)]
[(6, 0.86121842860147146)]
[(6, 0.83863747429279467)]
[(2, 0.7358163848191972), (3, 0.22204991850966413)]
[(2, 0.74100361336376386)]
[(2, 0.40765495318044281), (6, 0.42563211264027401)]
[(2, 0.51532205420168553), (6, 0.26267901395849319)]
[(2, 0.5994308276377236), (3, 0.24303535899306944)]
[(2, 0.39393684843835614), (3, 0.23424875164989345), (5, 0.33086870100535598)]
[(0, 0.37525949124664976), (2, 0.25991300911972809), (5, 0.30747195004217404)]
[(0, 0.39683018640942297), (4, 0.32254200897754487), (6, 0.20342151165305591)]
[(4, 0.59426476114261051), (6, 0.2512766731705679)]
[(0, 0.25103988376070235), (6, 0.46948549577223436)]
[(6, 0.77283655826393372)]
[(6, 0.79321134358386725)]
[(2, 0.48634050980659332), (6, 0.23908417614560709)]
[(2, 0.68750868089914019), (6, 0.27664416210572218)]
[(3, 0.58934402212744763), (4, 0.35091713759417192)]
[(3, 0.64217886660383894), (4, 0.34480196889942821)]
[(3, 0.42334751567047335), (4, 0.53189429469647675)]
[(1, 0.39756308653597489), (3, 0.20974688575121839), (6, 0.37761393652712283)]
[(6, 0.86122585586607159)]
[(6, 0.83863748699197038)]
[(2, 0.73587733041559278), (3, 0.2219889591356291)]
[(2, 0.74099958004197308)]
[(2, 0.40750717866614528), (6, 0.42547143375890262)]
[(2, 0.51537428367959881), (6, 0.26259963099617045)]
[(2, 0.59943487034259957), (3, 0.24302856696352595)]
[(2, 0.3938900674294229), (3, 0.23417244680102747), (5, 0.33099179171787085)]
[(0, 0.37524714391202868), (2, 0.25999052705826503), (5, 0.30740677450296372)]
[(0, 0.39682421873163926), (4, 0.32254647697026234), (6, 0.20341609422263901)]
[(4, 0.59427936401173931), (6, 0.25127801063857014)]
[(0, 0.25104050138368394), (6, 0.4694853005641702)]
[(6, 0.77262469768640685)]
[(6, 0.79321866433953825)]
[(2, 0.48633799048015691), (6, 0.23907791811784418)]
[(2, 0.68751298816144357), (6, 0.27663807329066109)]
[(3, 0.58934304852752195), (4, 0.35091792502440405)]
[(3, 0.64217378240558509), (4, 0.34480705564737102)]
[(3, 0.42340641515575278), (4, 0.53183369575250461)]
[(1, 0.39754626362030571), (3, 0.20977165924271243), (6, 0.37760598541964524)]
[(6, 0.86120760712034616)]
[(6, 0.83863262364526348)]
[(2, 0.73623605274851778), (3, 0.22162956112807489)]
[(2, 0.74098804673472118)]
[(2, 0.40755390849700684), (6, 0.42555923985302219)]
[(2, 0.51536923096083553), (6, 0.26261333503056628)]
[(2, 0.59943859196095661), (3, 0.2430334179314014)]
[(2, 0.39387255093350626), (3, 0.23417402553296313), (5, 0.33100773022694374)]
[(0, 0.37525638309620091), (2, 0.2599337688306837), (5, 0.30745429713672745)]
[(0, 0.39682980884665103), (4, 0.32254229010533014), (6, 0.20342116935513754)]
[(4, 0.59426955902374778), (6, 0.25127431780577641)]
[(0, 0.25103790146173), (6, 0.4694813858555052)]
[(6, 0.77284518154587833)]
[(6, 0.79321369767483607)]
[(2, 0.48633111390121042), (6, 0.23906971439482863)]
[(2, 0.68753378039004664), (6, 0.27662030002768156)]
[(3, 0.58934113938963939), (4, 0.35091943296576483)]
[(3, 0.64217921905302), (4, 0.34480161913439755)]
[(3, 0.42342262987272655), (4, 0.53181960520832006)]
[(1, 0.39756455364975435), (3, 0.20974420591165738), (6, 0.37761514949685049)]
[(6, 0.86125444596587231)]
[(6, 0.83863033377067542)]
[(2, 0.73583261951685153), (3, 0.22203367989373002)]
[(2, 0.74100135356394847)]
[(2, 0.4076909870445809), (6, 0.42564781734294349)]
[(2, 0.51538204069056581), (6, 0.2626155958504014)]
[(2, 0.59946041233300351), (3, 0.24302197045064461)]
[(2, 0.39385844668133885), (3, 0.23417469032503285), (5, 0.33102117030659894)]
[(0, 0.37524706664565044), (2, 0.25999010327201477), (5, 0.30740727557898734)]
[(0, 0.39682541332564863), (4, 0.32254557875023954), (6, 0.20341718013040799)]
[(4, 0.59427046386327986), (6, 0.2512513848185251)]
[(0, 0.25103805406335178), (6, 0.46948155722531526)]
[(6, 0.77264304835393349)]
[(6, 0.79322270874986311)]
[(2, 0.48633374685724973), (6, 0.23907365839833181)]
[(2, 0.68751937387890782), (6, 0.27663426543180109)]
[(3, 0.58932800361513515), (4, 0.35092876796791084)]
[(3, 0.6421948153796958), (4, 0.34478602514601042)]
[(3, 0.4233488951931193), (4, 0.53189111999328886)]
[(1, 0.39755359919948707), (3, 0.20975923344406142), (6, 0.37761107593077686)]
[(6, 0.86125292997301783)]
[(6, 0.83865110054650116)]
[(2, 0.73586857944750628), (3, 0.22199754941133898)]
[(2, 0.74100126404251232)]
[(2, 0.40767031976350454), (6, 0.42559647477202139)]
[(2, 0.51537376623848086), (6, 0.26260781889669393)]
[(2, 0.59946043444198671), (3, 0.24302299290569579)]
[(2, 0.39395008224217359), (3, 0.23418481373936351), (5, 0.33091940675134179)]
[(0, 0.37525643996675412), (2, 0.25993318711110175), (5, 0.30745482204156099)]
[(0, 0.39682644844443027), (4, 0.3225448061105034), (6, 0.20341811598944762)]
[(4, 0.59429698370558082), (6, 0.25129808777193458)]
[(0, 0.251038369020326), (6, 0.46948374676460641)]
[(6, 0.77277844042704691)]
[(6, 0.79316798138205169)]
[(2, 0.48632849296446579), (6, 0.23906709805564813)]
[(2, 0.68749912633953758), (6, 0.27665271559449861)]
[(3, 0.58934425917747357), (4, 0.3509169438797094)]
[(3, 0.64219648366314797), (4, 0.34478435698959592)]
[(3, 0.42341666054527705), (4, 0.53182390293568216)]
[(1, 0.39754729848074721), (3, 0.20976944095034519), (6, 0.37760716884943835)]
[(6, 0.86121161708598726)]
[(6, 0.83864620598684192)]
[(2, 0.73620766523795744), (3, 0.22165854152987019)]
[(2, 0.74099916625161788)]
[(2, 0.40767648588897415), (6, 0.4255442241722589)]
[(2, 0.51538039699642768), (6, 0.26261536953196968)]
[(2, 0.59943823210452063), (3, 0.24302897479434277)]
[(2, 0.39396044151897369), (3, 0.23421760097994307), (5, 0.33087625860656295)]
[(0, 0.37524738855700651), (2, 0.25998930691652833), (5, 0.30740775006630761)]
[(0, 0.3968243160989573), (4, 0.32254640617073205), (6, 0.20341618046038076)]
[(4, 0.59429423067978804), (6, 0.25131037108538107)]
[(0, 0.25103882656802079), (6, 0.46948285598344636)]
[(6, 0.77259028120538664)]
[(6, 0.79322307316881335)]
[(2, 0.48633721061779439), (6, 0.23907946031286456)]
[(2, 0.68752465334819168), (6, 0.27662837947396279)]
[(3, 0.58932698240253767), (4, 0.35092943022828699)]
[(3, 0.64218855961114507), (4, 0.34479228058742445)]
[(3, 0.42337710607280521), (4, 0.53186566602175867)]
[(1, 0.39756281659681442), (3, 0.20974712043477284), (6, 0.37761397173561578)]
[(6, 0.86121763060486889)]
[(6, 0.83865038398120018)]
[(2, 0.73590398297288673), (3, 0.2219622855934674)]
[(2, 0.7409978499862051)]
[(2, 0.40748622355775826), (6, 0.42549600772854795)]
[(2, 0.51537424087635186), (6, 0.26262925065110798)]
[(2, 0.59959410863173634), (3, 0.24299864462330606)]
[(2, 0.39395433430366261), (3, 0.23421177213751124), (5, 0.33088819515444567)]
[(0, 0.37524063248041006), (2, 0.26003209752391304), (5, 0.30737171273124153)]
[(0, 0.39682631153375603), (4, 0.32254490271247077), (6, 0.20341799804452138)]
[(4, 0.5942562337022419), (6, 0.25125823791429958)]
[(0, 0.25103922042063875), (6, 0.46948327394365813)]
[(6, 0.77260087529003474)]
[(6, 0.79321981867731561)]
[(2, 0.48633751293472771), (6, 0.2390793968928755)]
[(2, 0.68752026009017886), (6, 0.2766333417110482)]
[(3, 0.58931540287934037), (4, 0.35093642653138041)]
[(3, 0.64219170991380881), (4, 0.34478913021213176)]
[(3, 0.42337489678319212), (4, 0.53186790250795013)]
[(1, 0.39757021019482419), (3, 0.20973636313168853), (6, 0.37761733588180246)]
[(6, 0.86122344181159416)]
[(6, 0.83865048193721414)]
[(2, 0.73583768216838275), (3, 0.22202861532885679)]
[(2, 0.74100156627892555)]
[(2, 0.40766895061031039), (6, 0.42571998824216345)]
[(2, 0.51539229540000242), (6, 0.2626213986039827)]
[(2, 0.59947310560182088), (3, 0.24302365773518494)]
[(2, 0.39385356721664472), (3, 0.2341924639724067), (5, 0.33100827571510283)]
[(0, 0.37523455668511529), (2, 0.26007756989155545), (5, 0.30733230796673294)]
[(0, 0.39682442163696641), (4, 0.32254632609249712), (6, 0.20341627711679783)]
[(4, 0.59427908641213556), (6, 0.25131229747489331)]
[(0, 0.25103799042160113), (6, 0.46948163970936224)]
[(6, 0.77285777158979208)]
[(6, 0.7932093798605343)]
[(2, 0.48633293449267956), (6, 0.23907711010520008)]
[(2, 0.68752202494986714), (6, 0.2766316490004872)]
[(3, 0.58931851517116018), (4, 0.35093463246543971)]
[(3, 0.64219824004321069), (4, 0.34478260057553839)]
[(3, 0.42335557051539691), (4, 0.53188713989754421)]
[(1, 0.39755874329998947), (3, 0.20975254624783859), (6, 0.37761261933252666)]
[(6, 0.86122940739407372)]
[(6, 0.83864913995323864)]
[(2, 0.73608030911520439), (3, 0.22178575949332763)]
[(2, 0.74100460548329927)]
[(2, 0.40770142917406327), (6, 0.42557033940292699)]
[(2, 0.51535798794635745), (6, 0.26261349954769297)]
[(2, 0.59953403598123334), (3, 0.2430145813748282)]
[(2, 0.39396668591511719), (3, 0.23420093841548811), (5, 0.33088667705160418)]
[(0, 0.37523845305332848), (2, 0.26006855757552499), (5, 0.30733738443407105)]
[(0, 0.39682644101432751), (4, 0.32254480682303471), (6, 0.2034181143459183)]
[(4, 0.59428547477739246), (6, 0.25119325525444641)]
[(0, 0.25103882691319768), (6, 0.46948168362439652)]
[(6, 0.77283888027260339)]
[(6, 0.79316123185011511)]
[(2, 0.48634620272515405), (6, 0.23908877502818177)]
[(2, 0.68751233401657263), (6, 0.27663914066434681)]
[(3, 0.5893420151724823), (4, 0.3509187469592972)]
[(3, 0.64218971300913352), (4, 0.34479112661463551)]
[(3, 0.42336336872165975), (4, 0.5318793579125618)]
[(1, 0.39754812384897742), (3, 0.20976834907769112), (6, 0.37760743545763426)]
[(6, 0.8612348700318625)]
[(6, 0.83865100446732466)]
[(2, 0.73591716611399738), (3, 0.22194909352091172)]
[(2, 0.74099627165529813)]
[(2, 0.40749513743674615), (6, 0.42545465896374685)]
[(2, 0.51536486807314175), (6, 0.26260307990240256)]
[(2, 0.59943993420672814), (3, 0.24302772600752526)]
[(2, 0.39391315219037387), (3, 0.23415025750811549), (5, 0.33099089596691117)]
[(0, 0.37526486725931274), (2, 0.25988100855494195), (5, 0.3074985766222561)]
[(0, 0.39682936505346766), (4, 0.32254261996577743), (6, 0.20342076811088114)]
[(4, 0.59426570026722914), (6, 0.25131589575189023)]
[(0, 0.25103767476975047), (6, 0.46948141051788495)]
[(6, 0.77270446236986257)]
[(6, 0.79320616263255084)]
[(2, 0.48633603345925608), (6, 0.23907813201839537)]
[(2, 0.687523132693446), (6, 0.27663065327737868)]
[(3, 0.58932290248728292), (4, 0.35093199878021936)]
[(3, 0.64219296526596858), (4, 0.34478787526354265)]
[(3, 0.4234079202285761), (4, 0.53183386831688872)]
[(1, 0.39754910003646543), (3, 0.2097652213434629), (6, 0.37760957951059182)]
[(6, 0.86122717346618283)]
[(6, 0.83864318475900623)]
[(2, 0.73584136216092644), (3, 0.22202492990407269)]
[(2, 0.74100084951866219)]
[(2, 0.40746940694467232), (6, 0.42553367017115079)]
[(2, 0.51534634593804529), (6, 0.26261494318523726)]
[(2, 0.59944630474381977), (3, 0.24302879400673788)]
[(2, 0.39391352183350054), (3, 0.23425173209806327), (5, 0.33088904812521885)]
[(0, 0.37524630465773273), (2, 0.25999897020728402), (5, 0.30739916944263712)]
[(0, 0.39682367406846802), (4, 0.32254688734233511), (6, 0.20341559930837211)]
[(4, 0.59425823180959902), (6, 0.251272235726896)]
[(0, 0.25103880750897489), (6, 0.46948459319839042)]
[(6, 0.77283174767045415)]
[(6, 0.79321585614196355)]
[(2, 0.48632296170545358), (6, 0.2390596049262381)]
[(2, 0.68753345528663268), (6, 0.27662060842370179)]
[(3, 0.58934263105635276), (4, 0.35091825875279425)]
[(3, 0.642176433948209), (4, 0.34480440443502486)]
[(3, 0.42342461678159798), (4, 0.53181647946311494)]
[(1, 0.39754637871287035), (3, 0.2097708034153522), (6, 0.37760672608426055)]
[(6, 0.86122414410113279)]
[(6, 0.83863078945659553)]
[(2, 0.73590344817431441), (3, 0.2219628354603343)]
[(2, 0.74099636064107344)]
[(2, 0.40753243820932383), (6, 0.42553457436815989)]
[(2, 0.51538274894630254), (6, 0.26261769637339799)]
[(2, 0.5994371915406641), (3, 0.24305248550209144)]
[(2, 0.39387494261800787), (3, 0.23416791168584297), (5, 0.33101145249694591)]
[(0, 0.37523720047916448), (2, 0.26005366054059709), (5, 0.3073535803125928)]
[(0, 0.39682945291925953), (4, 0.32254255460578551), (6, 0.2034208476198878)]
[(4, 0.59426308112520199), (6, 0.25128393751960537)]
[(0, 0.25103806055507777), (6, 0.46948194977233543)]
[(6, 0.77277583473088773)]
[(6, 0.79315144514122082)]
[(2, 0.48632715351872019), (6, 0.2390715367783898)]
[(2, 0.68751237771935514), (6, 0.27664075293565848)]
[(3, 0.58932514027772065), (4, 0.35093060490721845)]
[(3, 0.64217305741483233), (4, 0.3448077759057725)]
[(3, 0.42340395769904049), (4, 0.53183737441695289)]
[(1, 0.39755393845421577), (3, 0.20976040094473083), (6, 0.37760956907931853)]
[(6, 0.86124561606072159)]
[(6, 0.83863807758259656)]
[(2, 0.73618199960215192), (3, 0.22168422056890355)]
[(2, 0.74100584372013234)]
[(2, 0.40770785608692967), (6, 0.42555436634591315)]
[(2, 0.51537045243253954), (6, 0.26259612907365787)]
[(2, 0.59948470166818535), (3, 0.24304637378714292)]
[(2, 0.39393694778824428), (3, 0.23425017722089306), (5, 0.33086717602915677)]
[(0, 0.37526252994237341), (2, 0.25989387298066757), (5, 0.30748804868829016)]
[(0, 0.39682553627462386), (4, 0.32254548496872254), (6, 0.20341729340441322)]
[(4, 0.59428488968171078), (6, 0.25124920519126981)]
[(0, 0.25103837608369783), (6, 0.4694810863910267)]
[(6, 0.77285435415861192)]
[(6, 0.79321653078474563)]
[(2, 0.48632999228509971), (6, 0.23906964144634055)]
[(2, 0.68751166666841024), (6, 0.2766415237569374)]
[(3, 0.58932745811168963), (4, 0.35092912272045229)]
[(3, 0.64217286019403097), (4, 0.34480797486280435)]
[(3, 0.42341018078031234), (4, 0.53183260834623292)]
[(1, 0.39756781350386278), (3, 0.20973949741475897), (6, 0.37761659807789494)]
[(6, 0.86122761545339277)]
[(6, 0.83863865626838452)]
[(2, 0.73586877823224572), (3, 0.22199751301716447)]
[(2, 0.74100661588020089)]
[(2, 0.40772228193197396), (6, 0.42571700734615187)]
[(2, 0.51536953450003076), (6, 0.26259565256573875)]
[(2, 0.59955466064314356), (3, 0.24300025259188279)]
[(2, 0.39388472775526456), (3, 0.23419734886846139), (5, 0.33097222868578491)]
[(0, 0.37525738189387936), (2, 0.25992797795510564), (5, 0.30745908955564411)]
[(0, 0.39682761151196161), (4, 0.32254392866691162), (6, 0.20341917835955059)]
[(4, 0.59426346987693113), (6, 0.25126122640575127)]
[(0, 0.25103985457955968), (6, 0.46948479053200121)]
[(6, 0.77271628789055224)]
[(6, 0.79320400416513037)]
[(2, 0.48634112690801473), (6, 0.23908285599924969)]
[(2, 0.68752424347126062), (6, 0.27662949771372275)]
[(3, 0.58932443067182783), (4, 0.35093105078063447)]
[(3, 0.64219609663147537), (4, 0.34478474378813939)]
[(3, 0.4234048246745129), (4, 0.53183459421386048)]
[(1, 0.39756616493098784), (3, 0.20974193216820503), (6, 0.37761581200122007)]
[(6, 0.86129881172251788)]
[(6, 0.83863637379831146)]
[(2, 0.73593290740233452), (3, 0.22193278505380198)]
[(2, 0.74100065854556141)]
[(2, 0.40749938786952067), (6, 0.42551030875067869)]
[(2, 0.51536940394468822), (6, 0.26262463401556196)]
[(2, 0.59945351373256384), (3, 0.2430498376933434)]
[(2, 0.39394220103671346), (3, 0.23422375853314356), (5, 0.33088834216531843)]
[(0, 0.3752646281922844), (2, 0.25988282495834619), (5, 0.30749699915562745)]
[(0, 0.39683024617885909), (4, 0.32254196444921135), (6, 0.20342156586105706)]
[(4, 0.59427291517863179), (6, 0.25126143417790875)]
[(0, 0.25103829472581329), (6, 0.46948219127990426)]
[(6, 0.77283837824552759)]
[(6, 0.793220228154073)]
[(2, 0.48633102280228024), (6, 0.2390697136930294)]
[(2, 0.68750336578029969), (6, 0.27664906494272279)]
[(3, 0.58930891983082789), (4, 0.35093998350573247)]
[(3, 0.64217529344272573), (4, 0.3448055441939325)]
[(3, 0.42338645344479725), (4, 0.5318559053167301)]
[(1, 0.3975682360497852), (3, 0.20973982145684411), (6, 0.37761585149699145)]
[(6, 0.86125062403859065)]
[(6, 0.83863389597467086)]
[(2, 0.73602732742636967), (3, 0.22183799793749456)]
[(2, 0.74099916450059344)]
[(2, 0.40751313573950038), (6, 0.42547434460834127)]
[(2, 0.515371833971626), (6, 0.26260112277960401)]
[(2, 0.59943140472920431), (3, 0.24305465419257483)]
[(2, 0.39389909033946574), (3, 0.23416608082379745), (5, 0.33098913459640872)]
[(0, 0.37526165826945501), (2, 0.25990006237726926), (5, 0.30748273059571751)]
[(0, 0.39683052686969561), (4, 0.32254175512099065), (6, 0.20342182068327835)]
[(4, 0.59428294882845656), (6, 0.25125412283895127)]
[(0, 0.25103852668847632), (6, 0.46948164256828467)]
[(6, 0.77271250014928849)]
[(6, 0.79321122059245974)]
[(2, 0.48634517697098101), (6, 0.23908700692412629)]
[(2, 0.68752092208008664), (6, 0.27663105280046768)]
[(3, 0.58933218086253858), (4, 0.35092597197601388)]
[(3, 0.64217401101701965), (4, 0.34480682770847343)]
[(3, 0.42334373311610202), (4, 0.5318989214993225)]
[(1, 0.39755643071417684), (3, 0.20975584262970634), (6, 0.3776116354662919)]
[(6, 0.86122487430796679)]
[(6, 0.83863020760075679)]
[(2, 0.73585061601017765), (3, 0.22201567652437557)]
[(2, 0.74100328805609561)]
[(2, 0.40754209714278278), (6, 0.4255236732696504)]
[(2, 0.51533550683362095), (6, 0.26264380112966296)]
[(2, 0.59944370797475055), (3, 0.24303352715768115)]
[(2, 0.3939085096313058), (3, 0.23421425675537053), (5, 0.33093153723418361)]
[(0, 0.37524561230404097), (2, 0.26000160532269895), (5, 0.30739722698578964)]
[(0, 0.39682972025892821), (4, 0.32254235638830336), (6, 0.20342108886320739)]
[(4, 0.59425848924663782), (6, 0.25126008966530911)]
[(0, 0.25103948994784936), (6, 0.46948442321364492)]
[(6, 0.77283439293079825)]
[(6, 0.79321204380775501)]
[(2, 0.48632592338814562), (6, 0.23907420511097074)]
[(2, 0.6875330140346263), (6, 0.27662107564428157)]
[(3, 0.58933326356460214), (4, 0.35092522314940522)]
[(3, 0.64219426931225754), (4, 0.34478657108527938)]
[(3, 0.42337936932720183), (4, 0.53186342489461969)]
[(1, 0.39754991185285737), (3, 0.20976393021562806), (6, 0.37761006106231237)]
[(6, 0.86129027627241816)]
[(6, 0.83864200979000447)]
[(2, 0.73583858485381792), (3, 0.22202768896470768)]
[(2, 0.74099996639718479)]
[(2, 0.40756517606360343), (6, 0.42548864482412069)]
[(2, 0.51537671381899275), (6, 0.26259768932784583)]
[(2, 0.59942824410073337), (3, 0.24305661986873256)]
[(2, 0.39391629925149546), (3, 0.234221226087069), (5, 0.33091677767754779)]
[(0, 0.37524386960524636), (2, 0.26001050197562903), (5, 0.30739007260536771)]
[(0, 0.39682528989327026), (4, 0.32254567119422467), (6, 0.20341706830550305)]
[(4, 0.59426774380549952), (6, 0.25124479660012039)]
[(0, 0.25103966652506016), (6, 0.4694845505524422)]
[(6, 0.77285332602899059)]
[(6, 0.79315505619831161)]
[(2, 0.48632441514457986), (6, 0.23907092075346031)]
[(2, 0.68751058844335422), (6, 0.27664247039777751)]
[(3, 0.58932718872436807), (4, 0.35092929707362419)]
[(3, 0.64219491519419591), (4, 0.34478592525480373)]
[(3, 0.42340284975254311), (4, 0.53183756841852758)]
[(1, 0.39755927068304509), (3, 0.20975283400349426), (6, 0.37761180399019001)]
[(6, 0.86136380660951162)]
[(6, 0.83864519436313389)]
[(2, 0.73586324181910623), (3, 0.22200305089957678)]
[(2, 0.74100116396628424)]
[(2, 0.4076344345355839), (6, 0.42549331023309306)]
[(2, 0.51537039467568657), (6, 0.26262336733182401)]
[(2, 0.59942388822986403), (3, 0.24303534570118587)]
[(2, 0.39385578904387958), (3, 0.2341857867227333), (5, 0.33101273127352265)]
[(0, 0.37524132961782136), (2, 0.26002540561943704), (5, 0.30737770799476205)]
[(0, 0.39682547929506728), (4, 0.32254552758396143), (6, 0.2034172417373793)]
[(4, 0.59427050406280946), (6, 0.25126813435961193)]
[(0, 0.25103793631268378), (6, 0.46948150467849487)]
[(6, 0.77284525378669444)]
[(6, 0.79318871206419972)]
[(2, 0.48632503859419296), (6, 0.23906202660799206)]
[(2, 0.68750707920931409), (6, 0.27664373552584837)]
[(3, 0.58932797130359715), (4, 0.35092878903938796)]
[(3, 0.64217587937670984), (4, 0.34480495974663689)]
[(3, 0.42336262052039958), (4, 0.5318786014555299)]
[(1, 0.39754873278207636), (3, 0.20976762900484883), (6, 0.37760754665326451)]
[(6, 0.86124929381803439)]
[(6, 0.83864841226194387)]
[(2, 0.73587742518020882), (3, 0.22198886391713193)]
[(2, 0.74099623236923784)]
[(2, 0.40758791781043924), (6, 0.42547232242159744)]
[(2, 0.51537911405270309), (6, 0.26261737810686281)]
[(2, 0.59943981738270768), (3, 0.24302751573163595)]
[(2, 0.39396553092028735), (3, 0.23418341273866525), (5, 0.3309053583885414)]
[(0, 0.37525296981486156), (2, 0.25995566799661407), (5, 0.30743580974906543)]
[(0, 0.39683039476626497), (4, 0.32254185486341497), (6, 0.20342169941293942)]
[(4, 0.5943248951423038), (6, 0.25123500323764597)]
[(0, 0.2510389242792691), (6, 0.46948284864686485)]
[(6, 0.77263044970811234)]
[(6, 0.79314535478854031)]
[(2, 0.4863230079786553), (6, 0.23906912783955547)]
[(2, 0.68753238239760295), (6, 0.27662161807233848)]
[(3, 0.58933278221525354), (4, 0.35092555734120578)]
[(3, 0.64217887604472057), (4, 0.34480196278169678)]
[(3, 0.42338408369028846), (4, 0.53185864203028244)]
[(1, 0.39757468211010299), (3, 0.2097295308118107), (6, 0.37761969645336346)]
[(6, 0.86121504484762801)]
[(6, 0.83864452933769007)]
[(2, 0.73609639616492095), (3, 0.22176905626408594)]
[(2, 0.74099742031767057)]
[(2, 0.407731542072162), (6, 0.42568222263664518)]
[(2, 0.51536134383182464), (6, 0.26261717484214364)]
[(2, 0.59955185415025924), (3, 0.24303168617130452)]
[(2, 0.39386885989202963), (3, 0.23418334616595071), (5, 0.33100210047309075)]
[(0, 0.37526564252616684), (2, 0.25988022370684211), (5, 0.30749858031640809)]
[(0, 0.39682484366054871), (4, 0.32254600431320918), (6, 0.20341666509885192)]
[(4, 0.59427484297767941), (6, 0.25126951376724965)]
[(0, 0.2510398844757778), (6, 0.46948348304213061)]
[(6, 0.77258620959143098)]
[(6, 0.79321348443424733)]
[(2, 0.48633894692721419), (6, 0.23907955735511957)]
[(2, 0.68752027993269771), (6, 0.27663332808042068)]
[(3, 0.58930788167263881), (4, 0.35094053197286862)]
[(3, 0.6421758444984017), (4, 0.34480498983476043)]
[(3, 0.42331785537858752), (4, 0.53192365607317504)]
[(1, 0.39756431232292966), (3, 0.20974539755025018), (6, 0.37761419892890125)]
[(6, 0.86124805716794062)]
[(6, 0.83864691089678889)]
[(2, 0.73588936401377902), (3, 0.22197691850141543)]
[(2, 0.74099351944907299)]
[(2, 0.40763465561848705), (6, 0.42560691223105512)]
[(2, 0.5153738937929514), (6, 0.26261328117317173)]
[(2, 0.59941433451997805), (3, 0.24304633813644066)]
[(2, 0.39387116383505671), (3, 0.23416850578244006), (5, 0.33101463733491965)]
[(0, 0.37524347173792966), (2, 0.26001924869191317), (5, 0.30738172122383156)]
[(0, 0.39683041359637816), (4, 0.32254183979388107), (6, 0.20342171760771968)]
[(4, 0.5942756380844546), (6, 0.25125933583461174)]
[(0, 0.25103850629359026), (6, 0.46948241840561866)]
[(6, 0.77284737981557339)]
[(6, 0.79316801459716824)]
[(2, 0.48634258676625708), (6, 0.23909263313993537)]
[(2, 0.68750425673739546), (6, 0.27664826257447406)]
[(3, 0.5893273189033138), (4, 0.35092921287912948)]
[(3, 0.64219058068273793), (4, 0.34479025978802297)]
[(3, 0.42337969014846771), (4, 0.53186309039310931)]
[(1, 0.39756529770681226), (3, 0.20974281238482365), (6, 0.37761579890597774)]
[(6, 0.86124769172056492)]
[(6, 0.83864020810756856)]
[(2, 0.73583462989043713), (3, 0.22203166788795201)]
[(2, 0.74100173256073898)]
[(2, 0.40769125961687702), (6, 0.42566279840247873)]
[(2, 0.51533807509951812), (6, 0.26263795089095365)]
[(2, 0.59941391340101879), (3, 0.24305349380617089)]
[(2, 0.39387223668253935), (3, 0.23415747853684074), (5, 0.33102459207447343)]
[(0, 0.37525913338520234), (2, 0.25991737119323582), (5, 0.30746794542652311)]
[(0, 0.39682374396062481), (4, 0.32254683560701813), (6, 0.203415661736353)]
[(4, 0.59427149532269963), (6, 0.25133307261007376)]
[(0, 0.25103963961093573), (6, 0.46948557767959304)]
[(6, 0.77284028016202588)]
[(6, 0.79314354173791246)]
[(2, 0.48633243818665706), (6, 0.23908140975910214)]
[(2, 0.68751605315987074), (6, 0.27663475596484977)]
[(3, 0.58932075914676252), (4, 0.35093330129623257)]
[(3, 0.64219352941190766), (4, 0.34478731103206262)]
[(3, 0.42341977170190825), (4, 0.53182158139258284)]
[(1, 0.39755889562506252), (3, 0.20975249287132658), (6, 0.37761252037553195)]
[(6, 0.86126274860675756)]
[(6, 0.83863779717867371)]
[(2, 0.73588404964089604), (3, 0.2219822383404364)]
[(2, 0.74100316697341451)]
[(2, 0.40770487995336158), (6, 0.4255477542667096)]
[(2, 0.51537964597639652), (6, 0.26260196990020362)]
[(2, 0.5994301240362846), (3, 0.24303637542044115)]
[(2, 0.39390523337693789), (3, 0.23418666045530304), (5, 0.33096241091748846)]
[(0, 0.37525775352259438), (2, 0.25992558629125562), (5, 0.3074611097402124)]
[(0, 0.39682493318823919), (4, 0.32254594111089036), (6, 0.20341674225072134)]
[(4, 0.59429628535946133), (6, 0.2513070573589421)]
[(0, 0.25103844607395509), (6, 0.46948241662482937)]
[(6, 0.7725811953702153)]
[(6, 0.79322236377422228)]
[(2, 0.48633041116102549), (6, 0.23906814204499979)]
[(2, 0.68752372927486738), (6, 0.27662991712462315)]
[(3, 0.58933482395432368), (4, 0.35092412529818501)]
[(3, 0.64217362333899797), (4, 0.34480721317603558)]
[(3, 0.42336730390853117), (4, 0.53187515147435205)]
[(1, 0.39756512831756058), (3, 0.20974375914574486), (6, 0.37761502158446908)]
[(6, 0.86123708832177526)]
[(6, 0.83863445436892325)]
[(2, 0.73585692692227833), (3, 0.22200936680731201)]
[(2, 0.74100470663653406)]
[(2, 0.40767970723601399), (6, 0.42563577308192851)]
[(2, 0.51537722408276021), (6, 0.26262459394926552)]
[(2, 0.59945996911861821), (3, 0.24302085610993449)]
[(2, 0.39387796832506761), (3, 0.23418583677414537), (5, 0.33099050092781296)]
[(0, 0.37524233813818725), (2, 0.26002324358107909), (5, 0.3073788612209582)]
[(0, 0.39682449279107329), (4, 0.32254627080095372), (6, 0.20341634365168371)]
[(4, 0.59428620505182828), (6, 0.2512914174005052)]
[(0, 0.2510380328131635), (6, 0.46948176901693212)]
[(6, 0.77285505464356374)]
[(6, 0.79315302047741865)]
[(2, 0.48634345466445911), (6, 0.23908421549488462)]
[(2, 0.6875337479753546), (6, 0.27662034605913571)]
[(3, 0.58931466370839469), (4, 0.35093684407535675)]
[(3, 0.6421913327507538), (4, 0.34478950771535771)]
[(3, 0.42336591997198691), (4, 0.53187686816921431)]
[(1, 0.39754891602162384), (3, 0.20976796099862557), (6, 0.37760703129532042)]
[(6, 0.86122500109923683)]
[(6, 0.83863573641304745)]
[(2, 0.73587416697156716), (3, 0.22199212307504032)]
[(2, 0.74100010443023145)]
[(2, 0.40763351479422272), (6, 0.42553712844850261)]
[(2, 0.51532884963275505), (6, 0.2626848015425215)]
[(2, 0.59945948706691632), (3, 0.24304063612832702)]
[(2, 0.39386414943465192), (3, 0.23416576198218106), (5, 0.33102439595281574)]
[(0, 0.37524617732033561), (2, 0.25999702821484827), (5, 0.30740123949901599)]
[(0, 0.39682599831014898), (4, 0.32254513938386675), (6, 0.20341771162183117)]
[(4, 0.59428546658441062), (6, 0.25132182986739066)]
[(0, 0.25103837881718405), (6, 0.46948170373114628)]
[(6, 0.77284348887643028)]
[(6, 0.79314522892947359)]
[(2, 0.48633439354781988), (6, 0.23907394872531895)]
[(2, 0.6875327871703214), (6, 0.27662132226046426)]
[(3, 0.58932359229763231), (4, 0.35093157288908272)]
[(3, 0.64219019121735199), (4, 0.3447906488559106)]
[(3, 0.42335822442688581), (4, 0.53188450848443591)]
[(1, 0.39755403819831658), (3, 0.20975968598844005), (6, 0.37761018434690924)]
[(6, 0.86122859231254079)]
[(6, 0.83864641976615029)]
[(2, 0.73625957228098926), (3, 0.22160660880686003)]
[(2, 0.74101161814032734)]
[(2, 0.40770602014283419), (6, 0.42559758586872415)]
[(2, 0.51532064232046682), (6, 0.26267835488205249)]
[(2, 0.59942893248647178), (3, 0.24303294824152655)]
[(2, 0.39387916777743875), (3, 0.23422371406114656), (5, 0.33095142278696493)]
[(0, 0.37525378833546574), (2, 0.2599517553056605), (5, 0.30743890391536316)]
[(0, 0.39682557479319241), (4, 0.32254545779768223), (6, 0.20341732642350036)]
[(4, 0.59426768600064439), (6, 0.25124544410169408)]
[(0, 0.25104012509530854), (6, 0.46948521340866983)]
[(6, 0.77283805916412451)]
[(6, 0.79321710574135962)]
[(2, 0.48633372565611471), (6, 0.23907741478943739)]
[(2, 0.68750347005892609), (6, 0.27664885898449842)]
[(3, 0.58934085576207906), (4, 0.35091965312439888)]
[(3, 0.64218448043203646), (4, 0.34479635875346626)]
[(3, 0.42336747478473208), (4, 0.53187528585764654)]
[(1, 0.39757293309332359), (3, 0.20972919887170013), (6, 0.37762176644425355)]
[(6, 0.8612550794000613)]
[(6, 0.83864195155359267)]
[(2, 0.73580546197219809), (3, 0.22206084359917186)]
[(2, 0.74100119653207475)]
[(2, 0.40767682707061359), (6, 0.42556768310695697)]
[(2, 0.51531090577147021), (6, 0.26269092786399928)]
[(2, 0.59954598053535846), (3, 0.24299910835419933)]
[(2, 0.39392212489521111), (3, 0.23418661891846992), (5, 0.33094556016044813)]
[(0, 0.37526074254799513), (2, 0.25990553074338202), (5, 0.30747817760069301)]
[(0, 0.39682472373005251), (4, 0.32254609867597545), (6, 0.20341655192446262)]
[(4, 0.59428530640075961), (6, 0.25123187541176173)]
[(0, 0.25103800246656882), (6, 0.46948080213059296)]
[(6, 0.77284355095787394)]
[(6, 0.79315073668453939)]
[(2, 0.48634240137297546), (6, 0.23908446848858522)]
[(2, 0.68751917684529218), (6, 0.27663444530178999)]
[(3, 0.58934209535639626), (4, 0.35091868367294221)]
[(3, 0.64218806282270668), (4, 0.34479277702596745)]
[(3, 0.42336739448189292), (4, 0.53187536099628618)]
[(1, 0.39754860671152004), (3, 0.20977134978627343), (6, 0.37760394725707841)]
[(6, 0.86123224855191094)]
[(6, 0.83864410846299642)]
[(2, 0.73594739194414138), (3, 0.22191819944191657)]
[(2, 0.74099793397924218)]
[(2, 0.40762538646979868), (6, 0.42561303221095864)]
[(2, 0.51536835250990443), (6, 0.26262011552991182)]
[(2, 0.59958521576217871), (3, 0.24300644186721243)]
[(2, 0.39387658503142225), (3, 0.23418998409143138), (5, 0.33098773682005084)]
[(0, 0.37526466273057074), (2, 0.25988186436267208), (5, 0.3074979253057199)]
[(0, 0.3968238664487384), (4, 0.32254674167779301), (6, 0.20341577481952763)]
[(4, 0.5942610021385698), (6, 0.25125415515694882)]
[(0, 0.25103861303236563), (6, 0.46948232601706302)]
[(6, 0.77284582831450066)]
[(6, 0.79321975037754033)]
[(2, 0.48633505579544295), (6, 0.23907400281402999)]
[(2, 0.68752907233832694), (6, 0.27662491324584154)]
[(3, 0.58934195011362367), (4, 0.35091879824660216)]
[(3, 0.64219906991113518), (4, 0.34478177096904894)]
[(3, 0.42337575594672394), (4, 0.53186193590685427)]
[(1, 0.39757077158395254), (3, 0.20973525266250245), (6, 0.3776178850016092)]
[(6, 0.86124322158350763)]
[(6, 0.8386494441830199)]
[(2, 0.7358927659025859), (3, 0.22197351986961164)]
[(2, 0.74100533883888409)]
[(2, 0.40768292103558007), (6, 0.42564545910272883)]
[(2, 0.51537931536652704), (6, 0.26261407902222722)]
[(2, 0.59948890026699764), (3, 0.24302442922645365)]
[(2, 0.39391152505020943), (3, 0.23421431918708263), (5, 0.33092845924305497)]
[(0, 0.37524594077221352), (2, 0.25999854613384771), (5, 0.30739995802751552)]
[(0, 0.396824385601448), (4, 0.32254635269244952), (6, 0.20341624456566174)]
[(4, 0.5942732792054658), (6, 0.2513384369293587)]
[(0, 0.25103864106081686), (6, 0.46948219749964626)]
[(6, 0.77265718673649619)]
[(6, 0.79314214550851314)]
[(2, 0.48634307767169938), (6, 0.2390850071028702)]
[(2, 0.68753337465510811), (6, 0.27662072756518968)]
[(3, 0.58931715686120856), (4, 0.35093542273090733)]
[(3, 0.64218684445487018), (4, 0.34479399528779781)]
[(3, 0.42337199490765537), (4, 0.53187079627598455)]
[(1, 0.39755054337701468), (3, 0.20976393438218291), (6, 0.37760943069394692)]
[(6, 0.86123812393871002)]
[(6, 0.83863438369266285)]
[(2, 0.73585721496533918), (3, 0.22200849765421379)]
[(2, 0.74100188871955963)]
[(2, 0.40767351458378692), (6, 0.4255228268829287)]
[(2, 0.51537294511139287), (6, 0.26259870760639364)]
[(2, 0.59943269894763462), (3, 0.24303521180306284)]
[(2, 0.39392545216680225), (3, 0.23418618964993224), (5, 0.33094266201815409)]
[(0, 0.3752390907688346), (2, 0.26004382058209419), (5, 0.30736153007029593)]
[(0, 0.39683004908431707), (4, 0.32254211060184484), (6, 0.20342138782093003)]
[(4, 0.59430053223287505), (6, 0.25130238013833905)]
[(0, 0.25103868579858502), (6, 0.46948272872388414)]
[(6, 0.77283441310611012)]
[(6, 0.79322787908797843)]
[(2, 0.48632664475405979), (6, 0.23906812895241547)]
[(2, 0.68750413669777222), (6, 0.27664675065282729)]
[(3, 0.58932186877482695), (4, 0.35093263085241216)]
[(3, 0.64219733689656044), (4, 0.34478350376067324)]
[(3, 0.42337797069760497), (4, 0.53186482508508226)]
[(1, 0.39754425818061739), (3, 0.20977364313706323), (6, 0.37760600683609519)]
[(6, 0.8612552008133193)]
[(6, 0.83863171090945454)]
[(2, 0.73589602396006037), (3, 0.22197026108053206)]
[(2, 0.74099996726988593)]
[(2, 0.40765292403309011), (6, 0.42566760728330916)]
[(2, 0.51537900494104538), (6, 0.26258918262110914)]
[(2, 0.59945546141963668), (3, 0.24305178974048344)]
[(2, 0.39389255202127416), (3, 0.23418615000284115), (5, 0.33097560332518206)]
[(0, 0.37525700392567185), (2, 0.25992919759069999), (5, 0.30745824786804599)]
[(0, 0.39682933207825749), (4, 0.3225426437397052), (6, 0.20342073900402691)]
[(4, 0.59427488729621225), (6, 0.25123567198846342)]
[(0, 0.25103792449039952), (6, 0.46948038768530392)]
[(6, 0.77259795914198626)]
[(6, 0.79322082115252857)]
[(2, 0.48632254194015961), (6, 0.23906673675282708)]
[(2, 0.68752721002462036), (6, 0.27662671416923285)]
[(3, 0.58931660526278973), (4, 0.35093574042470438)]
[(3, 0.64219149609209547), (4, 0.34478934436710718)]
[(3, 0.42337919849690847), (4, 0.53186121803715436)]
[(1, 0.39754730821916395), (3, 0.20976968186155476), (6, 0.37760691830080745)]
[(6, 0.86125596200098731)]
[(6, 0.83864243565109953)]
[(2, 0.73589570687441852), (3, 0.22197057838517043)]
[(2, 0.7410024963791999)]
[(2, 0.40758851933504447), (6, 0.42554795225985126)]
[(2, 0.51537489868668529), (6, 0.2626060706700083)]
[(2, 0.59943960782922345), (3, 0.24302801434894139)]
[(2, 0.39389444536050372), (3, 0.23423095432761673), (5, 0.33092890398185232)]
[(0, 0.37526515281407746), (2, 0.25988001403172817), (5, 0.30749928555628903)]
[(0, 0.3968246583079878), (4, 0.32254614681773258), (6, 0.20341649358461503)]
[(4, 0.59427576470430798), (6, 0.25124003188268224)]
[(0, 0.25103807985844984), (6, 0.46948128624118574)]
[(6, 0.77285134054662885)]
[(6, 0.79321718008856346)]
[(2, 0.48633136819234202), (6, 0.23907224167234334)]
[(2, 0.68751094663665946), (6, 0.27664216916278261)]
[(3, 0.58933826893150565), (4, 0.35092161826382801)]
[(3, 0.64218122114781906), (4, 0.34479961831385103)]
[(3, 0.42340767599933427), (4, 0.53183499222692776)]
[(1, 0.39754773460616971), (3, 0.20976945306694131), (6, 0.37760672070757878)]
[(6, 0.86125114271276282)]
[(6, 0.838645576938295)]
[(2, 0.73600876602815468), (3, 0.22185676463563175)]
[(2, 0.74099900770478377)]
[(2, 0.4076683524754654), (6, 0.42557018333605201)]
[(2, 0.51537193153555783), (6, 0.26262331996758037)]
[(2, 0.5994610400912681), (3, 0.24302153275321389)]
[(2, 0.39395502300346008), (3, 0.23415111266763647), (5, 0.3309481679400797)]
[(0, 0.3752580741368482), (2, 0.25992214569682909), (5, 0.30746423000250084)]
[(0, 0.39682425395243742), (4, 0.32254645081702216), (6, 0.20341612607341197)]
[(4, 0.59427883212939259), (6, 0.25133268345236065)]
[(0, 0.25103903368010083), (6, 0.46948211812007984)]
[(6, 0.77285316153130978)]
[(6, 0.79321322311362497)]
[(2, 0.48634744025494481), (6, 0.23909033595746038)]
[(2, 0.68752276471910223), (6, 0.27663096556458777)]
[(3, 0.58932433244846794), (4, 0.35093111220623052)]
[(3, 0.64219447760433457), (4, 0.34478636295388737)]
[(3, 0.42336771527104772), (4, 0.53187504003023933)]
[(1, 0.39756813020539628), (3, 0.20973904172170671), (6, 0.37761673724223427)]
[(6, 0.86125001905726695)]
[(6, 0.83864379701836367)]
[(2, 0.73584817106833356), (3, 0.22201812506567084)]
[(2, 0.74100283090273511)]
[(2, 0.40751641425651985), (6, 0.42551995503949847)]
[(2, 0.51537012182354869), (6, 0.26260142274296527)]
[(2, 0.59943721908942071), (3, 0.24303312839600902)]
[(2, 0.39387959616682239), (3, 0.23419540839204078), (5, 0.33097930105379575)]
[(0, 0.37524769831570676), (2, 0.2599902619322853), (5, 0.30740648470863335)]
[(0, 0.39682407871820341), (4, 0.32254658124953722), (6, 0.20341596829709097)]
[(4, 0.5942707228194154), (6, 0.25126800515728054)]
[(0, 0.25103828390338379), (6, 0.4694814751333351)]
[(6, 0.77283157011334236)]
[(6, 0.79322083494262474)]
[(2, 0.48632940603064895), (6, 0.23906791743890252)]
[(2, 0.68752097100271337), (6, 0.27663099447710826)]
[(3, 0.58934338185557034), (4, 0.35091765689230531)]
[(3, 0.64219498969273958), (4, 0.34478585086774438)]
[(3, 0.42336949421718545), (4, 0.53187253233711351)]
[(1, 0.39757054580266965), (3, 0.20973522894978661), (6, 0.37761813451176968)]
[(6, 0.86125617466762583)]
[(6, 0.83863253870032572)]
[(2, 0.73589385003499375), (3, 0.22197243575997369)]
[(2, 0.74100030987997212)]
[(2, 0.4076401084334782), (6, 0.42548023828494935)]
[(2, 0.51536977308562038), (6, 0.26261004181866821)]
[(2, 0.59943785673601013), (3, 0.24303388183698074)]
[(2, 0.39393459931203034), (3, 0.23422262393687807), (5, 0.33089707887660902)]
[(0, 0.37524859980135272), (2, 0.25998225378390577), (5, 0.30741359236493304)]
[(0, 0.39682628436189232), (4, 0.32254492391756118), (6, 0.20341797256353461)]
[(4, 0.59428882268647498), (6, 0.2512512644721559)]
[(0, 0.25103813429898064), (6, 0.46948205305545898)]
[(6, 0.7728491301248811)]
[(6, 0.79322110443919347)]
[(2, 0.48633674032190655), (6, 0.2390768137670794)]
[(2, 0.68752083433437372), (6, 0.2766327795374442)]
[(3, 0.58934391475795611), (4, 0.35091722507452328)]
[(3, 0.64219739180166346), (4, 0.34478344889925255)]
[(3, 0.42341526983997824), (4, 0.53182704042903539)]
[(1, 0.39754696605638301), (3, 0.209769535123634), (6, 0.37760740715922658)]
[(6, 0.86123823889333906)]
[(6, 0.83863333500320425)]
[(2, 0.73623034943465093), (3, 0.22163585971523098)]
[(2, 0.74100419299390574)]
[(2, 0.40769950892346463), (6, 0.42569438200062265)]
[(2, 0.5153576546823605), (6, 0.262623896709343)]
[(2, 0.59944089058590233), (3, 0.24305554356301654)]
[(2, 0.39396776500343506), (3, 0.23422908017242952), (5, 0.33085745518522758)]
[(0, 0.37524295221891552), (2, 0.26002523499886615), (5, 0.30737625163527044)]
[(0, 0.39682454663026762), (4, 0.3225462303839931), (6, 0.20341639269895198)]
[(4, 0.59426780108477062), (6, 0.25126278696836041)]
[(0, 0.25103841103236846), (6, 0.46948208637024669)]
[(6, 0.77285376336095812)]
[(6, 0.79322560984296275)]
[(2, 0.48633922219519449), (6, 0.23907998097004279)]
[(2, 0.68751421760335807), (6, 0.2766390526534796)]
[(3, 0.58934192178812561), (4, 0.35091882056117568)]
[(3, 0.64219885429922363), (4, 0.3447819864568894)]
[(3, 0.42336523310427798), (4, 0.53187746668455949)]
[(1, 0.39755999462884489), (3, 0.20975232257681359), (6, 0.37761159151420254)]
[(6, 0.86125325181814971)]
[(6, 0.83864757088260888)]
[(2, 0.73583109949639958), (3, 0.22203520048839376)]
[(2, 0.74100414514162349)]
[(2, 0.40770849270873011), (6, 0.42556702601441521)]
[(2, 0.51538955396580932), (6, 0.26262533530813109)]
[(2, 0.5994532497711812), (3, 0.24303991670361064)]
[(2, 0.3938622909048759), (3, 0.23418150297712514), (5, 0.33101051301399731)]
[(0, 0.37524925669526193), (2, 0.25997927529658538), (5, 0.30741591400084373)]
[(0, 0.39682633818709767), (4, 0.32254488493833766), (6, 0.20341802003260148)]
[(4, 0.59427021033514871), (6, 0.25127215806666098)]
[(0, 0.25103885028815787), (6, 0.46948386598253655)]
[(6, 0.77285812717821922)]
[(6, 0.79314338701030296)]
[(2, 0.48634341255289287), (6, 0.23908474779606961)]
[(2, 0.68751240633433219), (6, 0.27664083949941248)]
[(3, 0.58930772213219185), (4, 0.35094061576545271)]
[(3, 0.64219378265766391), (4, 0.34478705788080127)]
[(3, 0.42333907966058215), (4, 0.53190330599576063)]
[(1, 0.39754561490687174), (3, 0.20977251969496707), (6, 0.37760577365719888)]
[(6, 0.86124576559754951)]
[(6, 0.83864305967745112)]
[(2, 0.73624676716141368), (3, 0.22161938139155299)]
[(2, 0.74099435034463057)]
[(2, 0.40761263443486001), (6, 0.4255149778455255)]
[(2, 0.5153710941758799), (6, 0.26260576853971151)]
[(2, 0.59945471204333778), (3, 0.2430444297315166)]
[(2, 0.39394531149543566), (3, 0.23426142403430578), (5, 0.33084756472280819)]
[(0, 0.37524554033987506), (2, 0.26000087147673645), (5, 0.30739803297345991)]
[(0, 0.39682638970858614), (4, 0.32254484133981642), (6, 0.20341807195466874)]
[(4, 0.59426497609970153), (6, 0.25124436420479868)]
[(0, 0.25103882796966348), (6, 0.4694818541307007)]
[(6, 0.77283323651365021)]
[(6, 0.79322234716474793)]
[(2, 0.48633813949161109), (6, 0.23907871846752529)]
[(2, 0.68751766112807322), (6, 0.27663585026472404)]
[(3, 0.58933598218922534), (4, 0.3509232955863128)]
[(3, 0.64219951222419969), (4, 0.34478132852271182)]
[(3, 0.42337577658076497), (4, 0.53186678883413552)]
[(1, 0.39757510341883739), (3, 0.2097291090581401), (6, 0.37761969689810093)]
[(6, 0.86124332719345575)]
[(6, 0.83863520490270516)]
[(2, 0.73589503059606609), (3, 0.22197125488029931)]
[(2, 0.74099952415758452)]
[(2, 0.40768970088264189), (6, 0.42569272909549688)]
[(2, 0.51536975830029408), (6, 0.26261570893427605)]
[(2, 0.59949666211691921), (3, 0.24301824014705006)]
[(2, 0.39391162569936938), (3, 0.23422219663583704), (5, 0.33092048086059517)]
[(0, 0.37523401831703695), (2, 0.2600780285210606), (5, 0.30733239111201005)]
[(0, 0.3968234815709703), (4, 0.32254703387197309), (6, 0.20341542278280766)]
[(4, 0.59428638661406818), (6, 0.25129302456184749)]
[(0, 0.25103903495001745), (6, 0.46948357411728081)]
[(6, 0.77272908999038703)]
[(6, 0.79322551831181265)]
[(2, 0.48632425849319161), (6, 0.23906200417404094)]
[(2, 0.6875306423611629), (6, 0.27662348893297772)]
[(3, 0.58932402056371391), (4, 0.35093130680650864)]
[(3, 0.64219320498799326), (4, 0.34478763554065039)]
[(3, 0.42333008416192863), (4, 0.53191256078920413)]
[(1, 0.39754654419357277), (3, 0.20976980659150443), (6, 0.37760755751528535)]
[(6, 0.86124558995398359)]
[(6, 0.83863303156670577)]
[(2, 0.73585953609348964), (3, 0.22200674913445526)]
[(2, 0.74100480720591722)]
[(2, 0.40770399453707462), (6, 0.42559337196226954)]
[(2, 0.51535575425115987), (6, 0.26262212839964538)]
[(2, 0.59940963340706832), (3, 0.24304387936744168)]
[(2, 0.39386801201192345), (3, 0.23416587388952612), (5, 0.33102042128810721)]
[(0, 0.37524196908595747), (2, 0.26002599452229902), (5, 0.30737647890920033)]
[(0, 0.39682476825581053), (4, 0.32254606609096559), (6, 0.2034165915172452)]
[(4, 0.59427706048719398), (6, 0.25125830624687062)]
[(0, 0.25103859552963959), (6, 0.46948155633329697)]
[(6, 0.77285640071142592)]
[(6, 0.79318916298787601)]
[(2, 0.48633921667982294), (6, 0.23908029874179018)]
[(2, 0.68751440883120307), (6, 0.27663890350160464)]
[(3, 0.58930690847795741), (4, 0.35094104110332136)]
[(3, 0.64218181496534821), (4, 0.3447990213627975)]
[(3, 0.4233737758676141), (4, 0.53186329922890929)]
[(1, 0.39756268085796681), (3, 0.20974700209779781), (6, 0.37761422603821698)]
[(6, 0.86126016582697185)]
[(6, 0.83864998071409769)]
[(2, 0.73617868611844828), (3, 0.22168751944932513)]
[(2, 0.7409991565450792)]
[(2, 0.40760360031733894), (6, 0.42554282017036238)]
[(2, 0.51537608117985467), (6, 0.26261472465074892)]
[(2, 0.59948409031244365), (3, 0.24303039683702404)]
[(2, 0.39389381388498873), (3, 0.23419692980704709), (5, 0.33096356121702841)]
[(0, 0.3752513140192873), (2, 0.25996959083344306), (5, 0.30742354066404365)]
[(0, 0.39682442681374358), (4, 0.32254632088426827), (6, 0.20341628318717189)]
[(4, 0.59425623984452969), (6, 0.25126406257468337)]
[(0, 0.2510379858593948), (6, 0.46948116675375606)]
[(6, 0.77283244063844603)]
[(6, 0.79322717918609709)]
[(2, 0.48634626981974677), (6, 0.23908800290115456)]
[(2, 0.68752961193159279), (6, 0.27662429994161186)]
[(3, 0.58933360436736026), (4, 0.35092498527502991)]
[(3, 0.64219829237495285), (4, 0.34478254847207668)]
[(3, 0.42339509652976198), (4, 0.53184702856295807)]
[(1, 0.39755014856626336), (3, 0.20976633023862798), (6, 0.37760742959086491)]
[(6, 0.86124023906282565)]
[(6, 0.83863145430243868)]
[(2, 0.73589882675361773), (3, 0.2219674579228775)]
[(2, 0.74100961900072437)]
[(2, 0.4076452045829761), (6, 0.42559889299729614)]
[(2, 0.51537957511774546), (6, 0.26259398839794978)]
[(2, 0.59945172182820561), (3, 0.24302333261756587)]
[(2, 0.39391848156612747), (3, 0.23424976464247366), (5, 0.33088605569128038)]
[(0, 0.3752352865463171), (2, 0.2600681342886183), (5, 0.30734101890296456)]
[(0, 0.39682510992105674), (4, 0.32254580528294902), (6, 0.20341690627922374)]
[(4, 0.59426700538050137), (6, 0.25126174099578191)]
[(0, 0.2510381753644938), (6, 0.46948163886763444)]
[(6, 0.7728532528663582)]
[(6, 0.79314394207477856)]
[(2, 0.48631834600783319), (6, 0.23907405404314089)]
[(2, 0.68752604502012793), (6, 0.27662782461998842)]
[(3, 0.58931087330246135), (4, 0.35093893609971033)]
[(3, 0.64217298665010247), (4, 0.34480784580789042)]
[(3, 0.42339992108092966), (4, 0.53184160120524082)]
[(1, 0.39756674614469051), (3, 0.20974104989400499), (6, 0.37761611292881625)]
[(6, 0.86122204871563646)]
[(6, 0.83863724661255135)]
[(2, 0.73584891048549494), (3, 0.22201734910164581)]
[(2, 0.740995730475982)]
[(2, 0.4077144535588576), (6, 0.42576203793080497)]
[(2, 0.51536792697140232), (6, 0.26261213960570512)]
[(2, 0.59945342741249985), (3, 0.243020301162538)]
[(2, 0.39391078700640481), (3, 0.23420964056218063), (5, 0.33093387611181369)]
[(0, 0.37523536882472841), (2, 0.2600646631715347), (5, 0.30734440866668183)]
[(0, 0.39682687011523676), (4, 0.32254448667885444), (6, 0.20341850249099896)]
[(4, 0.59426347762113263), (6, 0.25129299952221729)]
[(0, 0.25103816226488801), (6, 0.46948150233394081)]
[(6, 0.77260833035511278)]
[(6, 0.79321520784204991)]
[(2, 0.48634404548522114), (6, 0.23908524204126333)]
[(2, 0.68753193635106036), (6, 0.27662222110456686)]
[(3, 0.58934146290246214), (4, 0.35091918065768213)]
[(3, 0.64219432863159298), (4, 0.3447865118486666)]
[(3, 0.42339826258105562), (4, 0.5318432510253791)]
[(1, 0.39755883459072189), (3, 0.20975263989344894), (6, 0.37761243438504433)]
[(6, 0.86124613670425998)]
[(6, 0.83864958345292295)]
[(2, 0.73590285773257635), (3, 0.22196321298869551)]
[(2, 0.74099425961046961)]
[(2, 0.40764232150008139), (6, 0.42564600830250243)]
[(2, 0.5153221424741371), (6, 0.26266975979876417)]
[(2, 0.59947157315622424), (3, 0.24302393981081868)]
[(2, 0.39391081947377538), (3, 0.23423471814713182), (5, 0.33090876516609524)]
[(0, 0.37526022449953189), (2, 0.2599100782081426), (5, 0.3074741478579936)]
[(0, 0.39682500551064387), (4, 0.32254588535629414), (6, 0.20341680961386263)]
[(4, 0.59426745975355222), (6, 0.25124822237057926)]
[(0, 0.25103859954539332), (6, 0.46948243746641732)]
[(6, 0.77282262557337289)]
[(6, 0.79316622073205967)]
[(2, 0.48633639861581807), (6, 0.23907635038630995)]
[(2, 0.68753263828362643), (6, 0.27662153200654299)]
[(3, 0.58932517956898145), (4, 0.35093058013223172)]
[(3, 0.64219866698198558), (4, 0.34478217390160415)]
[(3, 0.42335974853492481), (4, 0.53188298735779505)]
[(1, 0.39754668576584751), (3, 0.20977039927903401), (6, 0.37760682322377082)]
[(6, 0.86125677491647157)]
[(6, 0.83863478309652129)]
[(2, 0.73588845269098946), (3, 0.22197783433918461)]
[(2, 0.74099171851324375)]
[(2, 0.40763586262614587), (6, 0.42559962125186501)]
[(2, 0.51536671509687071), (6, 0.26261813765762504)]
[(2, 0.59943184388308501), (3, 0.24303215393564126)]
[(2, 0.39391558181784836), (3, 0.23422929198772158), (5, 0.33090942895653924)]
[(0, 0.37524344833890655), (2, 0.26001437231943886), (5, 0.30738662317904014)]
[(0, 0.39682352499725132), (4, 0.32254699658941144), (6, 0.20341546649253248)]
[(4, 0.59429337982614883), (6, 0.25127294925305926)]
[(0, 0.25103885141446441), (6, 0.46948218044113255)]
[(6, 0.77285666637787775)]
[(6, 0.79317668371006167)]
[(2, 0.48633499637838018), (6, 0.23907566115004716)]
[(2, 0.68752070433661516), (6, 0.27663290335898694)]
[(3, 0.58930617210995373), (4, 0.35094142315301768)]
[(3, 0.64219286465730308), (4, 0.34478797595510768)]
[(3, 0.42337152257276806), (4, 0.53187127970268977)]
[(1, 0.39756621207846771), (3, 0.20974184089319567), (6, 0.37761585613484488)]
[(6, 0.8612624693487726)]
[(6, 0.83863570191818759)]
[(2, 0.73579435831712259), (3, 0.22207194960455789)]
[(2, 0.74099553167828247)]
[(2, 0.40767567556829987), (6, 0.42565868561437331)]
[(2, 0.51536721271307562), (6, 0.26262048592918685)]
[(2, 0.59944066069812363), (3, 0.2430335715510672)]
[(2, 0.39388676796473154), (3, 0.23419909842131695), (5, 0.33096843876810561)]
[(0, 0.37526328194621267), (2, 0.25989035595607446), (5, 0.3074908139574285)]
[(0, 0.39682994245329473), (4, 0.32254219082427971), (6, 0.20342129030582631)]
[(4, 0.59426304800866692), (6, 0.25126115979912877)]
[(0, 0.25103837137796875), (6, 0.4694814133754634)]
[(6, 0.7728496533396344)]
[(6, 0.79322027052559629)]
[(2, 0.48633511931311074), (6, 0.23908662651976895)]
[(2, 0.68753116511328449), (6, 0.27662287126053448)]
[(3, 0.58933979461629271), (4, 0.35092046839618057)]
[(3, 0.64217877936446521), (4, 0.34480205793663404)]
[(3, 0.423381717458235), (4, 0.53186106839287206)]
[(1, 0.39757387160139046), (3, 0.20973062845390336), (6, 0.37761940910078673)]
[(6, 0.86125500722175796)]
[(6, 0.83864279324842717)]
[(2, 0.73621832421560396), (3, 0.22164788755372386)]
[(2, 0.74100098538153614)]
[(2, 0.40751878184412438), (6, 0.42549127637564055)]
[(2, 0.51532442849485893), (6, 0.26268457710921039)]
[(2, 0.59952424184411413), (3, 0.24303730523942677)]
[(2, 0.39388290707141488), (3, 0.23416521824933503), (5, 0.33100618121141362)]
[(0, 0.37526027157980141), (2, 0.25990956755128558), (5, 0.30747461148656219)]
[(0, 0.39682470070284998), (4, 0.32254611354406287), (6, 0.20341653344445942)]
[(4, 0.59427801639700728), (6, 0.25129790680493502)]
[(0, 0.25103840323883753), (6, 0.4694840521784962)]
[(6, 0.77258905748395079)]
[(6, 0.79322459771281451)]
[(2, 0.48633748152182871), (6, 0.23907840740265593)]
[(2, 0.68751071111950002), (6, 0.27664236291702371)]
[(3, 0.58931377078888725), (4, 0.35093734421273337)]
[(3, 0.64218906805652487), (4, 0.34479177199679883)]
[(3, 0.42338716827094419), (4, 0.53185560326527348)]
[(1, 0.39759935042540961), (3, 0.20970085342210426), (6, 0.37762360163126035)]
[(6, 0.86122104933166121)]
[(6, 0.838634284149266)]
[(2, 0.73618621464090428), (3, 0.22168000211289876)]
[(2, 0.7410030016056447)]
[(2, 0.40751107977849227), (6, 0.42551897219521606)]
[(2, 0.51538241916614247), (6, 0.26260893189759166)]
[(2, 0.59954309588707222), (3, 0.24301404245902267)]
[(2, 0.39388758709361832), (3, 0.23419287348543213), (5, 0.33097384475871705)]
[(0, 0.375248008790247), (2, 0.25998552393253765), (5, 0.30741091305389001)]
[(0, 0.39682456346795664), (4, 0.32254621657425109), (6, 0.2034164087882849)]
[(4, 0.59427609323409181), (6, 0.25125974464643341)]
[(0, 0.25103820242878711), (6, 0.46948214062594701)]
[(6, 0.77270083472154372)]
[(6, 0.7931433925611362)]
[(2, 0.48634020361325064), (6, 0.2390803792253835)]
[(2, 0.68752027726253173), (6, 0.27663338442024255)]
[(3, 0.58933725119808278), (4, 0.35092237137814952)]
[(3, 0.64219189238330421), (4, 0.34478894804285332)]
[(3, 0.42337294871122239), (4, 0.53186738495222452)]
[(1, 0.397573730274774), (3, 0.20973096446681419), (6, 0.37761921460185116)]
[(6, 0.86126814206854851)]
[(6, 0.83864497272875527)]
[(2, 0.73582184774875214), (3, 0.2220444309515347)]
[(2, 0.74099933882211655)]
[(2, 0.40755882061026205), (6, 0.42553840469265131)]
[(2, 0.51537616384811868), (6, 0.26260650317994993)]
[(2, 0.59941751663886866), (3, 0.24304122168116279)]
[(2, 0.39394766094465089), (3, 0.23418487825353229), (5, 0.33092176364531867)]
[(0, 0.3752502616302778), (2, 0.25997066811959779), (5, 0.30742351699337617)]
[(0, 0.39682475862258004), (4, 0.32254606904435845), (6, 0.20341658724143474)]
[(4, 0.59427930760026348), (6, 0.25130841707911339)]
[(0, 0.25103843093200306), (6, 0.46948204784910486)]
[(6, 0.77284290152888091)]
[(6, 0.79320990518041579)]
[(2, 0.48633365034341025), (6, 0.23907217202332784)]
[(2, 0.68752525489053595), (6, 0.27662864498468531)]
[(3, 0.58931126086498109), (4, 0.35093872586125041)]
[(3, 0.64217581603610363), (4, 0.34480502092441456)]
[(3, 0.42337111443081749), (4, 0.53187166048384216)]
[(1, 0.39754498169528391), (3, 0.20977154733309628), (6, 0.37760737925300009)]
[(6, 0.86132465441266903)]
[(6, 0.83864896336559525)]
[(2, 0.73615666407409641), (3, 0.22170932492131842)]
[(2, 0.74099734760755631)]
[(2, 0.40744440569172513), (6, 0.4254911106300559)]
[(2, 0.51537068588115698), (6, 0.26261000001275392)]
[(2, 0.59944602002620884), (3, 0.24305701445654401)]
[(2, 0.39391440339432521), (3, 0.23421591565350172), (5, 0.3309239842438878)]
[(0, 0.37525375788264737), (2, 0.25995004205368527), (5, 0.3074406480661403)]
[(0, 0.39682660436546874), (4, 0.3225446865128298), (6, 0.20341826061226895)]
[(4, 0.5943090546344304), (6, 0.25126975245881222)]
[(0, 0.25103925550063383), (6, 0.46948199254519024)]
[(6, 0.77283547760394988)]
[(6, 0.79322808071806228)]
[(2, 0.48634574561434119), (6, 0.23908804487826238)]
[(2, 0.68752648389785509), (6, 0.27662736840466318)]
[(3, 0.58933274783149858), (4, 0.35092558113884498)]
[(3, 0.64219155794117733), (4, 0.34478928249396612)]
[(3, 0.42336032736668766), (4, 0.53188210187289298)]
[(1, 0.39757040824026846), (3, 0.20973551254175188), (6, 0.37761798847322892)]
[(6, 0.8613097129152204)]
[(6, 0.83864262478872231)]
[(2, 0.73585050457130563), (3, 0.22201579055039861)]
[(2, 0.74099871283036001)]
[(2, 0.40762178351316003), (6, 0.42550795441728001)]
[(2, 0.51537108482462524), (6, 0.26263026949403767)]
[(2, 0.59954348169473137), (3, 0.24301501220456781)]
[(2, 0.39390032211389775), (3, 0.23420821845849546), (5, 0.3309457636379316)]
[(0, 0.37525644709287836), (2, 0.25993467752813837), (5, 0.30745332421887267)]
[(0, 0.39683065810347284), (4, 0.32254165931598844), (6, 0.20342193774168857)]
[(4, 0.59430744562360893), (6, 0.25125214016473962)]
[(0, 0.25103917889808336), (6, 0.46948508588397952)]
[(6, 0.77285328528782582)]
[(6, 0.79316781726785202)]
[(2, 0.48633775229678083), (6, 0.23907999636736746)]
[(2, 0.68749984290607336), (6, 0.27665226436865287)]
[(3, 0.58930619649709659), (4, 0.35094141054978306)]
[(3, 0.64219597088953384), (4, 0.34478486974541106)]
[(3, 0.42337018126417586), (4, 0.53187262489366982)]
[(1, 0.39754946859262558), (3, 0.20976655978315398), (6, 0.37760788003518125)]
[(6, 0.86124795388801312)]
[(6, 0.83863031122483356)]
[(2, 0.73583016785828681), (3, 0.22203613220285257)]
[(2, 0.7410069565258981)]
[(2, 0.40758784450090119), (6, 0.42547732415852935)]
[(2, 0.51536889294864208), (6, 0.26261851494752431)]
[(2, 0.59946525184039157), (3, 0.24302733150388164)]
[(2, 0.39387702960562815), (3, 0.23415776113298409), (5, 0.33101951632619742)]
[(0, 0.37523582308865217), (2, 0.2600614615207672), (5, 0.30734715629947312)]
[(0, 0.39682436514550101), (4, 0.3225463689374673), (6, 0.20341622533736919)]
[(4, 0.59427355571832097), (6, 0.25133221424970892)]
[(0, 0.2510397081476573), (6, 0.4694842696242561)]
[(6, 0.77283884335553854)]
[(6, 0.79318415151281274)]
[(2, 0.48634680335639047), (6, 0.23908824049919358)]
[(2, 0.68751084308213162), (6, 0.27664086095997126)]
[(3, 0.58934275149089987), (4, 0.35091816271255527)]
[(3, 0.64218155747492711), (4, 0.34479928151723971)]
[(3, 0.42337869655653604), (4, 0.53186409805017643)]
[(1, 0.39756161636813453), (3, 0.20974853933633958), (6, 0.37761375325630969)]
[(6, 0.86121013010984926)]
[(6, 0.83864563426560557)]
[(2, 0.73580509875039535), (3, 0.22206120107846228)]
[(2, 0.74099452477893868)]
[(2, 0.40749594987449561), (6, 0.42547326070297459)]
[(2, 0.51537726737765555), (6, 0.26260514317476497)]
[(2, 0.59942485000747803), (3, 0.24303992306617769)]
[(2, 0.39388975975300045), (3, 0.23419422059878803), (5, 0.33097032483887534)]
[(0, 0.37525007317723347), (2, 0.25997240690549395), (5, 0.30742196654125226)]
[(0, 0.39682720953680178), (4, 0.32254423313557473), (6, 0.20341880964174583)]
[(4, 0.59430761325660242), (6, 0.25124339921426697)]
[(0, 0.25103935236690089), (6, 0.46948537323183687)]
[(6, 0.7728511467597855)]
[(6, 0.7931571699677874)]
[(2, 0.48633463433342505), (6, 0.23907368405811369)]
[(2, 0.68751747961906207), (6, 0.27663605155492332)]
[(3, 0.5893181775878803), (4, 0.35093482994399111)]
[(3, 0.64218841498372403), (4, 0.34479242530710114)]
[(3, 0.42337574757226604), (4, 0.53186354610559017)]
[(1, 0.39756917344677989), (3, 0.20973772192194398), (6, 0.37761701381583351)]
[(6, 0.86123278495236644)]
[(6, 0.83863134480920443)]
[(2, 0.73588456912922395), (3, 0.22198171877226461)]
[(2, 0.74099331861248441)]
[(2, 0.40764385795159236), (6, 0.4255388732446122)]
[(2, 0.51537558044016252), (6, 0.26259735732019801)]
[(2, 0.59942588809598574), (3, 0.24304187002417602)]
[(2, 0.3938917803588794), (3, 0.23418519482629654), (5, 0.3309773302333493)]
[(0, 0.37525736116837133), (2, 0.25992941496117294), (5, 0.30745767290723752)]
[(0, 0.39682863709670491), (4, 0.3225431592808462), (6, 0.20342011191989573)]
[(4, 0.59431463156006048), (6, 0.25126714202718964)]
[(0, 0.25103980755936744), (6, 0.46948511703132095)]
[(6, 0.77283568981049999)]
[(6, 0.79322030807033073)]
[(2, 0.48633661122203797), (6, 0.23907702295484251)]
[(2, 0.68753112642781511), (6, 0.27662292427276347)]
[(3, 0.58931705603826512), (4, 0.35093548093395693)]
[(3, 0.64219784962077431), (4, 0.34478299122935391)]
[(3, 0.42338664637731349), (4, 0.5318560882137171)]
[(1, 0.39754494192975959), (3, 0.20977279246671129), (6, 0.37760617384294198)]
[(6, 0.86122212643416796)]
[(6, 0.83863176980335497)]
[(2, 0.73581731582605681), (3, 0.22204898694483291)]
[(2, 0.74099528557987449)]
[(2, 0.40761177644206309), (6, 0.42554677412701963)]
[(2, 0.51537273644752546), (6, 0.26262034529248462)]
[(2, 0.599457248971902), (3, 0.24302618577672219)]
[(2, 0.39397131454740925), (3, 0.23417229806299239), (5, 0.33091068953535263)]
[(0, 0.37526395305219473), (2, 0.25988600358514019), (5, 0.30749449550085101)]
[(0, 0.39682565551201393), (4, 0.32254539878137495), (6, 0.20341739824441638)]
[(4, 0.5942574009199959), (6, 0.2512656834182676)]
[(0, 0.25103976414804052), (6, 0.46948487891884066)]
[(6, 0.77261062705770678)]
[(6, 0.79315430194452519)]
[(2, 0.48633572800036584), (6, 0.23907475064676573)]
[(2, 0.68752634647317479), (6, 0.27662749745823584)]
[(3, 0.58930934200333529), (4, 0.35093975884505479)]
[(3, 0.64218536816684291), (4, 0.34479547143494577)]
[(3, 0.42335530304110908), (4, 0.53188519220217367)]
[(1, 0.3975615824298922), (3, 0.20975327752689746), (6, 0.37760904329477391)]
[(6, 0.86126255725556145)]
[(6, 0.83864958409773205)]
[(2, 0.73580100839678664), (3, 0.22206529556782828)]
[(2, 0.74100219134689738)]
[(2, 0.40757609221530217), (6, 0.42552514402811398)]
[(2, 0.51534360022075298), (6, 0.26265275948479505)]
[(2, 0.59956186550156099), (3, 0.24301715113551123)]
[(2, 0.39394633675332003), (3, 0.2342521341876255), (5, 0.33085582959604892)]
[(0, 0.37523436061869403), (2, 0.26007318139134161), (5, 0.3073368976338991)]
[(0, 0.39683032294432352), (4, 0.32254190608327254), (6, 0.20342163674070513)]
[(4, 0.59429319447304296), (6, 0.25126746707659131)]
[(0, 0.25103965931699307), (6, 0.46948461622912296)]
[(6, 0.77284716529326603)]
[(6, 0.79315870605325245)]
[(2, 0.48634122136801394), (6, 0.23908282013877)]
[(2, 0.68753268316159322), (6, 0.27662148256571012)]
[(3, 0.5893439002486438), (4, 0.35091723688313081)]
[(3, 0.64219460020621533), (4, 0.34478624026616084)]
[(3, 0.42339309238102901), (4, 0.53184797525193883)]
[(1, 0.39756668501014547), (3, 0.20974151558134957), (6, 0.3776157083434919)]
[(6, 0.86126322125436161)]
[(6, 0.83863972536571085)]
[(2, 0.73588680314936294), (3, 0.22197948425208547)]
[(2, 0.74099314271931072)]
[(2, 0.40763628007321667), (6, 0.42563422847317595)]
[(2, 0.51537940712260866), (6, 0.26259465928516268)]
[(2, 0.59945962846623402), (3, 0.24303638546199524)]
[(2, 0.39390573204796436), (3, 0.23421089421908184), (5, 0.33093767760047116)]
[(0, 0.37523377844034878), (2, 0.26007486014676173), (5, 0.30733580139308919)]
[(0, 0.39682420260936907), (4, 0.32254648976348227), (6, 0.20341607912655571)]
[(4, 0.59426603147309986), (6, 0.25134014529329413)]
[(0, 0.25103950377923884), (6, 0.46948235085834777)]
[(6, 0.77284035949452945)]
[(6, 0.79322317188382385)]
[(2, 0.48634448195792496), (6, 0.23908635233540707)]
[(2, 0.68753513317579407), (6, 0.27661900015053353)]
[(3, 0.58931195384687329), (4, 0.35093834790425138)]
[(3, 0.64219405876534208), (4, 0.34478678182395239)]
[(3, 0.4233822419409175), (4, 0.53186048830101762)]
[(1, 0.39755433938466422), (3, 0.20975947616711799), (6, 0.37761009302585941)]
[(6, 0.86124821161113951)]
[(6, 0.83864704850058147)]
[(2, 0.73587659867100841), (3, 0.22198968940637509)]
[(2, 0.74100303521004407)]
[(2, 0.40753266040092051), (6, 0.4255239114595496)]
[(2, 0.51537702534792584), (6, 0.26262236725975463)]
[(2, 0.59945940340664139), (3, 0.2430236801349959)]
[(2, 0.39392823837177021), (3, 0.23420986694536355), (5, 0.33091619755369517)]
[(0, 0.3752362082013585), (2, 0.26006064062155787), (5, 0.30734759192614963)]
[(0, 0.39682395240272916), (4, 0.32254667616354038), (6, 0.20341585406903728)]
[(4, 0.59428659730382671), (6, 0.25129655112683064)]
[(0, 0.25103874747823995), (6, 0.46948169333247891)]
[(6, 0.77285146168602725)]
[(6, 0.7931591249981782)]
[(2, 0.48634462569663206), (6, 0.23908700055270046)]
[(2, 0.68753259559718971), (6, 0.27662156834296125)]
[(3, 0.58931252325882133), (4, 0.35093803535293222)]
[(3, 0.64219759423347478), (4, 0.34478324645298725)]
[(3, 0.4233574806934593), (4, 0.53188495290741844)]
[(1, 0.3975633305996526), (3, 0.2097467007897173), (6, 0.37761387745217023)]
[(6, 0.8612260089842495)]
[(6, 0.83862986684751717)]
[(2, 0.73590884577876226), (3, 0.22195719455806223)]
[(2, 0.74099819054957994)]
[(2, 0.40754349140188306), (6, 0.42546385543806836)]
[(2, 0.51533362310267228), (6, 0.26263093588591391)]
[(2, 0.59947518291772239), (3, 0.24304197998214769)]
[(2, 0.39388252852064037), (3, 0.23419795475313882), (5, 0.33097382211464954)]
[(0, 0.37524132132694615), (2, 0.26002771017611509), (5, 0.30737541152658304)]
[(0, 0.39682579179956079), (4, 0.32254529690882872), (6, 0.2034175217172508)]
[(4, 0.59427391377710537), (6, 0.25128876211402096)]
[(0, 0.25103798713994613), (6, 0.4694810926527862)]
[(6, 0.77280322101301901)]
[(6, 0.79316268587691252)]
[(2, 0.48633520443153111), (6, 0.239074989851533)]
[(2, 0.68751008400008728), (6, 0.27664261972465082)]
[(3, 0.58931822225259067), (4, 0.35093480385493819)]
[(3, 0.64218034623007558), (4, 0.34480049178855859)]
[(3, 0.42336426912989328), (4, 0.53187852456326612)]
[(1, 0.39757366229759578), (3, 0.20973098656093903), (6, 0.37761926048554162)]
[(6, 0.86121191922651941)]
[(6, 0.83863222621758748)]
[(2, 0.73619173756709466), (3, 0.22167433618813354)]
[(2, 0.74099963728740004)]
[(2, 0.40766743685678741), (6, 0.42564475505552746)]
[(2, 0.51534792266399676), (6, 0.26260569864860667)]
[(2, 0.59941444771694707), (3, 0.24303868894252292)]
[(2, 0.39390032808754322), (3, 0.23416555057773242), (5, 0.33098842705597198)]
[(0, 0.37524238294575207), (2, 0.26002264356292781), (5, 0.3073794164959272)]
[(0, 0.39683048476946581), (4, 0.32254178699494962), (6, 0.20342178199007679)]
[(4, 0.59430762341710364), (6, 0.25127779521611571)]
[(0, 0.2510395658165388), (6, 0.46948411698649412)]
[(6, 0.77284818122825227)]
[(6, 0.79315399368715755)]
[(2, 0.48632885090240224), (6, 0.23906828733919719)]
[(2, 0.68749863165045177), (6, 0.27665340289074936)]
[(3, 0.58933024808275769), (4, 0.35092728353708558)]
[(3, 0.6421926645457301), (4, 0.34478817606026518)]
[(3, 0.42338081355399793), (4, 0.53186035542216525)]
[(1, 0.39756579107212503), (3, 0.20974231980015881), (6, 0.37761579822847707)]
[(6, 0.86127268552128711)]
[(6, 0.83864896183763837)]
[(2, 0.73589216777892286), (3, 0.22197411839169412)]
[(2, 0.74099710134854835)]
[(2, 0.40767782429035804), (6, 0.42562921829609407)]
[(2, 0.51538053415489016), (6, 0.26259896419494144)]
[(2, 0.59947197686901965), (3, 0.24304810819325112)]
[(2, 0.39390789835604384), (3, 0.23415572322928971), (5, 0.33099068413240318)]
[(0, 0.3752407252910262), (2, 0.26003050293083219), (5, 0.3073732146928117)]
[(0, 0.39683020984868228), (4, 0.32254199126302502), (6, 0.20342153316697134)]
[(4, 0.59427432781158085), (6, 0.25123668558827755)]
[(0, 0.25103819783436032), (6, 0.46948425279642619)]
[(6, 0.77261480018980577)]
[(6, 0.79321952205323321)]
[(2, 0.48633034806359121), (6, 0.23907881289902744)]
[(2, 0.68752808112602315), (6, 0.27662587696632235)]
[(3, 0.5893143750256703), (4, 0.35093700621270124)]
[(3, 0.64219741955130183), (4, 0.34478342119008593)]
[(3, 0.42338511619902736), (4, 0.53185762257000579)]
[(1, 0.3975668236843285), (3, 0.20974171881619277), (6, 0.37761536647066479)]
[(6, 0.86126540814692198)]
[(6, 0.83864645694276085)]
[(2, 0.73626603160034154), (3, 0.22160016574782682)]
[(2, 0.74100616200701275)]
[(2, 0.4076624715470244), (6, 0.42565031822213734)]
[(2, 0.51537602672972926), (6, 0.26262388773640094)]
[(2, 0.59955587921428855), (3, 0.24300016395713842)]
[(2, 0.39395155873548188), (3, 0.23425381847478235), (5, 0.33084892302643415)]
[(0, 0.37523326026860326), (2, 0.26007885807683495), (5, 0.30733232126222343)]
[(0, 0.39683009572794709), (4, 0.3225420761107099), (6, 0.20342142984920211)]
[(4, 0.59425915365614235), (6, 0.25125673512048952)]
[(0, 0.25103943630813752), (6, 0.46948298436369401)]
[(6, 0.77285475143500992)]
[(6, 0.79315361638675208)]
[(2, 0.48633205930824186), (6, 0.23907475957562341)]
[(2, 0.68751748049621753), (6, 0.27663610571616931)]
[(3, 0.58934256915483074), (4, 0.35091830804272955)]
[(3, 0.64219246669574559), (4, 0.34478837372843091)]
[(3, 0.42336493059576968), (4, 0.53187702204349874)]
[(1, 0.39757083143394406), (3, 0.20973496101102163), (6, 0.37761811681808516)]
[(6, 0.86121151904117832)]
[(6, 0.83863801617715528)]
[(2, 0.73582631762669437), (3, 0.22203996239363832)]
[(2, 0.74100428013413533)]
[(2, 0.40769808805816593), (6, 0.42569699432167546)]
[(2, 0.51536498108143158), (6, 0.26262219015902832)]
[(2, 0.59942937428418308), (3, 0.2430338899306681)]
[(2, 0.39396027897977032), (3, 0.23420502289226855), (5, 0.33088899967878566)]
[(0, 0.37524384499368224), (2, 0.26001262690574689), (5, 0.30738797195338385)]
[(0, 0.3968246503688686), (4, 0.32254615100962775), (6, 0.20341648823398584)]
[(4, 0.59427386483286604), (6, 0.25133728123166843)]
[(0, 0.25103831970588136), (6, 0.46948384968278223)]
[(6, 0.77284220642133639)]
[(6, 0.79322405072792868)]
[(2, 0.48634355073250618), (6, 0.23908556045620138)]
[(2, 0.68751924610472825), (6, 0.27663435213377363)]
[(3, 0.58931161366109974), (4, 0.35093853377678064)]
[(3, 0.64219576851193672), (4, 0.34478507203214159)]
[(3, 0.42330744489211863), (4, 0.53193240265644548)]
[(1, 0.39755947890014648), (3, 0.20975154521201583), (6, 0.37761288478578203)]
[(6, 0.86123912885715859)]
[(6, 0.83864535510260552)]
[(2, 0.7358362318606626), (3, 0.22202992705803365)]
[(2, 0.74100122665288237)]
[(2, 0.40772884298015705), (6, 0.42563403352470669)]
[(2, 0.51532740075337957), (6, 0.26268865207447412)]
[(2, 0.59944327154719579), (3, 0.24302709388898761)]
[(2, 0.39387406094651578), (3, 0.2341601053105116), (5, 0.33102014086039577)]
[(0, 0.37525233401024555), (2, 0.25995870483428918), (5, 0.30743340863652702)]
[(0, 0.39682418112407702), (4, 0.3225465074431218), (6, 0.20341605823598824)]
[(4, 0.59427016194853899), (6, 0.25130485825066151)]
[(0, 0.25103830031637742), (6, 0.46948185634381795)]
[(6, 0.77284704674124238)]
[(6, 0.79314179931294027)]
[(2, 0.48634316010233586), (6, 0.23908606120066658)]
[(2, 0.68753009857762204), (6, 0.27662388647271552)]
[(3, 0.58932874604260732), (4, 0.35092828140413457)]
[(3, 0.64219486002575832), (4, 0.34478598061772925)]
[(3, 0.42337373078877255), (4, 0.531869005825653)]
[(1, 0.39756751128148765), (3, 0.20974003649146908), (6, 0.37761636136916932)]
[(6, 0.86121301204353184)]
[(6, 0.83864806724258389)]
[(2, 0.73590284849381871), (3, 0.22196343527394591)]
[(2, 0.74100289666358299)]
[(2, 0.40767534667433009), (6, 0.42566371497243066)]
[(2, 0.51536683042748421), (6, 0.26262576479041594)]
[(2, 0.59943913033514273), (3, 0.24303270689824225)]
[(2, 0.39387858663984016), (3, 0.23417106751957822), (5, 0.33100465236318638)]
[(0, 0.37525049033401908), (2, 0.25997373463462325), (5, 0.30742022074008496)]
[(0, 0.396829971033893), (4, 0.32254216950176978), (6, 0.20342131623599841)]
[(4, 0.59427903175841101), (6, 0.25132476835449108)]
[(0, 0.25103840975522973), (6, 0.46948176184843893)]
[(6, 0.77281405580602414)]
[(6, 0.79315505299743749)]
[(2, 0.48634830334881929), (6, 0.23909091345077954)]
[(2, 0.68752588366332923), (6, 0.27662797231970471)]
[(3, 0.58931080508207179), (4, 0.35093897302107496)]
[(3, 0.64218285194927316), (4, 0.34479798734840494)]
[(3, 0.42338426881817631), (4, 0.53185501314555905)]
[(1, 0.39756992197840407), (3, 0.20973646433014304), (6, 0.37761752291348022)]
[(6, 0.86123749668038396)]
[(6, 0.83864489006012255)]
[(2, 0.73594450311996462), (3, 0.22192130519134967)]
[(2, 0.74100796746928921)]
[(2, 0.40769100252376744), (6, 0.42565180379612888)]
[(2, 0.51537935108584731), (6, 0.26259057371788852)]
[(2, 0.59942200867174966), (3, 0.24303915967804351)]
[(2, 0.39390938451416641), (3, 0.23418920433957977), (5, 0.33095571561561765)]
[(0, 0.37526442853922559), (2, 0.25988329224642154), (5, 0.30749673152360457)]
[(0, 0.39682374249136848), (4, 0.32254683218967983), (6, 0.20341566524727334)]
[(4, 0.59426493068668451), (6, 0.25126265770063455)]
[(0, 0.25103893114636905), (6, 0.46948142583236968)]
[(6, 0.77283161860182314)]
[(6, 0.79316597061842875)]
[(2, 0.48634189297178521), (6, 0.23908408452813332)]
[(2, 0.68752638174476699), (6, 0.27662755289302915)]
[(3, 0.58934215313018534), (4, 0.35091863802369466)]
[(3, 0.64217398310436669), (4, 0.34480685018214258)]
[(3, 0.42342877889934244), (4, 0.53181278583692926)]
[(1, 0.39757397719907867), (3, 0.20973040519293049), (6, 0.37761952697198464)]
[(6, 0.86125884473687087)]
[(6, 0.83864939888496981)]
[(2, 0.73589958970832081), (3, 0.2219662530445996)]
[(2, 0.74100476393190928)]
[(2, 0.4074766255559662), (6, 0.42554128075393327)]
[(2, 0.51532422037198122), (6, 0.26268972544765407)]
[(2, 0.59945336102593727), (3, 0.24302091950431487)]
[(2, 0.39393257212510563), (3, 0.23415004124338201), (5, 0.33097169139397531)]
[(0, 0.37524072973951084), (2, 0.26003026207812613), (5, 0.30737345111854841)]
[(0, 0.39682618504833905), (4, 0.3225449990018911), (6, 0.20341788148398379)]
[(4, 0.59426538501494386), (6, 0.25126766956340962)]
[(0, 0.2510392884829532), (6, 0.46948330868156818)]
[(6, 0.77283079438451174)]
[(6, 0.7931851637891163)]
[(2, 0.48634199302317105), (6, 0.23908334351266666)]
[(2, 0.68749831245785331), (6, 0.27665362861784459)]
[(3, 0.589332700362457), (4, 0.35092561396586847)]
[(3, 0.64219180281130628), (4, 0.34478903755443663)]
[(3, 0.42338456586246859), (4, 0.53185823049282455)]
[(1, 0.39757020678940314), (3, 0.20973628678608527), (6, 0.37761741551147104)]
[(6, 0.86123775226100263)]
[(6, 0.83864537599307742)]
[(2, 0.73589814699757827), (3, 0.22196811789806467)]
[(2, 0.74100031448063419)]
[(2, 0.40761004560010999), (6, 0.42548060422403355)]
[(2, 0.51531036829139765), (6, 0.26268030043142876)]
[(2, 0.59941986732529717), (3, 0.24304702775773859)]
[(2, 0.39395366123246173), (3, 0.2341976117042176), (5, 0.33090302918394804)]
[(0, 0.37526310405323521), (2, 0.25989148019964392), (5, 0.30748986753491198)]
[(0, 0.39682676966246033), (4, 0.32254456023492389), (6, 0.20341841281505646)]
[(4, 0.59427012049001382), (6, 0.25129340520798316)]
[(0, 0.25103933649778282), (6, 0.46948416150888511)]
[(6, 0.77284654635868599)]
[(6, 0.79318824869602556)]
[(2, 0.48634932992521374), (6, 0.23909244473619762)]
[(2, 0.68751028176566076), (6, 0.27664277065086162)]
[(3, 0.58934314779097874), (4, 0.35091784533171794)]
[(3, 0.64219270376449444), (4, 0.34478813663554442)]
[(3, 0.42338136584017172), (4, 0.5318614193676845)]
[(1, 0.39755060000990761), (3, 0.2097646619284213), (6, 0.37760864652927906)]
[(6, 0.86124906080908681)]
[(6, 0.83864520198776038)]
[(2, 0.73587929762567683), (3, 0.22198699112373504)]
[(2, 0.74100444943416832)]
[(2, 0.40762398930851096), (6, 0.42556688338670695)]
[(2, 0.51532342729044756), (6, 0.26266351843376301)]
[(2, 0.5994043883568867), (3, 0.24304699597511123)]
[(2, 0.39396773716672884), (3, 0.23418527949967571), (5, 0.33090128521475554)]
[(0, 0.37525573650268512), (2, 0.259936401886813), (5, 0.30745231053444744)]
[(0, 0.39682514306366934), (4, 0.32254578416138713), (6, 0.20341693179339021)]
[(4, 0.59429956466422929), (6, 0.25127731337416376)]
[(0, 0.25103801667493669), (6, 0.46948175990168434)]
[(6, 0.77284459431066743)]
[(6, 0.79321622220194177)]
[(2, 0.48634695913945541), (6, 0.23908943756072845)]
[(2, 0.68751097478197254), (6, 0.27664185449013623)]
[(3, 0.58931473293510839), (4, 0.35093680509629799)]
[(3, 0.64217401597395418), (4, 0.34480682120003925)]
[(3, 0.42336689080305256), (4, 0.53187590850345468)]
[(1, 0.397574233852379), (3, 0.20972981331849097), (6, 0.37761986221412597)]
[(6, 0.86121368683172639)]
[(6, 0.83863916410875938)]
[(2, 0.73624154027200206), (3, 0.22162466647955245)]
[(2, 0.74099142246424643)]
[(2, 0.4076286511088737), (6, 0.42549862522627274)]
[(2, 0.51536651487126761), (6, 0.26262424482309371)]
[(2, 0.59943778511152124), (3, 0.24303901839940881)]
[(2, 0.39388895151318998), (3, 0.23421299023214748), (5, 0.33095236281515567)]
[(0, 0.3968236630494717), (4, 0.3225468986588686), (6, 0.20341558605601193)]
[(0, 0.37526159298699324), (2, 0.25991877762698579), (5, 0.30746405575315872)]
[(4, 0.59429200882527566), (6, 0.25121403604840692)]
[(0, 0.25103781708350753), (6, 0.46948152462465165)]
[(6, 0.77283046202302907)]
[(6, 0.79322457462808327)]
[(2, 0.4863501773596407), (6, 0.23909353966100033)]
[(2, 0.68752232018887149), (6, 0.27663134053206928)]
[(3, 0.58931033617943351), (4, 0.3509392261131381)]
[(3, 0.64218982557122695), (4, 0.34479101421981623)]
[(3, 0.4233597633484612), (4, 0.53188279713139208)]
[(1, 0.39757168205901106), (3, 0.20973383334986959), (6, 0.37761839387555129)]
[(6, 0.86123868224159073)]
[(6, 0.83862924747515111)]
[(2, 0.73582040441196084), (3, 0.2220458976560675)]
[(2, 0.74099489395049201)]
[(2, 0.40756412767306066), (6, 0.42554686698561472)]
[(2, 0.51534704376142293), (6, 0.2626577639937106)]
[(2, 0.59946414783485447), (3, 0.24302898003830359)]
[(2, 0.39397537324273108), (3, 0.23421279890558858), (5, 0.33086612842092666)]
[(0, 0.39683060059771086), (4, 0.32254170068870852), (6, 0.2034218870335644)]
[(0, 0.37524753780825243), (2, 0.25999093279954538), (5, 0.30740597440411677)]
[(4, 0.5942579132044663), (6, 0.25127507920275516)]
[(0, 0.25103891887560592), (6, 0.46948486488415864)]
[(6, 0.77284385492998764)]
[(6, 0.79321085207222775)]
[(2, 0.48633900412599529), (6, 0.23907944343783821)]
[(2, 0.68751966801850284), (6, 0.2766338392281748)]
[(3, 0.58934450775891956), (4, 0.35091673987846139)]
[(3, 0.64219181589772101), (4, 0.34478902462118638)]
[(3, 0.4233948165121772), (4, 0.53184778360936025)]
[(1, 0.3975453229328253), (3, 0.2097717021429045), (6, 0.37760688317832686)]
[(6, 0.86125189896635224)]
[(6, 0.83863585928358375)]
[(2, 0.7358779748788864), (3, 0.22198831451505069)]
[(2, 0.74100027601333884)]
[(2, 0.40769534968572152), (6, 0.42565242059774128)]
[(2, 0.51537506962199364), (6, 0.26262788277243831)]
[(2, 0.59941611182504373), (3, 0.24304774563800552)]
[(2, 0.39392467723671015), (3, 0.23425534433192299), (5, 0.33087427984837336)]
[(0, 0.39682593983527553), (4, 0.32254518249480579), (6, 0.20341765942443107)]
[(0, 0.37525514021458006), (2, 0.25994060791289114), (5, 0.30744870053441387)]
[(4, 0.59426654864670092), (6, 0.25127835050666625)]
[(0, 0.25104013155446897), (6, 0.46948446374247127)]
[(6, 0.77270261793588713)]
[(6, 0.79317878849586521)]
[(2, 0.48634540653952268), (6, 0.23908621938983604)]
[(2, 0.68751241714074673), (6, 0.27664068947611992)]
[(3, 0.58934421467623344), (4, 0.35091698030508967)]
[(3, 0.64217488429784297), (4, 0.34480595272988618)]
[(3, 0.42336691864753373), (4, 0.53187582375849074)]
[(1, 0.39756237106084347), (3, 0.20974885367067622), (6, 0.37761267774491752)]
[(6, 0.8612513761724514)]
[(6, 0.83864411739666145)]
[(2, 0.73581289165995534), (3, 0.22205341209705495)]
[(2, 0.74099463455726533)]
[(2, 0.40764121087552369), (6, 0.42563848603691395)]
[(2, 0.51538706910652055), (6, 0.26262349502766541)]
[(2, 0.5994254312157119), (3, 0.24304903558169949)]
[(2, 0.39395049748633287), (3, 0.23423885680955928), (5, 0.33086494652088105)]
[(0, 0.3968306109253304), (4, 0.32254169282183348), (6, 0.20342189664893282)]
[(0, 0.37525598924054671), (2, 0.2599352039086294), (5, 0.30745325585518984)]
[(4, 0.59426371668867906), (6, 0.25130362210871354)]
[(0, 0.25103922467853068), (6, 0.46948459538961285)]
[(6, 0.77283574463101323)]
[(6, 0.79314902779628782)]
[(2, 0.48632444636056255), (6, 0.23907141427597187)]
[(2, 0.68753462440396373), (6, 0.2766194741333115)]
[(3, 0.58934297641923228), (4, 0.35091798283294717)]
[(3, 0.64219492513196119), (4, 0.34478591530222319)]
[(3, 0.42336016881864763), (4, 0.53188206592550302)]
[(1, 0.39757256754732906), (3, 0.20973267621386926), (6, 0.37761866554151358)]
[(6, 0.86122580790952408)]
[(6, 0.8386395920684957)]
[(2, 0.73626413573146987), (3, 0.22160205930324942)]
[(2, 0.7410053817507235)]
[(2, 0.4075891301754167), (6, 0.42556147411786538)]
[(2, 0.51538060896021487), (6, 0.26260875483820256)]
[(2, 0.59942860082137239), (3, 0.24305765193549009)]
[(2, 0.39390648791346627), (3, 0.23417003143574311), (5, 0.3309777859305898)]
[(0, 0.3968244786218561), (4, 0.32254628142291336), (6, 0.20341633083632332)]
[(0, 0.3752640846259091), (2, 0.25988475693886093), (5, 0.30749561064570885)]
[(4, 0.59426180279221963), (6, 0.25125590666697478)]
[(0, 0.2510371313660934), (6, 0.46948155570298677)]
[(6, 0.77271772489330248)]
[(6, 0.79314882550399213)]
[(2, 0.48634079568185246), (6, 0.23908135032116251)]
[(2, 0.68754204300246513), (6, 0.27661172116864824)]
[(3, 0.58930883991468053), (4, 0.35094002592655477)]
[(3, 0.64219485126455822), (4, 0.34478598919014136)]
[(3, 0.42330192675141803), (4, 0.53193816199267552)]
[(1, 0.39756360811191244), (3, 0.20974600033086338), (6, 0.37761430041337241)]
[(6, 0.86122908012398269)]
[(6, 0.83864402401934057)]
[(2, 0.73588854451085017), (3, 0.22197773631465301)]
[(2, 0.7409981214334822)]
[(2, 0.40765471792555674), (6, 0.42554923991533194)]
[(2, 0.51536838027119203), (6, 0.26261834713879773)]
[(2, 0.59950457404349711), (3, 0.24302225577760811)]
[(2, 0.39386347137397881), (3, 0.23418791256910837), (5, 0.33100292267151049)]
[(0, 0.39682414452755654), (4, 0.32254653408545608), (6, 0.20341602566893802)]
[(0, 0.37525290554950991), (2, 0.25995456660514793), (5, 0.30743697561626931)]
[(4, 0.59429447086627696), (6, 0.25126838418017045)]
[(0, 0.25103868340708374), (6, 0.46948124020623239)]
[(6, 0.77283743639169078)]
[(6, 0.7931573074342847)]
[(2, 0.48634155455529388), (6, 0.23908185392444689)]
[(2, 0.68752075752218622), (6, 0.27663289298158256)]
[(3, 0.589324211020403), (4, 0.35093118805651108)]
[(3, 0.64218457046041544), (4, 0.34479626940180497)]
[(3, 0.42340088305192569), (4, 0.5318417518975983)]
[(1, 0.39755350044240656), (3, 0.20976028181082776), (6, 0.37761012623620649)]
[(6, 0.86122292780985987)]
[(6, 0.83864619862632872)]
[(2, 0.73582538357529659), (3, 0.22204087833815644)]
[(2, 0.74100222338586919)]
[(2, 0.40750300417056096), (6, 0.42552278330691112)]
[(2, 0.51537084686823831), (6, 0.26259508648073798)]
[(2, 0.59945786333608486), (3, 0.24303139617771047)]
[(2, 0.39391585218297503), (3, 0.23422617653809458), (5, 0.33091227413945096)]
[(0, 0.396824537369038), (4, 0.32254623775723701), (6, 0.20341638368689913)]
[(0, 0.37524925019612854), (2, 0.25997772096327981), (5, 0.30741747511533818)]
[(4, 0.59430735783326782), (6, 0.25115580223088008)]
[(0, 0.25103932029950909), (6, 0.4694851324373373)]
[(6, 0.77285134645846298)]
[(6, 0.79315785177823639)]
[(2, 0.48634770129083243), (6, 0.23909042467182531)]
[(2, 0.68750764874250292), (6, 0.27664515336238116)]
[(3, 0.58933884121258584), (4, 0.35092118994719446)]
[(3, 0.64219720487920606), (4, 0.34478363581100802)]
[(3, 0.42338692732515987), (4, 0.5318558699584911)]
[(1, 0.39756152586387999), (3, 0.20974876125966113), (6, 0.37761362182603048)]
[(6, 0.86125883035516115)]
[(6, 0.83863072168509889)]
[(2, 0.7358558644704728), (3, 0.22201042957280548)]
[(2, 0.7410070035821763)]
[(2, 0.40761079343429368), (6, 0.42556186653521444)]
[(2, 0.51537501134749475), (6, 0.26259142432343296)]
[(2, 0.59944358422554245), (3, 0.24305629273625234)]
[(2, 0.39393371096097551), (3, 0.23425200996873055), (5, 0.33086858019190435)]
[(0, 0.39682451253007894), (4, 0.32254625741453236), (6, 0.20341636013140166)]
[(0, 0.3752496772357215), (2, 0.25997742140708602), (5, 0.30741734707967716)]
[(4, 0.59431071560476034), (6, 0.25122732097676237)]
[(0, 0.25103998477328865), (6, 0.46948445936010491)]
[(6, 0.77270048206377018)]
[(6, 0.79319914425750371)]
[(2, 0.48634804615629279), (6, 0.23909062487155588)]
[(2, 0.68751191259088884), (6, 0.27664119454414932)]
[(3, 0.58932225598489296), (4, 0.35093239495088735)]
[(3, 0.64219540377122875), (4, 0.34478543695158448)]
[(3, 0.42336711635550484), (4, 0.53187329004157102)]
[(1, 0.39755041309831085), (3, 0.20976491542870071), (6, 0.3776085798732588)]
[(6, 0.86126538104437722)]
[(6, 0.83862912351940988)]
[(2, 0.73590114464978718), (3, 0.22196464777150138)]
[(2, 0.74099997415379559)]
[(2, 0.40756111853060528), (6, 0.42556096068263866)]
[(2, 0.5153532083674679), (6, 0.26261575058206105)]
[(2, 0.59942027687284138), (3, 0.24304503295352253)]
[(2, 0.39402711494597736), (3, 0.23414960171320226), (5, 0.33087758302577996)]
[(0, 0.3968254878869138), (4, 0.32254552220243948), (6, 0.20341724843754239)]
[(0, 0.37526216928997758), (2, 0.25989692197717418), (5, 0.30748536017335448)]
[(4, 0.59426629904314998), (6, 0.25124145824017291)]
[(0, 0.25103746497579305), (6, 0.46948141806967081)]
[(6, 0.77283677917553406)]
[(6, 0.79314240335774355)]
[(2, 0.48632973921006079), (6, 0.23906810449527929)]
[(2, 0.68752535015335547), (6, 0.27662853577841573)]
[(3, 0.58931233912783687), (4, 0.35093813661428092)]
[(3, 0.64217465197645784), (4, 0.34480618481073361)]
[(3, 0.42335067771613749), (4, 0.53189194518036798)]
[(1, 0.39756201507091471), (3, 0.20974809389738389), (6, 0.37761379999257005)]
[(6, 0.86123643389258697)]
[(6, 0.83864964420587518)]
[(2, 0.73579468293746675), (3, 0.22207162033015987)]
[(2, 0.74099759538432697)]
[(2, 0.40769758708319881), (6, 0.42557365347704118)]
[(2, 0.5153570601580546), (6, 0.2626338807931391)]
[(2, 0.59940527080980344), (3, 0.24304979014928643)]
[(2, 0.39396844708820111), (3, 0.23422995172771449), (5, 0.33085590148282429)]
[(0, 0.39682527332110434), (4, 0.32254568246572057), (6, 0.20341705439951888)]
[(0, 0.37523443938222062), (2, 0.26007142025093294), (5, 0.30733858047015672)]
[(4, 0.59427855142461572), (6, 0.25127310674434727)]
[(0, 0.25103917295265737), (6, 0.46948185121615438)]
[(6, 0.77283267806943479)]
[(6, 0.79321506281411258)]
[(2, 0.48634980386344984), (6, 0.23909343465368266)]
[(2, 0.6875301090941488), (6, 0.27662391720149498)]
[(3, 0.58931201884767448), (4, 0.35093831231118194)]
[(3, 0.64219790911279506), (4, 0.34478293166539242)]
[(3, 0.42340101540618896), (4, 0.53184063566782602)]
[(1, 0.39756775117547538), (3, 0.20973949619115975), (6, 0.37761666159648094)]
[(6, 0.86134520468477538)]
[(6, 0.83864995950848542)]
[(2, 0.73599090465416872), (3, 0.22187364556441322)]
[(2, 0.74099756729277999)]
[(2, 0.40761951486274378), (6, 0.4255183118395281)]
[(2, 0.51537457933364639), (6, 0.26261885982664301)]
[(2, 0.59944170384422557), (3, 0.24302485497798679)]
[(2, 0.39392724319036976), (3, 0.23423456779369098), (5, 0.33089249105553858)]
[(0, 0.39682423525784694), (4, 0.3225464675001925), (6, 0.2034161063856019)]
[(0, 0.37526095329357312), (2, 0.25990878221001867), (5, 0.30747471439784396)]
[(4, 0.59426866488509233), (6, 0.25124633763113141)]
[(0, 0.25103782044164702), (6, 0.46948166346382086)]
[(6, 0.77283095224965992)]
[(6, 0.79321231819796945)]
[(2, 0.48632862299587926), (6, 0.23907469771584111)]
[(2, 0.68753097500832117), (6, 0.27662316246016455)]
[(3, 0.5893379519794788), (4, 0.35092185397356607)]
[(3, 0.64218734756881912), (4, 0.34479349249591845)]
[(3, 0.42338398348209078), (4, 0.53185625706155293)]
[(1, 0.39755633447447125), (3, 0.20976027248711762), (6, 0.37760729781333929)]
[(6, 0.86122730723105234)]
[(6, 0.83864471503373339)]
[(2, 0.73594510323174567), (3, 0.22192074071658505)]
[(2, 0.74099130468150765)]
[(2, 0.40756574901334708), (6, 0.42555652793951226)]
[(2, 0.51537616390666385), (6, 0.26261597477638093)]
[(2, 0.59946360334740689), (3, 0.24302315451907441)]
[(2, 0.39400241515934459), (3, 0.23417626272556544), (5, 0.33087562257343156)]
[(0, 0.39682346632534049), (4, 0.32254704377773319), (6, 0.2034154102070522)]
[(0, 0.37524472749968552), (2, 0.26000557971771021), (5, 0.30739413728813952)]
[(4, 0.59430507071372307), (6, 0.25123940699412589)]
[(0, 0.25103918901808642), (6, 0.46948184104923729)]
[(6, 0.77283157750312337)]
[(6, 0.7932265999189132)]
[(2, 0.4863378302244159), (6, 0.23907778503363694)]
[(2, 0.68751668948376821), (6, 0.27663674235504587)]
[(3, 0.58932284581628813), (4, 0.35093203362581127)]
[(3, 0.6421931923612344), (4, 0.34478764804262058)]
[(3, 0.42336880959296913), (4, 0.53187395808163929)]
[(1, 0.39756412139604802), (3, 0.20974500502356383), (6, 0.37761478261241493)]
[(6, 0.86123370528913756)]
[(6, 0.83865201949496637)]
[(2, 0.735894264376179), (3, 0.22197202132514499)]
[(2, 0.7409992767405551)]
[(2, 0.40749804487568947), (6, 0.42543410933300835)]
[(2, 0.5153792550078653), (6, 0.262610643762413)]
[(2, 0.59941124719089778), (3, 0.24305047476864222)]
[(2, 0.39392120257613478), (3, 0.23424796803129647), (5, 0.33088513123187363)]
[(0, 0.3968243877015602), (4, 0.32254635014878025), (6, 0.20341624800759858)]
[(0, 0.37525077633789544), (2, 0.25997025096475973), (5, 0.30742341914085369)]
[(4, 0.59429269276368002), (6, 0.25124771592757134)]
[(0, 0.25103922683213253), (6, 0.46948252701363724)]
[(6, 0.7727997302003905)]
[(6, 0.79322080717146015)]
[(2, 0.48632890298254411), (6, 0.23906700635517505)]
[(2, 0.68750641107828148), (6, 0.27664636679658833)]
[(3, 0.58932102606516357), (4, 0.35093314076536686)]
[(3, 0.64219886786990055), (4, 0.34478197295734092)]
[(3, 0.42336322722033942), (4, 0.53187765555927269)]
[(1, 0.3975631214410022), (3, 0.20974683761542473), (6, 0.37761394977516982)]
[(6, 0.8612368217555042)]
[(6, 0.838650633639344)]
[(2, 0.73581518581892003), (3, 0.22205111707633723)]
[(2, 0.74100256821024235)]
[(2, 0.40754020132132401), (6, 0.42549962073080744)]
[(2, 0.5153703917447966), (6, 0.26261112397923014)]
[(2, 0.59945519275466275), (3, 0.24302935822945951)]
[(2, 0.39387392055131487), (3, 0.23417143940688886), (5, 0.33100894676438031)]
[(0, 0.39682909841954211), (4, 0.32254281970251991), (6, 0.20342052528352153)]
[(0, 0.37526176589807453), (2, 0.25989902551731436), (5, 0.30748365988589782)]
[(4, 0.5942681361523322), (6, 0.25128230396577583)]
[(0, 0.25104016457756101), (6, 0.46948494011206821)]
[(6, 0.77275347375902503)]
[(6, 0.79314973661839405)]
[(2, 0.48635021975080939), (6, 0.23909547421151031)]
[(2, 0.6875315075003483), (6, 0.27662252075118848)]
[(3, 0.58931894142570762), (4, 0.35093438208599553)]
[(3, 0.64219559600084974), (4, 0.34478524447022507)]
[(3, 0.42336331591086113), (4, 0.53187942589544845)]
[(1, 0.39754608811910769), (3, 0.2097712211365739), (6, 0.37760659901852056)]
[(6, 0.86122663986410197)]
[(6, 0.83863918572224616)]
[(2, 0.735872288296199), (3, 0.22199400149319454)]
[(2, 0.74100163948467912)]
[(2, 0.40765488239971687), (6, 0.42563741633886859)]
[(2, 0.51532925098739457), (6, 0.26268921127567324)]
[(2, 0.5994549891007821), (3, 0.24302443428110007)]
[(2, 0.39386408176925758), (3, 0.23418211558227769), (5, 0.33100810944107195)]
[(0, 0.39682935090012755), (4, 0.3225426311524065), (6, 0.2034207545874151)]
[(0, 0.37526181549729981), (2, 0.25989964625047818), (5, 0.30748298951445519)]
[(4, 0.59430932755508448), (6, 0.25128667170057062)]
[(0, 0.25103884981097824), (6, 0.46948259354375893)]
[(6, 0.77281033694430734)]
[(6, 0.79322895437350394)]
[(2, 0.48634579163457481), (6, 0.23908905305489142)]
[(2, 0.68750733437563039), (6, 0.27664556877260238)]
[(4, 0.57142856996379165)]
