[(2, 0.57142854912866392)]
[(3, 0.48552494170410981), (4, 0.23437560556352022)]
[(6, 0.89428129408382784)]
[(2, 0.27213784539342351), (6, 0.37345335822490583)]
[(2, 0.31191669895172414), (6, 0.36633308918806157)]
[(0, 0.64645900429716652)]
[(0, 0.37660566386921845), (3, 0.29682022705823935), (6, 0.2096782354297542)]
[(4, 0.43941532951602874), (6, 0.3975738631306433)]
[(4, 0.2616402899497397), (6, 0.35390288480882226)]
[(0, 0.20111411791628289), (6, 0.59164594356846001)]
[(0, 0.3436440861418929), (6, 0.43455750036800173)]
[(2, 0.28958329007135458), (6, 0.37138000769209689)]
[(3, 0.29090133432759896), (4, 0.43504943357806786)]
[(4, 0.48303451406953257)]
[(4, 0.56700116411331514)]
[(3, 0.24761487597616766), (4, 0.41676841800713738)]
[(4, 0.24179234782901152), (5, 0.22098591531917852), (6, 0.32163654173186063)]
[(4, 0.22041535751548116), (5, 0.31090968422468362), (6, 0.20436542444080733)]
[(3, 0.49723687530219995), (6, 0.24094270761503322)]
[(6, 0.69532171855884761)]
[(2, 0.31755255994741571), (3, 0.24102076413422446), (6, 0.27024257562031506)]
[(3, 0.48552311262073489), (4, 0.23437474086968615)]
[(6, 0.89427905414148356)]
[(2, 0.27213733844178145), (6, 0.37344223556264283)]
[(2, 0.31191673761584587), (6, 0.36633301388277778)]
[(0, 0.64646612025776329)]
[(0, 0.37659483776962144), (3, 0.29681630666852388), (6, 0.20967616328978289)]
[(4, 0.43941578948092153), (6, 0.3975741760593659)]
[(4, 0.2616408060072169), (6, 0.35390442719236526)]
[(0, 0.20110962455447884), (6, 0.5916654896350374)]
[(0, 0.3436444317423748), (6, 0.43456165493543686)]
[(2, 0.28958295350512903), (6, 0.37138006958861097)]
[(3, 0.29089743381727434), (4, 0.43504676822877331)]
[(4, 0.48303130933499261)]
[(4, 0.56700072304120896)]
[(3, 0.24761824749396105), (4, 0.41676921343266077)]
[(4, 0.24179241690859885), (5, 0.22098613525173511), (6, 0.32163165901458302)]
[(4, 0.22041504649637136), (5, 0.31091084200955016), (6, 0.20436608380768925)]
[(3, 0.49723488091624074), (6, 0.2409440601587039)]
[(6, 0.69532416660952168)]
[(2, 0.31755100957605209), (3, 0.24102090196610795), (6, 0.27024124984496406)]
[(3, 0.48551902810375613), (4, 0.23437361119063815)]
[(6, 0.89431036602643665)]
[(2, 0.2721502289068839), (6, 0.3734524716944771)]
[(2, 0.31191643487616699), (6, 0.36633034067828718)]
[(0, 0.64646130016096948)]
[(0, 0.37660440276575796), (3, 0.29681958025892957), (6, 0.20967795752841339)]
[(4, 0.43940426163472185), (6, 0.39756633606209585)]
[(4, 0.26164025475858682), (6, 0.35390291564750104)]
[(0, 0.20110689714324886), (6, 0.59167567721953862)]
[(0, 0.34364474843117748), (6, 0.43456532111094021)]
[(2, 0.28958592518757459), (6, 0.37138295550866152)]
[(3, 0.29088630006545368), (4, 0.4350496179341039)]
[(4, 0.48303375863114273)]
[(4, 0.56700039404789326)]
[(3, 0.24761522472568098), (4, 0.41676839806802268)]
[(4, 0.24179241897613907), (5, 0.2209855191446464), (6, 0.32163694689822347)]
[(4, 0.22042663242656305), (5, 0.31092058512528897), (6, 0.20435013532594964)]
[(3, 0.49723477986894415), (6, 0.2409441831049039)]
[(6, 0.69532784210204857)]
[(2, 0.31755127737663186), (3, 0.24102072307979591), (6, 0.27023963460226164)]
[(3, 0.48552635154046669), (4, 0.23437572032755577)]
[(6, 0.8942843347196745)]
[(2, 0.27212724863149784), (6, 0.37343217747306762)]
[(2, 0.31191748556294985), (6, 0.36633700235226291)]
[(0, 0.64646771488047416)]
[(0, 0.37659618185532501), (3, 0.29681678971606384), (6, 0.20967641688118044)]
[(4, 0.43940558476932057), (6, 0.39756723563245139)]
[(4, 0.26164079163608783), (6, 0.35390447662616381)]
[(0, 0.20111370727702085), (6, 0.59164790451429605)]
[(0, 0.3436444283804066), (6, 0.43456161530960991)]
[(2, 0.28958298473550315), (6, 0.37137986245220606)]
[(3, 0.29090139836822998), (4, 0.43504938388717085)]
[(4, 0.48302399296274784)]
[(4, 0.56700023353337448)]
[(3, 0.24761777029582377), (4, 0.41676891590418125)]
[(4, 0.24179214358268394), (5, 0.22098678349698042), (6, 0.32163320031762926)]
[(4, 0.22042327261428218), (5, 0.31091742567410863), (6, 0.20435464831131084)]
[(3, 0.49723707242629028), (6, 0.2409426075661672)]
[(6, 0.6953293160847881)]
[(2, 0.31755232629191782), (3, 0.24102066041660281), (6, 0.27024112007407874)]
[(3, 0.48552452071090907), (4, 0.23437534174677177)]
[(6, 0.89427661908845191)]
[(2, 0.27213036900621995), (6, 0.37343041366627144)]
[(2, 0.31191642086905091), (6, 0.36633078080717968)]
[(0, 0.6464692370176025)]
[(0, 0.37660215966221905), (3, 0.29681883724688801), (6, 0.20967753887268811)]
[(4, 0.43941499634389219), (6, 0.3975736364689802)]
[(4, 0.26164026439169719), (6, 0.35390282697596054)]
[(0, 0.20111233306189141), (6, 0.59165424177542625)]
[(0, 0.34364408509136984), (6, 0.43455748748391543)]
[(2, 0.28958416566669976), (6, 0.37138085171276936)]
[(3, 0.29088844566202682), (4, 0.43505009402289169)]
[(4, 0.48302712407024512)]
[(4, 0.5670008115154771)]
[(3, 0.24761412915236186), (4, 0.4167677449556495)]
[(4, 0.24179253373798257), (5, 0.22098531627101756), (6, 0.32163665656681845)]
[(4, 0.22041916373534359), (5, 0.31091395543256384), (6, 0.20436030804943631)]
[(3, 0.49723619767344518), (6, 0.24094307478457169)]
[(6, 0.69532493320237321)]
[(2, 0.3175506248149193), (3, 0.24102068792166872), (6, 0.27024245585371487)]
[(3, 0.48552350027964414), (4, 0.2343751006582345)]
[(6, 0.89427707182677396)]
[(2, 0.2721315847882107), (6, 0.37343422670148224)]
[(2, 0.31191740907854526), (6, 0.36633670864855838)]
[(0, 0.64646172667440216)]
[(0, 0.37660198712467213), (3, 0.29681930400549317), (6, 0.20967760143659478)]
[(4, 0.43941118220718522), (6, 0.39757104200779786)]
[(4, 0.26163985678182339), (6, 0.35390162664919711)]
[(0, 0.20111420423779258), (6, 0.59164475788273607)]
[(0, 0.34364482463635432), (6, 0.43456618412091658)]
[(2, 0.28958694615796732), (6, 0.3713829349928004)]
[(3, 0.29090130102008288), (4, 0.43504926544439487)]
[(4, 0.48302182429507184)]
[(4, 0.56700108037044716)]
[(3, 0.24761723338047423), (4, 0.41676795577379727)]
[(4, 0.24179256387699463), (5, 0.2209852017719946), (6, 0.32163672928889514)]
[(4, 0.22042464943929313), (5, 0.3109188702809158), (6, 0.20435282114978376)]
[(3, 0.4972366688674339), (6, 0.24094269624125894)]
[(6, 0.69532469231969285)]
[(2, 0.31754767917998561), (3, 0.2410186534466251), (6, 0.27024324554150259)]
[(3, 0.48552769836910359), (4, 0.23437630715640317)]
[(6, 0.89427431852366546)]
[(2, 0.27216283996183604), (6, 0.37347050170818807)]
[(2, 0.31191671546672961), (6, 0.36633325892701996)]
[(0, 0.64645731833598152)]
[(0, 0.37659500595467504), (3, 0.29681707151126835), (6, 0.20967632520925092)]
[(4, 0.43939873959114378), (6, 0.39756258249172066)]
[(4, 0.26163987710323322), (6, 0.35390168671531497)]
[(0, 0.2011087810419547), (6, 0.59166879291401064)]
[(0, 0.34364425952291183), (6, 0.43455960536398208)]
[(2, 0.28958256204170524), (6, 0.37137913798747096)]
[(3, 0.29090115082683471), (4, 0.43504850205270279)]
[(4, 0.48303511025830093)]
[(4, 0.56699899802202436)]
[(3, 0.2476183415796904), (4, 0.41676901315585441)]
[(4, 0.24179253643577495), (5, 0.22098505815780559), (6, 0.32163865341260239)]
[(4, 0.22041770739035862), (5, 0.31091362082702351), (6, 0.20436248160255463)]
[(3, 0.4972402091606557), (6, 0.24094016042146066)]
[(6, 0.69532289978828765)]
[(2, 0.31755019133167922), (3, 0.24101973082065373), (6, 0.27024293936482008)]
[(3, 0.48552718785149351), (4, 0.2343761407450719)]
[(6, 0.894272941838402)]
[(2, 0.27213027313232224), (6, 0.37344286132167159)]
[(2, 0.31191642609184861), (6, 0.36633057647921191)]
[(0, 0.6464680271153399)]
[(0, 0.37660486684358846), (3, 0.29681986119164122), (6, 0.20967806713886195)]
[(4, 0.43941292382508457), (6, 0.39757222661618158)]
[(4, 0.26164046470501906), (6, 0.35390350760090789)]
[(0, 0.20110871839495645), (6, 0.59166897536114216)]
[(0, 0.3436447676662886), (6, 0.43456553963424521)]
[(2, 0.28958489740983567), (6, 0.37138165003551354)]
[(3, 0.29090094449478648), (4, 0.43504853949616989)]
[(4, 0.48303549838767418)]
[(4, 0.56700110428404615)]
[(3, 0.24761621305555123), (4, 0.416768941482422)]
[(4, 0.24179286050639681), (5, 0.22098437588122974), (6, 0.32163512008473427)]
[(4, 0.22041951924682829), (5, 0.3109156135157366), (6, 0.20436006721240885)]
[(3, 0.49723729093051405), (6, 0.24094245724968782)]
[(6, 0.69532463507650155)]
[(2, 0.31754875273093286), (3, 0.2410213638768397), (6, 0.270230656528613)]
[(3, 0.48552638290440225), (4, 0.23437576355809692)]
[(6, 0.89426960012535528)]
[(2, 0.27212420935762494), (6, 0.37343218448712556)]
[(2, 0.31191626867167649), (6, 0.36632887480209647)]
[(0, 0.64646812113072127)]
[(0, 0.37660842695397539), (3, 0.29682112177852826), (6, 0.20967874933826075)]
[(4, 0.4394155553265689), (6, 0.39757401675553716)]
[(4, 0.26164025417414299), (6, 0.35390288902558426)]
[(0, 0.20111370392563177), (6, 0.59164776538654307)]
[(0, 0.34364418957219695), (6, 0.43455876120375381)]
[(2, 0.28958253800421269), (6, 0.37137897257573971)]
[(3, 0.29090025731448532), (4, 0.43504748828438428)]
[(4, 0.48302450292454741)]
[(4, 0.56700114181581507)]
[(3, 0.24761994091788903), (4, 0.41676937124991686)]
[(4, 0.24179249022733251), (5, 0.22098526757663695), (6, 0.32163812215051807)]
[(4, 0.22042630967777502), (5, 0.31092023934390045), (6, 0.20435055645145481)]
[(3, 0.49723564589148406), (6, 0.24094348737214122)]
[(6, 0.69532152543433146)]
[(2, 0.31754761527046654), (3, 0.24101801469130363), (6, 0.27024158247227903)]
[(3, 0.4855193993505727), (4, 0.23437400356044483)]
[(6, 0.89426757807789969)]
[(2, 0.27216777299529499), (6, 0.37347253067546249)]
[(2, 0.31191631044992291), (6, 0.36632883060198923)]
[(0, 0.64646554804086687)]
[(0, 0.37660714140021018), (3, 0.29682036042043319), (6, 0.20967845073818453)]
[(4, 0.43939659758005545), (6, 0.39756112678843752)]
[(4, 0.26164103307433023), (6, 0.35390540797519887)]
[(0, 0.20111088949478212), (6, 0.59166057460753141)]
[(0, 0.3436450075655807), (6, 0.43456822635274284)]
[(2, 0.28958320373284691), (6, 0.37137988696901886)]
[(3, 0.29089888520029633), (4, 0.43504691058284534)]
[(4, 0.48312954539699382)]
[(4, 0.56700195936897735)]
[(3, 0.24761540661530551), (4, 0.41676781126499474)]
[(4, 0.2417922226912203), (5, 0.22098650723045496), (6, 0.321633922561958)]
[(4, 0.22043123884574509), (5, 0.31092398033005425), (6, 0.20434383967541692)]
[(3, 0.49723689044252117), (6, 0.24094259682296104)]
[(6, 0.69532077256699021)]
[(2, 0.31754500440388478), (3, 0.24101677398379645), (6, 0.27024268850832545)]
[(3, 0.48552169449892646), (4, 0.23437448738378147)]
[(6, 0.89426466167234198)]
[(2, 0.2721363763946949), (6, 0.37344500293843202)]
[(2, 0.31191659791445409), (6, 0.3663311316220903)]
[(0, 0.64646638043259019)]
[(0, 0.3766044373084414), (3, 0.2968197908873309), (6, 0.20967800073517578)]
[(4, 0.43940433592992456), (6, 0.39756638657191423)]
[(4, 0.26164032261501352), (6, 0.35390306146877132)]
[(0, 0.20110741221515402), (6, 0.59167404729330075)]
[(0, 0.34364441278225438), (6, 0.4345614312638571)]
[(2, 0.2895841062752903), (6, 0.37137971049711471)]
[(3, 0.29088763372811732), (4, 0.43504721623533849)]
[(4, 0.48302788643501376)]
[(4, 0.5670002532938927)]
[(3, 0.24761688719939398), (4, 0.41676787817575506)]
[(4, 0.24179221561617267), (5, 0.2209862856586666), (6, 0.32163561726970469)]
[(4, 0.22042394884479338), (5, 0.31091819729513148), (6, 0.2043537613760753)]
[(3, 0.49723446042445074), (6, 0.24094435309964898)]
[(6, 0.69532362215466637)]
[(2, 0.31754782903514434), (3, 0.24101853398857165), (6, 0.27024439372995207)]
[(3, 0.48553009524168911), (4, 0.23437685230047428)]
[(6, 0.89426850366695076)]
[(2, 0.27216885684675979), (6, 0.37347430521929348)]
[(2, 0.31191732553648271), (6, 0.3663362633131757)]
[(0, 0.64646135221914769)]
[(0, 0.37660095773789615), (3, 0.29681821095887567), (6, 0.20967727398430294)]
[(4, 0.43941145982016605), (6, 0.39757123082494794)]
[(4, 0.26164040310121861), (6, 0.35390331617268284)]
[(0, 0.20111282247888074), (6, 0.59165193057753429)]
[(0, 0.34364490179274526), (6, 0.43456705051735323)]
[(2, 0.28958444329320265), (6, 0.37138064917181968)]
[(3, 0.29090122751105812), (4, 0.43504942941161101)]
[(4, 0.48302660828726157)]
[(4, 0.56699916525526151)]
[(3, 0.24761734420418727), (4, 0.41676936187896219)]
[(4, 0.24179255763669233), (5, 0.22098511929382106), (6, 0.32163759942975051)]
[(4, 0.22042341643078014), (5, 0.31091794218820118), (6, 0.20435452808470575)]
[(3, 0.49723518722392013), (6, 0.24094389205349379)]
[(6, 0.69531517670800691)]
[(2, 0.317549923901705), (3, 0.24102075132406212), (6, 0.27024305327210313)]
[(3, 0.48551912727588359), (4, 0.23437337922437806)]
[(6, 0.89427266798415284)]
[(2, 0.27212712609443457), (6, 0.37342792097696814)]
[(2, 0.31191740438033011), (6, 0.36633643182764858)]
[(0, 0.64646251027859025)]
[(0, 0.37659755617069618), (3, 0.29681721470041944), (6, 0.20967666587409961)]
[(4, 0.43938620312392868), (6, 0.39755406507355862)]
[(4, 0.2616401193156197), (6, 0.35390237719792694)]
[(0, 0.20111316415141553), (6, 0.59165062739378593)]
[(0, 0.34364406191581459), (6, 0.434557202848258)]
[(2, 0.28958609517324169), (6, 0.37138297661187725)]
[(3, 0.29089449977164794), (4, 0.43504446464205393)]
[(4, 0.48302754996471658)]
[(4, 0.56700101303512818)]
[(3, 0.24761614808951415), (4, 0.41676938424081134)]
[(4, 0.241792106022514), (5, 0.22098699366805227), (6, 0.32163307914269679)]
[(4, 0.22041746289177588), (5, 0.31091225040553894), (6, 0.20436261995456292)]
[(3, 0.49723411180416033), (6, 0.24094460159131154)]
[(6, 0.69531993936414704)]
[(2, 0.31754648140179659), (3, 0.24101659255356059), (6, 0.27024458245357608)]
[(3, 0.48552012785578619), (4, 0.23437393599954293)]
[(6, 0.89427422956410374)]
[(2, 0.2721448526815835), (6, 0.37345285700207198)]
[(2, 0.31191740932657969), (6, 0.36633651917926302)]
[(0, 0.64646097630953392)]
[(0, 0.37660145172573328), (3, 0.29681877159516795), (6, 0.2096774364048922)]
[(4, 0.43940412329983924), (6, 0.39756624201529711)]
[(4, 0.26164039061943306), (6, 0.35390323053310246)]
[(0, 0.20111174432431281), (6, 0.59165679940278526)]
[(0, 0.3436450242479176), (6, 0.43456841056283602)]
[(2, 0.28958594558913997), (6, 0.3713824349533687)]
[(3, 0.29090142821080067), (4, 0.43504919713344614)]
[(4, 0.48302252428724718)]
[(4, 0.56700007537829833)]
[(3, 0.24761501227775151), (4, 0.4167673751390657)]
[(4, 0.24179259836629635), (5, 0.220985194453369), (6, 0.32163589416947613)]
[(4, 0.22041969957322716), (5, 0.31091415761154489), (6, 0.20435952395117002)]
[(3, 0.49723594970105267), (6, 0.24094323809443888)]
[(6, 0.69532682817586455)]
[(2, 0.31755118754191397), (3, 0.24102080489896657), (6, 0.2702419483654564)]
[(3, 0.48552816358979151), (4, 0.23437620807144854)]
[(6, 0.89428992256087392)]
[(2, 0.27212902176197701), (6, 0.37343033952157856)]
[(2, 0.31191688937808798), (6, 0.36633402365493206)]
[(0, 0.64646177376515357)]
[(0, 0.3766086257167135), (3, 0.29682160575097477), (6, 0.20967885817035339)]
[(4, 0.43939680347642501), (6, 0.39756126670748881)]
[(4, 0.26164023213993698), (6, 0.35390271773326315)]
[(0, 0.20111380981002791), (6, 0.59164755053634932)]
[(0, 0.34364476729296622), (6, 0.43456553539750414)]
[(2, 0.28958538266686268), (6, 0.37138211503004559)]
[(3, 0.29090783119680319), (4, 0.43508407506906543)]
[(4, 0.48302215239973939)]
[(4, 0.56700104238170357)]
[(3, 0.24761878742624274), (4, 0.41676960198340213)]
[(4, 0.24179232595355071), (5, 0.22098591338070558), (6, 0.3216372459096804)]
[(4, 0.22042607052555674), (5, 0.31092019193549331), (6, 0.20435091443248615)]
[(3, 0.4972381480825171), (6, 0.24094176538806206)]
[(6, 0.695327940674762)]
[(2, 0.31754922738996799), (3, 0.24101962972822294), (6, 0.27024089374242838)]
[(3, 0.4855198185337869), (4, 0.23437409331634859)]
[(6, 0.89428903874996402)]
[(2, 0.2721352890385349), (6, 0.37343422070653615)]
[(2, 0.31191751101573562), (6, 0.366336875585202)]
[(0, 0.64646423096589611)]
[(0, 0.37660695466304323), (3, 0.29682069753957196), (6, 0.20967848376951387)]
[(4, 0.4393934846888542), (6, 0.39755901157838469)]
[(4, 0.26164071993629917), (6, 0.35390424243554003)]
[(0, 0.20111234496278249), (6, 0.59165430922704088)]
[(0, 0.34364435318652314), (6, 0.43456072506163784)]
[(2, 0.28958320488457312), (6, 0.37137994171124133)]
[(3, 0.29090105560845986), (4, 0.43504868006819186)]
[(4, 0.48312737012604356)]
[(4, 0.56699996596428581)]
[(3, 0.24761754882178569), (4, 0.41676904274009963)]
[(4, 0.24179228067595035), (5, 0.22098664519593647), (6, 0.32163103402874799)]
[(4, 0.22042454025121908), (5, 0.31091903044138969), (6, 0.2043530222532039)]
[(3, 0.49724013806995188), (6, 0.24094023427039293)]
[(6, 0.69532452877648743)]
[(2, 0.31755216450324208), (3, 0.24102021028350742), (6, 0.27024300986977773)]
[(3, 0.48552655513582621), (4, 0.23437594170143775)]
[(6, 0.89427909670934003)]
[(2, 0.27217002658128059), (6, 0.37347423865776597)]
[(2, 0.31191641433992617), (6, 0.366329597647501)]
[(0, 0.64646679706500632)]
[(0, 0.37660604783348178), (3, 0.29681984368118353), (6, 0.20967821758703215)]
[(4, 0.4394058057809177), (6, 0.3975673859003287)]
[(4, 0.26164071228820335), (6, 0.35390415803997138)]
[(0, 0.20111415805369859), (6, 0.59164555871358238)]
[(0, 0.34364422125939942), (6, 0.43455914445123772)]
[(2, 0.28958207010045361), (6, 0.3713783727037141)]
[(3, 0.29089213616972065), (4, 0.43505176142924445)]
[(4, 0.483040672951213)]
[(4, 0.56700072817916114)]
[(3, 0.24761548126395216), (4, 0.41676895400749397)]
[(4, 0.24179253310766213), (5, 0.22098513758900246), (6, 0.32163747754480232)]
[(4, 0.2204255289512784), (5, 0.3109196508221258), (6, 0.20435163156450448)]
[(3, 0.49723669047478419), (6, 0.24094273131116548)]
[(6, 0.69531778979017034)]
[(2, 0.31754916560111718), (3, 0.24101941926437909), (6, 0.27024335074227845)]
[(3, 0.48552984769994845), (4, 0.23437679018827595)]
[(6, 0.89426317472640926)]
[(2, 0.27213541704952027), (6, 0.37343681693648723)]
[(2, 0.31191729119366063), (6, 0.36633617860124074)]
[(0, 0.64646137123906644)]
[(0, 0.3765939298989846), (3, 0.29681614744064144), (6, 0.20967601895895566)]
[(4, 0.43940852008041553), (6, 0.39756923154204388)]
[(4, 0.26164005071010232), (6, 0.35390218728456291)]
[(0, 0.20111277280120465), (6, 0.5916524369211893)]
[(0, 0.34364476551129702), (6, 0.4345655151753679)]
[(2, 0.28958392440192932), (6, 0.37137975847717691)]
[(3, 0.29090828357478576), (4, 0.43508413186660855)]
[(4, 0.48302139371890335)]
[(4, 0.56700206906700401)]
[(3, 0.24761737130241465), (4, 0.41676874588929269)]
[(4, 0.24179227194838118), (5, 0.22098620106247824), (6, 0.32163597914498232)]
[(4, 0.22042064126748998), (5, 0.31091547309919282), (6, 0.20435831557342185)]
[(3, 0.49723664936965772), (6, 0.24094288112237239)]
[(6, 0.6953167698978916)]
[(2, 0.31754371588909291), (3, 0.2410160492317773), (6, 0.27024270423792796)]
[(3, 0.48552246737196653), (4, 0.23437438385814777)]
[(6, 0.89426292009226838)]
[(2, 0.27212762495457932), (6, 0.37342956540275724)]
[(2, 0.31191719288061348), (6, 0.36633519058899133)]
[(0, 0.64646513581535558)]
[(0, 0.3766112127223617), (3, 0.29682265278977432), (6, 0.20967937733156375)]
[(4, 0.439407523972073), (6, 0.39756855418302278)]
[(4, 0.26164067884934983), (6, 0.35390406479452008)]
[(0, 0.20111430323404902), (6, 0.59164514508758681)]
[(0, 0.34364449967755395), (6, 0.43456245242655489)]
[(2, 0.28958427772240897), (6, 0.37138128960799283)]
[(3, 0.2908950208436889), (4, 0.43504644142258231)]
[(4, 0.48302570110173093)]
[(4, 0.56699997189443185)]
[(3, 0.24761527231856478), (4, 0.41676849048646331)]
[(4, 0.24179251801143861), (5, 0.22098513939467104), (6, 0.32163850816498574)]
[(4, 0.22041102620905931), (5, 0.31090750159662051), (6, 0.2043717058928092)]
[(3, 0.49723615705083157), (6, 0.24094311886312084)]
[(6, 0.6953272422468183)]
[(2, 0.3175497496559837), (3, 0.24102042411939201), (6, 0.27024190016542277)]
[(3, 0.48552324952045967), (4, 0.23437467982697821)]
[(6, 0.8942800044965582)]
[(2, 0.27216970064231871), (6, 0.37347095773909322)]
[(2, 0.31191766919401009), (6, 0.366337771525933)]
[(0, 0.64646694365385382)]
[(0, 0.37660563427052185), (3, 0.29682017463457822), (6, 0.20967822167845787)]
[(4, 0.43940825353525503), (6, 0.39756905028584533)]
[(4, 0.26164009317337111), (6, 0.35390233004365823)]
[(0, 0.20111052078266697), (6, 0.59166207092294498)]
[(0, 0.34364499139482674), (6, 0.43456804747076999)]
[(2, 0.28958394030085149), (6, 0.37138047157554199)]
[(3, 0.29088781638893418), (4, 0.4350543492963192)]
[(4, 0.48302631816938213)]
[(4, 0.56700294887917424)]
[(3, 0.2476156085909178), (4, 0.41676831299036299)]
[(4, 0.24179213338263325), (5, 0.22098658878995256), (6, 0.32163623221022952)]
[(4, 0.22041996687981275), (5, 0.31091453407234776), (6, 0.20435918046051813)]
[(3, 0.4972349903682235), (6, 0.24094400600275856)]
[(6, 0.69531784450165823)]
[(2, 0.31754886406697264), (3, 0.24101974994984404), (6, 0.27024350946953235)]
[(3, 0.48552779011250474), (4, 0.23437622054461663)]
[(6, 0.89427577985864282)]
[(2, 0.27213733517053129), (6, 0.37343391085241417)]
[(2, 0.31191644293559773), (6, 0.36633106324000297)]
[(0, 0.64646218881782791)]
[(0, 0.37659972916291229), (3, 0.29681705131523922), (6, 0.20967691545695089)]
[(4, 0.43939845911748099), (6, 0.39756239187303422)]
[(4, 0.2616408019683476), (6, 0.35390449599857227)]
[(0, 0.2011093847041944), (6, 0.59166655475424312)]
[(0, 0.34364406426152705), (6, 0.43455723169247634)]
[(2, 0.28958543044447033), (6, 0.37138190173104324)]
[(3, 0.29090151174815554), (4, 0.43504978122469995)]
[(4, 0.4830286608431798)]
[(4, 0.5670002186645321)]
[(3, 0.24761767236813173), (4, 0.41676870197363436)]
[(4, 0.24179232306595116), (5, 0.22098635661382235), (6, 0.3216323296678904)]
[(4, 0.22042357544752439), (5, 0.31091795977776177), (6, 0.20435428743455064)]
[(3, 0.49723552307341601), (6, 0.24094345646319937)]
[(6, 0.6953246722957549)]
[(2, 0.31754929784866581), (3, 0.24101956663572835), (6, 0.2702431690106899)]
[(3, 0.48551999291574155), (4, 0.23437393420644048)]
[(6, 0.89428509746099449)]
[(2, 0.27213504118013498), (6, 0.37343374946908753)]
[(2, 0.31191750476248026), (6, 0.36633675569111335)]
[(0, 0.64645868377528681)]
[(0, 0.37660884843685771), (3, 0.29682116177374279), (6, 0.20967881153152582)]
[(4, 0.43938091167958032), (6, 0.3975504715797753)]
[(4, 0.26164052350710759), (6, 0.35390363683679749)]
[(0, 0.20111407913185958), (6, 0.59164588355217651)]
[(0, 0.34364487534149218), (6, 0.43456675432490244)]
[(2, 0.28958435381319758), (6, 0.37138108211667203)]
[(3, 0.29090137636410063), (4, 0.43504886358020262)]
[(4, 0.48302161100426305)]
[(4, 0.56700135519052053)]
[(3, 0.24761855810604169), (4, 0.41676895925888657)]
[(4, 0.2417923826769959), (5, 0.22098550052302335), (6, 0.32163909673798763)]
[(4, 0.22041595473912423), (5, 0.31091289028864277), (6, 0.20436504778842784)]
[(3, 0.49723588250477491), (6, 0.24094333286669173)]
[(6, 0.6953244272917255)]
[(2, 0.31755347349220303), (3, 0.24102256967755942), (6, 0.27024176084657081)]
[(3, 0.48552801585649052), (4, 0.23437621698336361)]
[(6, 0.8942707970771927)]
[(2, 0.27214836882800475), (6, 0.37345920922388559)]
[(2, 0.3119165380389044), (6, 0.36633218650678889)]
[(0, 0.6464629290186511)]
[(0, 0.37660396590368739), (3, 0.29681980080496589), (6, 0.20967794122888289)]
[(4, 0.43939929631291164), (6, 0.39756296086607568)]
[(4, 0.26163990058658337), (6, 0.35390174310810674)]
[(0, 0.2011139134607508), (6, 0.59164697983998571)]
[(0, 0.34364403707887542), (6, 0.43455689695774197)]
[(2, 0.28958392504048314), (6, 0.37138110257166507)]
[(3, 0.29090155968553283), (4, 0.43504969519304593)]
[(4, 0.48302496425879016)]
[(4, 0.567000608136909)]
[(3, 0.24761602050570569), (4, 0.41676886842150013)]
[(4, 0.24179234485733572), (5, 0.22098575029892867), (6, 0.32163794371923671)]
[(4, 0.220417696582283), (5, 0.31091237205682276), (6, 0.20436228313957461)]
[(3, 0.49723867908027658), (6, 0.24094138959142314)]
[(6, 0.69532597929795914)]
[(2, 0.31755052160776803), (3, 0.24101946990015524), (6, 0.27024204805862978)]
[(3, 0.48552438612645099), (4, 0.23437504693340278)]
[(6, 0.89427454669267659)]
[(2, 0.27212718239852385), (6, 0.37342755654696991)]
[(2, 0.3119174642711956), (6, 0.36633629365918469)]
[(0, 0.64645791673091191)]
[(0, 0.37660199764472702), (3, 0.29681900238095393), (6, 0.20967754721910509)]
[(4, 0.43939908762636781), (6, 0.39756281903148843)]
[(4, 0.26164002366226707), (6, 0.35390212093288698)]
[(0, 0.20111252900277871), (6, 0.59165333296746736)]
[(0, 0.3436450238942611), (6, 0.43456840666116259)]
[(2, 0.28958341753529798), (6, 0.37138006543763247)]
[(3, 0.2909014780470367), (4, 0.43504935984451654)]
[(4, 0.48303366089606431)]
[(4, 0.56700118031473257)]
[(3, 0.24761705688549315), (4, 0.41676966855046821)]
[(4, 0.24179234407239025), (5, 0.22098571340665893), (6, 0.32163824482193526)]
[(4, 0.2204287982693201), (5, 0.31092245008731761), (6, 0.2043472278194996)]
[(3, 0.49723636834994905), (6, 0.24094291947379981)]
[(6, 0.69532310235431916)]
[(2, 0.31755224737068338), (3, 0.24102065992683047), (6, 0.27024308123978946)]
[(3, 0.4855230808931964), (4, 0.23437475051490614)]
[(6, 0.89427697711408316)]
[(2, 0.27213165188050309), (6, 0.37343020053406328)]
[(2, 0.31191642942516162), (6, 0.36633110415740738)]
[(0, 0.64646260794078192)]
[(0, 0.37660337542502981), (3, 0.29681902964372353), (6, 0.20967772984564925)]
[(4, 0.43939689930651943), (6, 0.3975613318303744)]
[(4, 0.2616403441851094), (6, 0.35390314293276337)]
[(0, 0.20110636859614817), (6, 0.5916779419344913)]
[(0, 0.34364405833757034), (6, 0.43455715883301282)]
[(2, 0.28958299971469598), (6, 0.37137954095651504)]
[(3, 0.29090161442666507), (4, 0.43505025583219309)]
[(4, 0.48303159808374929)]
[(4, 0.56700026612438104)]
[(3, 0.24761849981357575), (4, 0.41676911649191511)]
[(4, 0.24179234089372748), (5, 0.22098592003205397), (6, 0.32163648027997577)]
[(4, 0.22042455440354394), (5, 0.31091903844628749), (6, 0.20435300214149477)]
[(3, 0.49723516615627839), (6, 0.24094385204092869)]
[(6, 0.69532739375718744)]
[(2, 0.31755136813886548), (3, 0.24102102792099411), (6, 0.27024264030248452)]
[(3, 0.48552106448774024), (4, 0.23437403238743956)]
[(6, 0.89427031715736527)]
[(2, 0.27217553164998937), (6, 0.37347388030841849)]
[(2, 0.31191649536660826), (6, 0.36633118618783433)]
[(0, 0.64645928496200811)]
[(0, 0.3766093781305781), (3, 0.29682136199534354), (6, 0.20967891663880672)]
[(4, 0.43940977778277135), (6, 0.39757008684586076)]
[(4, 0.26163987293580254), (6, 0.35390168791939319)]
[(0, 0.20110902369612013), (6, 0.59166763420203239)]
[(0, 0.34364483492182496), (6, 0.43456630004467234)]
[(2, 0.28958539996306126), (6, 0.3713821988962831)]
[(3, 0.29090145770758841), (4, 0.43504978735456007)]
[(4, 0.48303018366422046)]
[(4, 0.56700204322875969)]
[(3, 0.24761537156510441), (4, 0.41676650219886269)]
[(4, 0.24179265071330985), (5, 0.22098569322509293), (6, 0.32162821953992082)]
[(4, 0.22041761092473511), (5, 0.31091207336089283), (6, 0.20436236521854376)]
[(3, 0.49723579686396874), (6, 0.24094350631500841)]
[(6, 0.69531848394449236)]
[(2, 0.31754785327996904), (3, 0.2410178568392102), (6, 0.27024228722583699)]
[(3, 0.48553021532086615), (4, 0.23437697240861152)]
[(6, 0.89427360370073616)]
[(2, 0.27215059091335403), (6, 0.37345763577988494)]
[(2, 0.31191709762005193), (6, 0.36633540693617411)]
[(0, 0.64646144148972418)]
[(0, 0.37660900942494052), (3, 0.29682106031033817), (6, 0.20967881525269302)]
[(4, 0.43941767571738755), (6, 0.39757545942593647)]
[(4, 0.26163997496960084), (6, 0.35390195544817243)]
[(0, 0.20111251344607411), (6, 0.5916535643758325)]
[(0, 0.34364427372563994), (6, 0.43455977592791117)]
[(2, 0.28958333836160627), (6, 0.37137990208617416)]
[(3, 0.29089959528849163), (4, 0.43504854520959724)]
[(4, 0.48303215679308081)]
[(4, 0.56700093876233781)]
[(3, 0.24761819648223615), (4, 0.41676891160640062)]
[(4, 0.24179229091250687), (5, 0.22098611040889757), (6, 0.32163628523380494)]
[(4, 0.22041844211385228), (5, 0.31091295855335177), (6, 0.20436124192288138)]
[(3, 0.49723536745908359), (6, 0.2409436293906341)]
[(6, 0.69533150475869421)]
[(2, 0.31754898167234585), (3, 0.24101935414236589), (6, 0.2702413055170616)]
[(3, 0.48551935981547589), (4, 0.23437380431470753)]
[(6, 0.8942739355302427)]
[(2, 0.27213857458410612), (6, 0.37344286468522303)]
[(2, 0.31191646094921766), (6, 0.36633123514613336)]
[(0, 0.64646945410381429)]
[(0, 0.37660775260010748), (3, 0.29682062184297248), (6, 0.2096785764362622)]
[(4, 0.43937805818287856), (6, 0.39754853408308238)]
[(4, 0.2616402726006033), (6, 0.35390281159959081)]
[(0, 0.20111335257615021), (6, 0.59164981699478347)]
[(0, 0.34364447213743904), (6, 0.43456212987201548)]
[(2, 0.28958418456932461), (6, 0.37138111993118322)]
[(3, 0.29090080410112279), (4, 0.43504797388548438)]
[(4, 0.48314508316594756)]
[(4, 0.56700058107437123)]
[(3, 0.24761809712037355), (4, 0.41676794024756852)]
[(4, 0.24179232472348353), (5, 0.22098599997710477), (6, 0.32163530992035083)]
[(4, 0.22041905967801978), (5, 0.31091348212206815), (6, 0.20436038660385905)]
[(3, 0.49723562866706494), (6, 0.24094342271430155)]
[(6, 0.69531829535196921)]
[(2, 0.31755116123579336), (3, 0.24102077862706775), (6, 0.27024184797154344)]
[(3, 0.48552806301731327), (4, 0.23437612915055503)]
[(6, 0.89428530931442496)]
[(2, 0.27213568434617069), (6, 0.37343902401369738)]
[(2, 0.31191726503384476), (6, 0.36633585599206087)]
[(0, 0.64646535678416228)]
[(0, 0.37660395741939129), (3, 0.29681979128909258), (6, 0.20967793844387123)]
[(4, 0.43939650207187825), (6, 0.39756106188537832)]
[(4, 0.26164014257358625), (6, 0.35390242184538084)]
[(0, 0.20111214452332687), (6, 0.59165527916285721)]
[(0, 0.34364471497251731), (6, 0.43456493988353284)]
[(2, 0.28958323306766676), (6, 0.37138008080780799)]
[(3, 0.29090124560573172), (4, 0.43504825007224107)]
[(4, 0.48303264181320088)]
[(4, 0.56700037955959071)]
[(3, 0.24761905698959469), (4, 0.41676956518209324)]
[(4, 0.24179256379524094), (5, 0.22098512942620566), (6, 0.32163744850437082)]
[(4, 0.22042494968628712), (5, 0.31091949566001126), (6, 0.20435249054637383)]
[(3, 0.49723627772219742), (6, 0.24094314765355085)]
[(6, 0.69532229543170232)]
[(2, 0.31755202270842209), (3, 0.24102159545666754), (6, 0.27024309146943282)]
[(3, 0.48552508725142246), (4, 0.23437521879910692)]
[(6, 0.89426828480275677)]
[(2, 0.27213380202316451), (6, 0.37343340374450884)]
[(2, 0.31191655118762401), (6, 0.36633184241092326)]
[(0, 0.64646168443494023)]
[(0, 0.37660500142486741), (3, 0.29681984573256825), (6, 0.20967808317005215)]
[(4, 0.43940208180293744), (6, 0.39756485419465254)]
[(4, 0.26164069516014882), (6, 0.3539041340395338)]
[(0, 0.20111427778318025), (6, 0.59164525959389735)]
[(0, 0.34364409664320522), (6, 0.43455762907437728)]
[(2, 0.28958521528367565), (6, 0.37138268463690843)]
[(3, 0.29089242327389825), (4, 0.43506425141171551)]
[(4, 0.48302531485866357)]
[(4, 0.56700122489005889)]
[(3, 0.24761945129121854), (4, 0.41676994570852671)]
[(4, 0.2417924523115289), (5, 0.22098590837870455), (6, 0.32163123125838089)]
[(4, 0.22041467890476088), (5, 0.3109093620037523), (6, 0.20436640905775655)]
[(3, 0.49723993570966635), (6, 0.24094033581163715)]
[(6, 0.69532890144559734)]
[(2, 0.31755138606923972), (3, 0.24102043764138398), (6, 0.27024068345398355)]
[(3, 0.48552923861041902), (4, 0.2343768185307184)]
[(6, 0.89428544456146941)]
[(2, 0.27212438412632056), (6, 0.37342545772617791)]
[(2, 0.31191764131911492), (6, 0.36633736424974672)]
[(0, 0.64646040448274533)]
[(0, 0.37660718318423847), (3, 0.29682052927333757), (6, 0.20967848341494233)]
[(4, 0.4394006889691412), (6, 0.39756390743260506)]
[(4, 0.26164075447861768), (6, 0.35390433633171836)]
[(0, 0.20111085051333655), (6, 0.5916605148074211)]
[(0, 0.34364445652258119), (6, 0.43456194654131219)]
[(2, 0.28958391112327653), (6, 0.37138084677370659)]
[(3, 0.29090035657152719), (4, 0.43504864745415689)]
[(4, 0.48303424878168205)]
[(4, 0.56699986981350636)]
[(3, 0.2476154104161398), (4, 0.41676887630089587)]
[(4, 0.24179250596255694), (5, 0.22098528996091157), (6, 0.32163763298393178)]
[(4, 0.22042851006266231), (5, 0.31092194038038601), (6, 0.20434754968568677)]
[(3, 0.49723780826431041), (6, 0.24094205401554655)]
[(6, 0.69532184085250615)]
[(2, 0.31754549869137738), (3, 0.24101803901964039), (6, 0.27024210526623271)]
[(3, 0.48552431357178372), (4, 0.23437487578749386)]
[(6, 0.89427778800412783)]
[(2, 0.27212700247003158), (6, 0.37342609027933582)]
[(2, 0.31191710503636538), (6, 0.36633578682827272)]
[(0, 0.6464603578615441)]
[(0, 0.37660519714518975), (3, 0.29681992679405245), (6, 0.20967812192985633)]
[(4, 0.43941299306246068), (6, 0.39757227371257997)]
[(4, 0.26164035409356673), (6, 0.35390317613118993)]
[(0, 0.2011059369075345), (6, 0.59167943800449496)]
[(0, 0.34364420160326731), (6, 0.43455890688216803)]
[(2, 0.28958239928557383), (6, 0.37137978853271869)]
[(3, 0.29089812250272762), (4, 0.43504656589547464)]
[(4, 0.48303432106489036)]
[(4, 0.56700100867519254)]
[(3, 0.2476147002318965), (4, 0.41676840219831834)]
[(4, 0.24179247923764571), (5, 0.22098535602409328), (6, 0.3216377264024915)]
[(4, 0.22043096497628603), (5, 0.31092382441232597), (6, 0.20434422289262702)]
[(3, 0.49723470500938322), (6, 0.24094420241358311)]
[(6, 0.69532142379201434)]
[(2, 0.31754538056513359), (3, 0.24101670854124005), (6, 0.27024351843124034)]
[(3, 0.48551904401819418), (4, 0.23437432175630263)]
[(6, 0.89427177209454267)]
[(2, 0.27212689320650457), (6, 0.37343032221089706)]
[(2, 0.31191740036060728), (6, 0.36633669630603893)]
[(0, 0.64646494343088667)]
[(0, 0.37660035412649523), (3, 0.29681841084188337), (6, 0.20967723221477405)]
[(4, 0.43940438941834259), (6, 0.39756642293631411)]
[(4, 0.26164034593801394), (6, 0.35390313273416241)]
[(0, 0.2011100255757404), (6, 0.59166389354175508)]
[(0, 0.34364467603313109), (6, 0.43456449441638251)]
[(2, 0.28958324613159742), (6, 0.37137974782136374)]
[(3, 0.29089918368774315), (4, 0.43504692413736595)]
[(4, 0.48302761353658324)]
[(4, 0.56700022427220542)]
[(3, 0.2476153280755386), (4, 0.41676781615861319)]
[(4, 0.24179231401739293), (5, 0.22098603573973846), (6, 0.32163523229080426)]
[(4, 0.22042144203631867), (5, 0.31091627165442226), (6, 0.20435723576124815)]
[(3, 0.4972375534262265), (6, 0.24094205703199273)]
[(6, 0.6953250813675057)]
[(2, 0.31754918284206318), (3, 0.2410185139820463), (6, 0.27024434233429651)]
[(3, 0.48552859923277519), (4, 0.23437639498763024)]
[(6, 0.89428088472495437)]
[(2, 0.27213240695502267), (6, 0.37342966578534764)]
[(2, 0.31191747384060714), (6, 0.36633697935884302)]
[(0, 0.64646280531982836)]
[(0, 0.37661201601461014), (3, 0.29682234730727697), (6, 0.20967943246927803)]
[(4, 0.4394011480161169), (6, 0.39756421945595011)]
[(4, 0.26164078368275528), (6, 0.35390448862878582)]
[(0, 0.20110737746323279), (6, 0.59167411916444967)]
[(0, 0.34364446227633832), (6, 0.43456201413265766)]
[(2, 0.28958537813599927), (6, 0.37138242743467731)]
[(3, 0.29088963843734511), (4, 0.43505222862583781)]
[(4, 0.4830293283317334)]
[(4, 0.56700027990590685)]
[(3, 0.24761769005745751), (4, 0.41676932736561451)]
[(4, 0.24179258246636151), (5, 0.22098518775355255), (6, 0.32163629321601778)]
[(4, 0.22041508247521122), (5, 0.31090950343486135), (6, 0.20436581570645593)]
[(3, 0.49723640427425464), (6, 0.24094291858602673)]
[(6, 0.69532094545462408)]
[(2, 0.31755060109478683), (3, 0.24102105140911789), (6, 0.27024292512974285)]
[(3, 0.4855262681629795), (4, 0.23437544127963375)]
[(6, 0.89427190036133908)]
[(2, 0.27215305229614856), (6, 0.37345923468531056)]
[(2, 0.31191714350193972), (6, 0.36633483233421005)]
[(0, 0.64646689738312291)]
[(0, 0.37660996681568565), (3, 0.29682186000975819), (6, 0.2096790779801897)]
[(4, 0.43939873811076541), (6, 0.39756258148560125)]
[(4, 0.26164092745313516), (6, 0.35390499160913513)]
[(0, 0.20111388138574776), (6, 0.59164710736884218)]
[(0, 0.34364438458234536), (6, 0.4345610976969162)]
[(2, 0.28958624673761524), (6, 0.3713829318745962)]
[(3, 0.2909015084979556), (4, 0.43504977793056532)]
[(4, 0.48303517088079584)]
[(4, 0.56700056457534032)]
[(3, 0.24761520388163563), (4, 0.41676904067703191)]
[(4, 0.24179179873475995), (5, 0.22098784520667103), (6, 0.32163344842063124)]
[(4, 0.22041250493294126), (5, 0.31090693604048852), (6, 0.20436935762269431)]
[(3, 0.49723586232052652), (6, 0.2409434037882569)]
[(6, 0.69532228225797565)]
[(2, 0.31754659098778015), (3, 0.24101778672974611), (6, 0.27024517885655064)]
[(3, 0.57142856353805171)]
