[(2, 0.57142854912866392)]
[(3, 0.59560887347985947), (4, 0.39337204596469899)]
[(1, 0.46376842669622614), (3, 0.37358796042688286)]
[(6, 0.74571185568920406)]
[(2, 0.33964152004899739), (6, 0.52522032967554355)]
[(0, 0.32591148370453138), (1, 0.44127124449806704)]
[(0, 0.78590676460493158)]
[(0, 0.60405133130268973), (3, 0.31645938944402935)]
[(0, 0.62368709788153232)]
[(4, 0.60697558691641418)]
[(4, 0.49272040890439844), (6, 0.27949797419718897)]
[(6, 0.42861338557056772)]
[(0, 0.34197043938013794), (6, 0.37182457315336426)]
[(6, 0.77135228492526242)]
[(1, 0.27265220292857645), (6, 0.68106935163188775)]
[(6, 0.5968667757781001)]
[(2, 0.25442848318111322), (6, 0.39631350166879065)]
[(4, 0.31017224371766616), (6, 0.2797499275970024)]
[(4, 0.47928652371971542), (6, 0.25286210958969768)]
[(4, 0.59427492713683394), (6, 0.23230581271411668)]
[(4, 0.46358918601753241), (6, 0.40437037623100114)]
[(3, 0.5955981552184183), (4, 0.39338288493507045)]
[(1, 0.46377666239200177), (3, 0.37357869851064601)]
[(6, 0.74572478651204022)]
[(2, 0.3396669125554056), (6, 0.52523476622254683)]
[(0, 0.3263735006783669), (1, 0.44157110987963399)]
[(0, 0.78589504723154346)]
[(0, 0.60407891037389594), (3, 0.31643178742885181)]
[(0, 0.62368601381714495)]
[(4, 0.60697100177696606)]
[(4, 0.43309505952685817), (6, 0.34932504376000606)]
[(6, 0.42861330095701017)]
[(0, 0.34197032183639819), (6, 0.3718236698951633)]
[(6, 0.7713514813576271)]
[(3, 0.2331847660114087), (6, 0.65153000523119442)]
[(6, 0.59688055276519536)]
[(2, 0.25442722412109281), (6, 0.39631279502515687)]
[(4, 0.31010636889418836), (6, 0.27972427042825387)]
[(4, 0.47930436669850973), (6, 0.25287095231266604)]
[(4, 0.59427370799256496), (6, 0.23230499447109065)]
[(4, 0.46358350730472292), (6, 0.40437481774455042)]
[(3, 0.59560066759204877), (4, 0.39338036077746852)]
[(1, 0.46379074520254338), (3, 0.37356545940790903)]
[(6, 0.74570558705416667)]
[(2, 0.33965898285134788), (6, 0.52523170493507287)]
[(0, 0.3260406507016208), (1, 0.44119060051517583)]
[(0, 0.78589556323526344)]
[(0, 0.60404923418582102), (3, 0.31646148774480876)]
[(0, 0.62368861654505448)]
[(4, 0.60696899329438259)]
[(4, 0.49272523103183741), (6, 0.27943124329717156)]
[(6, 0.42861360677459742)]
[(0, 0.34197043954458201), (6, 0.3718241264322607)]
[(6, 0.77135866539622777)]
[(3, 0.23326910845646173), (6, 0.65145252589961)]
[(6, 0.59685883621881752)]
[(2, 0.2544238672083855), (6, 0.39631202722861025)]
[(4, 0.31018140354417667), (6, 0.27975570877663947)]
[(4, 0.47929451884014052), (6, 0.25286612659469476)]
[(4, 0.59427420354657223), (6, 0.23230551042928185)]
[(4, 0.46359533984483953), (6, 0.40436594888881383)]
[(3, 0.59561205908801584), (4, 0.39336881770170773)]
[(1, 0.46377936998577479), (3, 0.37358422527596991)]
[(6, 0.74571267515702222)]
[(2, 0.33966645978589666), (6, 0.52523383781248867)]
[(0, 0.32617175720569663), (1, 0.44134744587441671)]
[(0, 0.78591020086386598)]
[(0, 0.60405566617192208), (3, 0.31645505392823314)]
[(0, 0.62369223288317499)]
[(4, 0.60696986064789271)]
[(4, 0.49272577536331524), (6, 0.27942371661810994)]
[(6, 0.4286134993767497)]
[(0, 0.34197018242648314), (6, 0.37182238600879569)]
[(6, 0.7713856264957446)]
[(3, 0.23320712133112986), (6, 0.65150945672161897)]
[(6, 0.59687713142058074)]
[(2, 0.25442375381164867), (6, 0.39631201087259965)]
[(4, 0.3101578158887533), (6, 0.27973262607253951)]
[(4, 0.47928624624754057), (6, 0.25286212538529262)]
[(4, 0.59427360265192852), (6, 0.23230476889240589)]
[(4, 0.46358962577276697), (6, 0.40437060759583365)]
[(3, 0.59561369581521251), (4, 0.393367120700779)]
[(1, 0.463764866696323), (3, 0.37357661757006161)]
[(6, 0.74570197859706255)]
[(2, 0.33964657214141558), (6, 0.52522577064495812)]
[(0, 0.325920897709989), (1, 0.44115501688100839)]
[(0, 0.78590040824936658)]
[(0, 0.60413561469927723), (3, 0.31637501418219027)]
[(0, 0.6236780098641167)]
[(4, 0.60697153973634588)]
[(4, 0.49272719968445278), (6, 0.27940402263514758)]
[(6, 0.42861323489268316)]
[(0, 0.34196965980797434), (6, 0.37181802411214143)]
[(6, 0.77132362631091012)]
[(3, 0.23319298871514801), (6, 0.6515224397394912)]
[(6, 0.5968812555515528)]
[(2, 0.25442557214427153), (6, 0.39631285849946746)]
[(4, 0.31018242827720383), (6, 0.27976095294475939)]
[(4, 0.47929902503846211), (6, 0.25286824949330783)]
[(4, 0.59427541066443013), (6, 0.23230643362711365)]
[(4, 0.46358633384342934), (6, 0.40437154439910838)]
[(3, 0.5956122706787832), (4, 0.39336857103208211)]
[(1, 0.46377872053604779), (3, 0.37358511941340411)]
[(6, 0.7457288711798572)]
[(2, 0.33968097605436015), (6, 0.52523783915478039)]
[(0, 0.3259498174451313), (1, 0.4408606247146134)]
[(0, 0.78590779683865408)]
[(0, 0.60413258522309743), (3, 0.31637804481509169)]
[(0, 0.62367447124893427)]
[(4, 0.60697383640424885)]
[(4, 0.49272016273957897), (6, 0.27950138379153833)]
[(6, 0.4286133987844416)]
[(0, 0.34196953858469414), (6, 0.3718183105940609)]
[(6, 0.77139296290958426)]
[(3, 0.233194878160428), (6, 0.65152070184469268)]
[(6, 0.5968545133007217)]
[(2, 0.25442491353064495), (6, 0.39631249716497724)]
[(4, 0.31018191704563458), (6, 0.27975552362524869)]
[(4, 0.4792980526919467), (6, 0.25286787144602435)]
[(4, 0.59427347324995483), (6, 0.2323046363846446)]
[(4, 0.46356832574948076), (6, 0.40438558525798746)]
[(3, 0.59560650066447296), (4, 0.39337446853730945)]
[(1, 0.4637795391004817), (3, 0.37357032172985827)]
[(6, 0.74571174443799437)]
[(2, 0.33968184576542371), (6, 0.52523842400257303)]
[(0, 0.32624992012339082), (1, 0.44146326998478247)]
[(0, 0.78589215001743085)]
[(0, 0.6041540693352645), (3, 0.31635652456819963)]
[(0, 0.62367750860356275)]
[(4, 0.60697348332558776)]
[(4, 0.49272039335477968), (6, 0.27949819377842272)]
[(6, 0.42861350005075427)]
[(0, 0.34197014713110319), (6, 0.37182253212038668)]
[(6, 0.77136678573515638)]
[(1, 0.2849254120898726), (6, 0.67521701144053137)]
[(6, 0.59685871389402956)]
[(2, 0.25442568677435906), (6, 0.39631247049095819)]
[(4, 0.31011050896173853), (6, 0.27972550084127995)]
[(4, 0.47930189120452243), (6, 0.25286976662299765)]
[(4, 0.59427379214445197), (6, 0.23230497783242993)]
[(4, 0.46357847453600037), (6, 0.40437852713024119)]
[(3, 0.59560740066840168), (4, 0.39337355555032461)]
[(1, 0.46375624182716674), (3, 0.37359884205981447)]
[(6, 0.74570620954697475)]
[(2, 0.33966466453573385), (6, 0.52523297282825288)]
[(0, 0.32601343484474204), (1, 0.44104618670230766)]
[(0, 0.78590246377746886)]
[(0, 0.60407087167659501), (3, 0.31643982216198574)]
[(0, 0.62368850191067304)]
[(4, 0.60697334734617059)]
[(4, 0.43306235864156778), (6, 0.34932659688082757)]
[(6, 0.42861342547282405)]
[(0, 0.34197016983796275), (6, 0.37182204590153706)]
[(6, 0.77132048931323904)]
[(3, 0.23324061446767277), (6, 0.65147867756734468)]
[(6, 0.59687667877199257)]
[(2, 0.2544277540670824), (6, 0.39631316218707563)]
[(4, 0.31011569514653187), (6, 0.27972802013506698)]
[(4, 0.47931042994119488), (6, 0.25287378308291564)]
[(4, 0.59427450779473301), (6, 0.23230607611219384)]
[(4, 0.46358079637311922), (6, 0.40437738974138049)]
[(3, 0.59561133019808776), (4, 0.39336956002239593)]
[(1, 0.46376806285837208), (3, 0.37359843951098176)]
[(6, 0.74572865684360468)]
[(2, 0.33967579033241291), (6, 0.52523802765519034)]
[(0, 0.32626136283795398), (1, 0.44149187945648993)]
[(0, 0.78589608176740711)]
[(0, 0.60410439412943884), (3, 0.31640624811872636)]
[(0, 0.62369281125424092)]
[(4, 0.60696815435162299)]
[(4, 0.49272658165684557), (6, 0.27941257304323985)]
[(6, 0.42861350621049299)]
[(0, 0.3419702120702891), (6, 0.37182268064779944)]
[(6, 0.77131981329807497)]
[(3, 0.23317081756428815), (6, 0.65154284497710391)]
[(6, 0.59686158316001292)]
[(2, 0.25442436423873843), (6, 0.39631235985624064)]
[(4, 0.3101112642801318), (6, 0.27971174514551295)]
[(4, 0.47929032136466693), (6, 0.25286420410593607)]
[(4, 0.5942752598153429), (6, 0.23230615425530241)]
[(4, 0.46361806285329926), (6, 0.4043418920326417)]
[(3, 0.59559886064420609), (4, 0.39338217496917738)]
[(1, 0.46375517728483906), (3, 0.37358869927310756)]
[(6, 0.74574297142217971)]
[(2, 0.33965833755218688), (6, 0.52523120369099729)]
[(0, 0.32596863959130423), (1, 0.44118147818475112)]
[(0, 0.78590141680549264)]
[(0, 0.60404606832104335), (3, 0.31646465789211203)]
[(0, 0.62367395337225606)]
[(4, 0.60696761457831649)]
[(4, 0.49272688134892811), (6, 0.27940843178808833)]
[(6, 0.42861334905283338)]
[(0, 0.34196969267245925), (6, 0.37181857119508221)]
[(6, 0.77147292961763525)]
[(3, 0.23317928167429583), (6, 0.65153504942016194)]
[(6, 0.59686494121314537)]
[(2, 0.25442719082536713), (6, 0.39631297897283507)]
[(4, 0.31017679221448508), (6, 0.27975887427634122)]
[(4, 0.47927953665879819), (6, 0.25285891101545432)]
[(4, 0.59427514318090324), (6, 0.23230602404618755)]
[(4, 0.4635849805432995), (6, 0.40436859319464374)]
[(3, 0.59559764347597333), (4, 0.39338339737522043)]
[(1, 0.46376914617280285), (3, 0.3735894283472645)]
[(6, 0.74574169319777373)]
[(2, 0.33964212894378615), (6, 0.52522291624574402)]
[(0, 0.32615085415420614), (1, 0.44139780703462778)]
[(0, 0.78590895813048267)]
[(0, 0.60407591000591443), (3, 0.31643479136182751)]
[(0, 0.62368075025352365)]
[(4, 0.60697373894977469)]
[(4, 0.43313605345587292), (6, 0.34932306457616308)]
[(6, 0.42861317183883618)]
[(0, 0.34197036099715478), (6, 0.37182334042626897)]
[(6, 0.77128026381924186)]
[(3, 0.23322438032699461), (6, 0.65149358360607712)]
[(6, 0.59687079799121989)]
[(2, 0.25442645736135922), (6, 0.39631245029298395)]
[(4, 0.31012120513283725), (6, 0.27971832968081517)]
[(4, 0.47928381132464404), (6, 0.25286085262713354)]
[(4, 0.59427337419286186), (6, 0.2323044679241611)]
[(4, 0.46361079065096877), (6, 0.40434589582827879)]
[(3, 0.59560104824972937), (4, 0.39337997723085216)]
[(1, 0.46378145747372951), (3, 0.37357781798602274)]
[(6, 0.74572811074716006)]
[(2, 0.33966216327716109), (6, 0.52523197008887257)]
[(0, 0.32624084985652413), (1, 0.44145189712808736)]
[(0, 0.78589769999691284)]
[(0, 0.60412984283315441), (3, 0.31638079231875937)]
[(0, 0.62368222364137638)]
[(4, 0.60697197438834216)]
[(4, 0.49272523768598175), (6, 0.27943115106046623)]
[(6, 0.42861323017057901)]
[(0, 0.34197006929370871), (6, 0.37182213965332289)]
[(6, 0.77132900524304548)]
[(1, 0.28496795809151793), (6, 0.67517454691438694)]
[(6, 0.59688230821821442)]
[(2, 0.25442242083130884), (6, 0.39631214013647265)]
[(4, 0.31016069206385666), (6, 0.27973409370252272)]
[(4, 0.47929507892821166), (6, 0.25286641395534465)]
[(4, 0.5942753553657445), (6, 0.23230634996616856)]
[(4, 0.4635723393869649), (6, 0.40438351296959307)]
[(3, 0.595601841668011), (4, 0.39337918163306984)]
[(1, 0.46375714294626674), (3, 0.37359496350775989)]
[(6, 0.74573287134248278)]
[(2, 0.33965550292567714), (6, 0.5252303638492104)]
[(0, 0.32630353577591104), (1, 0.44144772185140013)]
[(0, 0.7859290630838438)]
[(0, 0.60406131199753654), (3, 0.31644940417941353)]
[(0, 0.62367401727637994)]
[(4, 0.6069684792000527)]
[(4, 0.49272421326808508), (6, 0.27944532181514081)]
[(6, 0.42861340683119242)]
[(0, 0.34197033088356249), (6, 0.37182402109995932)]
[(6, 0.7713054308085916)]
[(3, 0.23323369540167135), (6, 0.65148502893853977)]
[(6, 0.59687357926423079)]
[(2, 0.25441726366827055), (6, 0.39631240735098577)]
[(4, 0.31016695817419221), (6, 0.2797365636431921)]
[(4, 0.47929213781760982), (6, 0.25286502889447182)]
[(4, 0.59427540484391084), (6, 0.23230635160242999)]
[(4, 0.46360942917064063), (6, 0.40434648429012671)]
[(3, 0.59559953122633802), (4, 0.39338150297958402)]
[(1, 0.46378292141193822), (3, 0.37356782726613924)]
[(6, 0.74573018360372034)]
[(2, 0.33967827197547357), (6, 0.52523915865069848)]
[(0, 0.32591151219740783), (1, 0.44122891794503682)]
[(0, 0.78589390476046128)]
[(0, 0.60413990642059934), (3, 0.31637071147305362)]
[(0, 0.62367908037917608)]
[(4, 0.60696948932912975)]
[(4, 0.43310097251852275), (6, 0.34932475943195029)]
[(6, 0.42861331671082226)]
[(0, 0.34196977407563856), (6, 0.37181882840229996)]
[(6, 0.77131828916783196)]
[(3, 0.23324123651948891), (6, 0.65147810499143166)]
[(6, 0.5968550968931704)]
[(2, 0.25441203248515043), (6, 0.39631117938936755)]
[(4, 0.31017510205088594), (6, 0.27975148849824105)]
[(4, 0.4792886507541797), (6, 0.25286337778858264)]
[(4, 0.59427440566586853), (6, 0.23230582371571726)]
[(4, 0.46359504600307688), (6, 0.40436455381372621)]
[(3, 0.59560884735937103), (4, 0.39337209639721304)]
[(1, 0.46378153368721087), (3, 0.37358840026266443)]
[(6, 0.745723183449438)]
[(2, 0.33965669859178915), (6, 0.52522938558485288)]
[(0, 0.32601022124111084), (1, 0.44122521749634219)]
[(0, 0.78589624838425631)]
[(0, 0.60408911187493297), (3, 0.31642157655871761)]
[(0, 0.62369278566649522)]
[(4, 0.60697279017766748)]
[(4, 0.43314535485764349), (6, 0.34932260586539421)]
[(6, 0.42861321156770404)]
[(0, 0.34196989498759839), (6, 0.37182047912067162)]
[(6, 0.77139015198232708)]
[(1, 0.28492946013720943), (6, 0.67521297246691359)]
[(6, 0.59686452001431423)]
[(2, 0.25442960254454267), (6, 0.39631393063751486)]
[(4, 0.31018437263273346), (6, 0.27976065494258734)]
[(4, 0.47930651292748677), (6, 0.25287184288883302)]
[(4, 0.59427547526327018), (6, 0.23230659510424492)]
[(4, 0.46357496552791277), (6, 0.40438193837722597)]
[(3, 0.59560142153856044), (4, 0.39337960169066749)]
[(1, 0.46377686844785782), (3, 0.37359157283479877)]
[(6, 0.74572451966430731)]
[(2, 0.3396563327604728), (6, 0.52522906222471455)]
[(0, 0.32631852084206392), (1, 0.44155583528050518)]
[(0, 0.78589409051727022)]
[(0, 0.60415471903078899), (3, 0.31635586547395372)]
[(0, 0.62368380158412051)]
[(4, 0.60697264732134948)]
[(4, 0.49272520179375856), (6, 0.27943164693140643)]
[(6, 0.42861332804284696)]
[(0, 0.34196974339258568), (6, 0.37181977955270001)]
[(6, 0.77143446720182496)]
[(3, 0.23321179610047679), (6, 0.65150514864180786)]
[(6, 0.59684955302626042)]
[(2, 0.25442556921330994), (6, 0.39631274297741681)]
[(4, 0.31017712677322151), (6, 0.27975893144761504)]
[(4, 0.47929332021704851), (6, 0.25286552656686723)]
[(4, 0.59427550689288722), (6, 0.23230652834233814)]
[(4, 0.46358221708438191), (6, 0.40437634485474944)]
[(3, 0.59560752827158581), (4, 0.39337342281548554)]
[(1, 0.46377349536453849), (3, 0.37358761896528075)]
[(6, 0.74572086723593056)]
[(2, 0.33964641625083514), (6, 0.52522461782841867)]
[(0, 0.32597493336984229), (1, 0.4410520571086507)]
[(0, 0.78592721522490516)]
[(0, 0.604135076342873), (3, 0.3163755530406383)]
[(0, 0.62368582796305982)]
[(4, 0.60696866368479918)]
[(4, 0.49272502946429259), (6, 0.27943351377181974)]
[(6, 0.42861342687982595)]
[(0, 0.34196987614862617), (6, 0.3718199321581121)]
[(6, 0.77141033463873732)]
[(3, 0.23322696664831805), (6, 0.65149120753850687)]
[(6, 0.59700541106280569)]
[(2, 0.25440614177356707), (6, 0.39631010767620606)]
[(4, 0.31016860902016036), (6, 0.27973927040635366)]
[(4, 0.47928307916156176), (6, 0.25286068879944551)]
[(4, 0.59427349020749476), (6, 0.23230451890033257)]
[(4, 0.46359638438668799), (6, 0.40436093286492902)]
[(3, 0.59560501198100491), (4, 0.39337598248699046)]
[(1, 0.46377238447061891), (3, 0.37357852779022244)]
[(6, 0.74571079488362912)]
[(2, 0.33967833671918646), (6, 0.52523721525165357)]
[(0, 0.32645653490119708), (1, 0.44141485336336933)]
[(0, 0.7859051451356851)]
[(0, 0.6041468296372805), (3, 0.31636377330532373)]
[(0, 0.62368151811211947)]
[(4, 0.60696917452643295)]
[(4, 0.49272123261174344), (6, 0.27948646701323299)]
[(6, 0.42861325962471059)]
[(0, 0.34196985746328556), (6, 0.37182053066418197)]
[(6, 0.77138276064082278)]
[(3, 0.23324582108929151), (6, 0.65147388697054343)]
[(6, 0.5968866377589801)]
[(2, 0.25442375707571263), (6, 0.39631255384446989)]
[(4, 0.31018607951464389), (6, 0.27976273781607763)]
[(4, 0.47928133518343302), (6, 0.25285976225071627)]
[(4, 0.59427539082458314), (6, 0.2323063596592389)]
[(4, 0.46357061859695387), (6, 0.40438073045254674)]
[(3, 0.59559978020251503), (4, 0.39338125458965517)]
[(1, 0.46377072969823213), (3, 0.37358060964179318)]
[(6, 0.74574204576169034)]
[(2, 0.33966280628531276), (6, 0.52523173735819617)]
[(0, 0.3259632793849041), (1, 0.441351723169288)]
[(0, 0.78589249345959511)]
[(0, 0.60414249118388752), (3, 0.3163680795512212)]
[(0, 0.62368025585465814)]
[(4, 0.60696677944189703)]
[(4, 0.43309946313087649), (6, 0.34932482849826985)]
[(6, 0.42861337805182198)]
[(0, 0.34197010360992586), (6, 0.37182183398260926)]
[(6, 0.77130113045036619)]
[(3, 0.23322947798913329), (6, 0.65148887653025389)]
[(6, 0.59686940580375281)]
[(2, 0.25442917566999651), (6, 0.39631356533113027)]
[(4, 0.31013593183981036), (6, 0.27972736160257522)]
[(4, 0.47929595445631945), (6, 0.25286677029246996)]
[(4, 0.59427376991777048), (6, 0.2323051251928247)]
[(4, 0.46358420171726561), (6, 0.40437303712382189)]
[(3, 0.59559917665853523), (4, 0.39338186058327174)]
[(1, 0.46378323764083568), (3, 0.37358648913591858)]
[(6, 0.74571478480260189)]
[(2, 0.33967466107924571), (6, 0.52523725741215621)]
[(0, 0.3260752113837011), (1, 0.44134814433674552)]
[(0, 0.78590264802794396)]
[(0, 0.60407646820716887), (3, 0.31643423600997816)]
[(0, 0.62367505993547012)]
[(4, 0.60697165860470526)]
[(4, 0.49272624138059989), (6, 0.27941725846914761)]
[(6, 0.42861334619069102)]
[(0, 0.34197037164049515), (6, 0.37182391796011699)]
[(6, 0.77140093342032556)]
[(3, 0.23317299788716006), (6, 0.65154082721451478)]
[(6, 0.59687734780162183)]
[(2, 0.2544209898404024), (6, 0.39631183765581546)]
[(4, 0.31019221226631111), (6, 0.279765637353248)]
[(4, 0.47928177635228036), (6, 0.25286001962964533)]
[(4, 0.59427384387618942), (6, 0.23230507440483741)]
[(4, 0.46357336457939619), (6, 0.40438052939316788)]
[(3, 0.59560826765896524), (4, 0.39337268029723482)]
[(1, 0.46377667633996594), (3, 0.37358196816959977)]
[(6, 0.74572490083761112)]
[(2, 0.33968033726111002), (6, 0.52523809585176173)]
[(0, 0.32587728294164908), (1, 0.44100585950280563)]
[(0, 0.78589950554217713)]
[(0, 0.60405417527889416), (3, 0.3164565432606381)]
[(0, 0.62368164134348347)]
[(4, 0.60697131199323784)]
[(4, 0.49272493070184575), (6, 0.27943539668057532)]
[(6, 0.42861330830602939)]
[(0, 0.34197022879797995), (6, 0.371822371807917)]
[(6, 0.77137170551854051)]
[(3, 0.23324923083764693), (6, 0.65147076550949412)]
[(6, 0.59687464690024294)]
[(2, 0.25442414814791497), (6, 0.3963121982631525)]
[(4, 0.31018200698647397), (6, 0.27975554379795858)]
[(4, 0.47931145742705927), (6, 0.25287425326340024)]
[(4, 0.59427539285356157), (6, 0.23230639166185665)]
[(4, 0.46357456469590763), (6, 0.40438155196191367)]
[(3, 0.59559906508744775), (4, 0.3933819706760468)]
[(1, 0.46377598581725138), (3, 0.37358964604778838)]
[(6, 0.74573382014327871)]
[(2, 0.33964445786531861), (6, 0.52522497818647729)]
[(0, 0.32645913080106881), (1, 0.44155392675161287)]
[(0, 0.78589210234008555)]
[(0, 0.60410516358941535), (3, 0.31640550521753652)]
[(0, 0.62368207579227741)]
[(4, 0.60697512919571839)]
[(4, 0.43307010708926919), (6, 0.34932623180037825)]
[(6, 0.42861336499830599)]
[(0, 0.34197045454780339), (6, 0.37182423834335226)]
[(6, 0.77135611155935158)]
[(3, 0.23320547429098312), (6, 0.65151095927887792)]
[(6, 0.59686068194086395)]
[(2, 0.2544094444971377), (6, 0.39631076206281796)]
[(4, 0.31017666952592376), (6, 0.27975853458425348)]
[(4, 0.47928827726972462), (6, 0.25286312661524601)]
[(4, 0.59427525977134565), (6, 0.23230618932945468)]
[(4, 0.46359731626632317), (6, 0.4043632553132559)]
[(3, 0.5956089629120711), (4, 0.39337197840174148)]
[(1, 0.46375717235083175), (3, 0.37359275711727319)]
[(6, 0.74572685239049463)]
[(2, 0.33967941788784306), (6, 0.52523806683565277)]
[(0, 0.32634249141172605), (1, 0.44152311441867848)]
[(0, 0.78590537875838173)]
[(0, 0.60404893830638651), (3, 0.316461786141426)]
[(0, 0.62368663531068769)]
[(4, 0.60697234632563168)]
[(4, 0.4927207272127383), (6, 0.27949356839325368)]
[(6, 0.42861327059170279)]
[(0, 0.34197045679643367), (6, 0.37182497332363157)]
[(6, 0.77129272395219084)]
[(3, 0.23326363629439129), (6, 0.65145754954245261)]
[(6, 0.5968543993255554)]
[(2, 0.25442629569242903), (6, 0.39631278612606208)]
[(4, 0.31016047124769258), (6, 0.27973349848111689)]
[(4, 0.47930659218691474), (6, 0.25287189724742165)]
[(4, 0.59427499767673975), (6, 0.23230586562612884)]
[(4, 0.46357102474476147), (6, 0.40438574038798325)]
[(3, 0.59559700467544929), (4, 0.39338403899367386)]
[(1, 0.46376560601071787), (3, 0.3735798509196695)]
[(6, 0.74570374753429736)]
[(2, 0.33964995572147721), (6, 0.52522565093099782)]
[(0, 0.3261018584532544), (1, 0.44143946019389707)]
[(0, 0.78589829139407785)]
[(0, 0.60405633586611829), (3, 0.31645438123706354)]
[(0, 0.62368999808534209)]
[(4, 0.60696998368460853)]
[(4, 0.49272449520745099), (6, 0.27944142219201357)]
[(6, 0.42861336685940704)]
[(0, 0.3419703089761687), (6, 0.37182351894599652)]
[(6, 0.77141235616632109)]
[(3, 0.23325234085444885), (6, 0.65146790981776626)]
[(6, 0.5968838882001436)]
[(2, 0.25442379683790195), (6, 0.39631242894698915)]
[(4, 0.31017182748107947), (6, 0.27975157511468535)]
[(4, 0.47928188492919455), (6, 0.25286002607677405)]
[(4, 0.59427332710951697), (6, 0.23230465246025617)]
[(4, 0.46358840248959071), (6, 0.40437049045795309)]
[(3, 0.59559756402384567), (4, 0.39338347779516392)]
[(1, 0.46377248292634526), (3, 0.37358399290520006)]
[(6, 0.74571411089252704)]
[(2, 0.33968487991599172), (6, 0.52524040115251147)]
[(0, 0.32589609317379342), (1, 0.44091915042198376)]
[(0, 0.78589902366452602)]
[(0, 0.60405187936170401), (3, 0.31645884319030437)]
[(0, 0.62368023585776433)]
[(4, 0.60696928138016315)]
[(4, 0.49271889675595376), (6, 0.27951891235526166)]
[(6, 0.4286134161953003)]
[(0, 0.34197005461055124), (6, 0.37182134985830417)]
[(6, 0.77135249819105822)]
[(3, 0.23318070785978989), (6, 0.65153373627272326)]
[(6, 0.59686943412220794)]
[(2, 0.25442225431155152), (6, 0.39631211748711404)]
[(4, 0.31016972525171382), (6, 0.27974988724724154)]
[(4, 0.47928841251474152), (6, 0.2528630483993376)]
[(4, 0.59427356139556298), (6, 0.23230463144244179)]
[(4, 0.46357651496541524), (6, 0.40438062568244804)]
[(3, 0.59559989485439968), (4, 0.3933811387667368)]
[(1, 0.46377786804173105), (3, 0.37358355495737788)]
[(6, 0.74573321246572544)]
[(2, 0.33967805186799166), (6, 0.52523884108085561)]
[(0, 0.32650646479926509), (1, 0.44150472264110469)]
[(0, 0.78589989581529951)]
[(0, 0.60406719228072081), (3, 0.31644351657322667)]
[(0, 0.62368153728549913)]
[(4, 0.60697169723845856)]
[(4, 0.4927202127404976), (6, 0.27950069519057469)]
[(6, 0.42861337491079204)]
[(0, 0.34197011511900038), (6, 0.3718221762352299)]
[(6, 0.77129057079901664)]
[(3, 0.23318003785301647), (6, 0.65153435072685817)]
[(6, 0.59687342691183842)]
[(2, 0.25440698798289846), (6, 0.39631015378984419)]
[(4, 0.3101921859278346), (6, 0.2797640661826139)]
[(4, 0.47929518847752794), (6, 0.25286636943371033)]
[(4, 0.59427361360214082), (6, 0.23230493698115567)]
[(4, 0.46357514760265783), (6, 0.40438106771969962)]
[(3, 0.59560392497999448), (4, 0.39337707878421863)]
[(1, 0.46377925066831466), (3, 0.37357171311997805)]
[(6, 0.74571930424505461)]
[(2, 0.33966431595440971), (6, 0.52523310386156308)]
[(0, 0.32624288098966969), (1, 0.4414533351608258)]
[(0, 0.78592586220310756)]
[(0, 0.60411817816751734), (3, 0.3163924471359974)]
[(0, 0.62368749898362719)]
[(4, 0.60697108964177793)]
[(4, 0.49272389771916919), (6, 0.27944968703185474)]
[(6, 0.42861344476523799)]
[(0, 0.34197022418504369), (6, 0.37182338953081739)]
[(6, 0.77141534141459922)]
[(3, 0.23321944451892071), (6, 0.65149812012120822)]
[(6, 0.59684884377250691)]
[(2, 0.25440952840775394), (6, 0.3963102738083159)]
[(4, 0.31014386168257091), (6, 0.27972455626159731)]
[(4, 0.4792905773046231), (6, 0.25286417452553561)]
[(4, 0.5942739668095679), (6, 0.23230516663812817)]
[(4, 0.46361044412048147), (6, 0.40434997141161449)]
[(3, 0.59560402113130473), (4, 0.39337698393989406)]
[(1, 0.46376105542158402), (3, 0.3735912583029084)]
[(6, 0.74574037997261877)]
[(2, 0.33964860763303956), (6, 0.52522681122812109)]
[(0, 0.3260564997154401), (1, 0.44140298836938169)]
[(0, 0.78590499167825956)]
[(0, 0.60409750808502194), (3, 0.31641317606981068)]
[(0, 0.62368637074999511)]
[(4, 0.60696748827334923)]
[(4, 0.49272269588579115), (6, 0.27946631422325652)]
[(6, 0.42861339144968302)]
[(0, 0.34197036034190614), (6, 0.37182382689628879)]
[(6, 0.77145447911031018)]
[(3, 0.2332378468306813), (6, 0.65148122577719458)]
[(6, 0.59687111174766516)]
[(2, 0.25442125888387129), (6, 0.39631178915797233)]
[(4, 0.31011305395215377), (6, 0.27971293221987509)]
[(4, 0.47928229473828959), (6, 0.25286021736088882)]
[(4, 0.59427542705704273), (6, 0.23230638060019504)]
[(4, 0.46357559801918308), (6, 0.40438167452368362)]
[(3, 0.59561028110985947), (4, 0.39337064132669891)]
[(1, 0.46377632409481467), (3, 0.37358684675597426)]
[(6, 0.74570792284662513)]
[(2, 0.33967208376215496), (6, 0.52523590308052071)]
[(0, 0.32595868694341418), (1, 0.44115328808622023)]
[(0, 0.78589950607804204)]
[(0, 0.60408918727549443), (3, 0.31642150088471799)]
[(0, 0.62367984239352758)]
[(4, 0.60697132185173353)]
[(4, 0.49272157371050734), (6, 0.27948184881987287)]
[(6, 0.4286135141359379)]
[(0, 0.34197036659213781), (6, 0.37182350432851802)]
[(6, 0.77134716691278882)]
[(3, 0.23319665888953672), (6, 0.65151907077034688)]
[(6, 0.59688115901014016)]
[(2, 0.25440835940281459), (6, 0.39631017572349558)]
[(4, 0.31018630681377668), (6, 0.2797579238468913)]
[(4, 0.47929214065616127), (6, 0.25286498320935802)]
[(4, 0.59427364633494739), (6, 0.23230479562239451)]
[(4, 0.46360666865670119), (6, 0.40435370234907836)]
[(3, 0.59559777411763715), (4, 0.39338326787278965)]
[(1, 0.46375917452595666), (3, 0.37357866989807786)]
[(6, 0.74571970382769937)]
[(2, 0.33967865877446268), (6, 0.52523781710157802)]
[(0, 0.32605669571793938), (1, 0.44134033744935364)]
[(0, 0.78590360079254296)]
[(0, 0.60415356016702759), (3, 0.31635703507064661)]
[(0, 0.62368415871417782)]
[(4, 0.60696681511635897)]
[(4, 0.49271866390694924), (6, 0.2795221529183019)]
[(6, 0.42861361916668395)]
[(0, 0.34197035818878063), (6, 0.37182368845018282)]
[(6, 0.77135882724713256)]
[(3, 0.23321540073825528), (6, 0.65150183613313439)]
[(6, 0.59708042701532327)]
[(2, 0.25440673626104232), (6, 0.39631058017751264)]
[(4, 0.31018249009703908), (6, 0.27976087037616942)]
[(4, 0.47929980280559736), (6, 0.25286871676420503)]
[(4, 0.59427350797140299), (6, 0.23230438368863335)]
[(4, 0.46358123025926584), (6, 0.40437753966878626)]
[(3, 0.59560277013926488), (4, 0.39337823858161408)]
[(1, 0.4637810603612213), (3, 0.37357689841488084)]
[(6, 0.74571830542793593)]
[(2, 0.33964688906648632), (6, 0.52522633062356139)]
[(0, 0.32600581137741863), (1, 0.4410509331862662)]
[(0, 0.78593074810128061)]
[(0, 0.604071750944698), (3, 0.31643895701610414)]
[(0, 0.62369422885978976)]
[(4, 0.60696983792576942)]
[(4, 0.49272227496061499), (6, 0.2794721419197258)]
[(6, 0.42861351119788921)]
[(0, 0.34197013052641451), (6, 0.37182201837852774)]
[(6, 0.77143776448343049)]
[(3, 0.23325905797099816), (6, 0.65146174632976817)]
[(6, 0.59685421517763559)]
[(2, 0.25440919701674591), (6, 0.39631017796621532)]
[(4, 0.31011452077971247), (6, 0.27972380213776676)]
[(4, 0.47928061911730946), (6, 0.25285943309017767)]
[(4, 0.59427514028349404), (6, 0.23230610516132985)]
[(4, 0.46361483908815271), (6, 0.40434024449681039)]
[(3, 0.59559813361780578), (4, 0.39338290745912202)]
[(1, 0.4637763692641661), (3, 0.37358193221265634)]
[(6, 0.74571079125812356)]
[(2, 0.33965161703150842), (6, 0.52522720499012887)]
[(0, 0.32609482411981067), (1, 0.44138977354775394)]
[(0, 0.78590169406245691)]
[(0, 0.60409164744940425), (3, 0.31641903800958299)]
[(0, 0.62369434797074808)]
[(4, 0.60697352823878592)]
[(4, 0.43308912327101956), (6, 0.34932532228264601)]
[(6, 0.42861347121437759)]
[(0, 0.34197041037467313), (6, 0.37182392878452902)]
[(6, 0.77142378757860375)]
[(6, 0.66882066217515512)]
[(6, 0.59687325135777147)]
[(2, 0.25442761037810996), (6, 0.39631281103181448)]
[(4, 0.31018629692339406), (6, 0.27976259362516565)]
[(4, 0.47929387128593237), (6, 0.25286581662416163)]
[(4, 0.59427492960260409), (6, 0.23230591097347969)]
[(4, 0.46359403698133911), (6, 0.40436056440463969)]
[(3, 0.59559939912639059), (4, 0.39338163214287297)]
[(1, 0.46377777900689371), (3, 0.37357212696608288)]
[(6, 0.7457362684774671)]
[(2, 0.33967001652478018), (6, 0.52523538076134824)]
[(0, 0.32645918640445265), (1, 0.44154562051558471)]
[(0, 0.78589742177926791)]
[(0, 0.60408540089883123), (3, 0.31642529112742879)]
[(0, 0.62367446381441849)]
[(4, 0.60697280738635573)]
[(4, 0.49272693028097059), (6, 0.27940775605267631)]
[(6, 0.42861322745049951)]
[(0, 0.34197003284248956), (6, 0.37182165710973347)]
[(6, 0.771342644257069)]
[(3, 0.2332333807360803), (6, 0.65148531798251619)]
[(6, 0.59688086036223365)]
[(2, 0.25442720622828663), (6, 0.39631293289270647)]
[(4, 0.31019167846505113), (6, 0.2797655669395962)]
[(4, 0.47929526890474489), (6, 0.25286646456652051)]
[(4, 0.59427552925235849), (6, 0.23230658031197854)]
[(4, 0.46358286696815987), (6, 0.4043735948160988)]
[(3, 0.59560817406367617), (4, 0.3933727804919781)]
[(1, 0.46377861169556289), (3, 0.37357735600306857)]
[(6, 0.74574897423799213)]
[(2, 0.33966781371287863), (6, 0.52523413878520542)]
[(0, 0.32648655434996759), (1, 0.44138792665444654)]
[(0, 0.78592923096563228)]
[(0, 0.60412457806582365), (3, 0.31638607402939739)]
[(0, 0.62368839786859265)]
[(4, 0.60696964290283972)]
[(4, 0.49272521767603444), (6, 0.27943143066608422)]
[(6, 0.42861352128368613)]
[(0, 0.34196984998669827), (6, 0.3718203524726405)]
[(6, 0.77139189338054315)]
[(3, 0.23320534647325206), (6, 0.65151107698039246)]
[(6, 0.59686814393711918)]
[(2, 0.25442337160100287), (6, 0.39631233952109318)]
[(4, 0.31018072105345401), (6, 0.27976058109951635)]
[(4, 0.47928939666241055), (6, 0.25286369520462443)]
[(4, 0.59427516704063188), (6, 0.23230608808647063)]
[(4, 0.4636161295165358), (6, 0.40434417466023614)]
[(3, 0.59561565843022202), (4, 0.39336513714523674)]
[(1, 0.46377368222138732), (3, 0.3735918226281969)]
[(6, 0.74574167160771332)]
[(2, 0.3396805552085207), (6, 0.52523811753301575)]
[(0, 0.3262430643486402), (1, 0.44145283120772238)]
[(0, 0.78589357872978205)]
[(0, 0.60409224018955421), (3, 0.31641844204257952)]
[(0, 0.62367680558634953)]
[(4, 0.60697588060444352)]
[(4, 0.43313791271538038), (6, 0.34932297067436674)]
[(6, 0.42861323175293392)]
[(0, 0.34196974778204159), (6, 0.37182023188010965)]
[(6, 0.7713134153509611)]
[(1, 0.28495384869230889), (6, 0.67518863243452198)]
[(6, 0.59685531010119386)]
[(2, 0.25442186068153255), (6, 0.39631185300055266)]
[(4, 0.31017783484390815), (6, 0.27975940222133089)]
[(4, 0.47929984147976745), (6, 0.25286877398264174)]
[(4, 0.59427552547364892), (6, 0.23230653836095425)]
[(4, 0.46358956258639278), (6, 0.4043638923976749)]
[(3, 0.5956097195857607), (4, 0.39337117104129909)]
[(1, 0.46375659294024429), (3, 0.37358926556283656)]
[(6, 0.74571205878329327)]
[(2, 0.33968260768399261), (6, 0.52523979307181257)]
[(0, 0.32614640096147085), (1, 0.44137886227377582)]
[(0, 0.78591362410904153)]
[(0, 0.60407368147750184), (3, 0.3164370250920403)]
[(0, 0.62369019030931416)]
[(4, 0.60697115893398457)]
[(4, 0.49272397210546248), (6, 0.27944865775313377)]
[(6, 0.42861324507257692)]
[(0, 0.34196992124188047), (6, 0.37182089759180847)]
[(6, 0.77133663683607301)]
[(3, 0.23325210974110946), (6, 0.65146812205231108)]
[(6, 0.59687250849229634)]
[(2, 0.25442917752822475), (6, 0.39631320939293863)]
[(4, 0.31018486207514301), (6, 0.27976254747750656)]
[(4, 0.47928864517931002), (6, 0.25286327442689094)]
[(4, 0.59427531383620114), (6, 0.23230620748388395)]
[(4, 0.46359734908839012), (6, 0.40436078976557693)]
[(3, 0.59561276105911298), (4, 0.39336807207462665)]
[(1, 0.46377521266156335), (3, 0.3735760510005936)]
[(6, 0.74570370126087293)]
[(2, 0.33964339164710761), (6, 0.52522309195462136)]
[(0, 0.32634890148598383), (1, 0.44156030307850802)]
[(0, 0.78589456690317772)]
[(0, 0.60414831820454284), (3, 0.31636228125097315)]
[(0, 0.62368998759897165)]
[(4, 0.60697284364304738)]
[(4, 0.4331139038174544), (6, 0.34932413737874474)]
[(6, 0.42861305184588938)]
[(0, 0.34197028496859339), (6, 0.37182385921822203)]
[(6, 0.77130315870007315)]
[(3, 0.23321817962752395), (6, 0.65149928400933654)]
[(6, 0.59687546173567863)]
[(2, 0.25440606900060042), (6, 0.3963097725817642)]
[(4, 0.31011300979790873), (6, 0.27972258378425846)]
[(4, 0.47929922076608111), (6, 0.25286840048939074)]
[(4, 0.59427343789386966), (6, 0.23230468800508638)]
[(4, 0.46360859217891703), (6, 0.404350153118334)]
[(3, 0.59560641132383718), (4, 0.39337456998008191)]
[(1, 0.46378985779009302), (3, 0.37356749872229372)]
[(6, 0.74574326210645625)]
[(2, 0.33967619688734907), (6, 0.52523868286945175)]
[(0, 0.32630840584793808), (1, 0.44152724057545262)]
[(0, 0.78589750538923886)]
[(0, 0.60405695555125027), (3, 0.31645376366301048)]
[(0, 0.62369301492850071)]
[(4, 0.60697344503153194)]
[(4, 0.49272240355435803), (6, 0.27947034919440761)]
[(6, 0.42861337138812389)]
[(0, 0.34197014949410687), (6, 0.37182254438617973)]
[(6, 0.77141236108136457)]
[(3, 0.23325148919552069), (6, 0.65146870561986425)]
[(6, 0.59704813500687004)]
[(2, 0.2544114678577904), (6, 0.3963112578670086)]
[(4, 0.31018505493250181), (6, 0.27976206300615825)]
[(4, 0.47928015381932532), (6, 0.25285917469283731)]
[(4, 0.5942754937881719), (6, 0.23230649559807701)]
[(4, 0.46360433608865076), (6, 0.40435137860203402)]
[(4, 0.57142837938745217)]
