[(2, 0.57142854912866392)]
[(3, 0.63195902488001376), (4, 0.35452276900035368)]
[(3, 0.30668780356263986), (6, 0.40745835307944694)]
[(6, 0.95842499227518285)]
[(2, 0.41655847206188018), (6, 0.29117391550687455)]
[(0, 0.71746963065703706)]
[(0, 0.36707663537256796), (4, 0.34341057506040457)]
[(4, 0.32581559415015171), (6, 0.42543720994767659)]
[(0, 0.39707534116181631), (6, 0.38047631345484739)]
[(0, 0.47990019588054417), (6, 0.31424056451916604)]
[(6, 0.66329116410777134)]
[(2, 0.27848088761620304), (6, 0.41594222564095124)]
[(2, 0.36145764604612052), (6, 0.27643205585859948)]
[(4, 0.58668232343553528)]
[(4, 0.58332964355395633), (6, 0.28098989197761082)]
[(4, 0.64466776778252943)]
[(5, 0.390330913754039), (6, 0.30247442122652124)]
[(3, 0.35312234780301238), (6, 0.41499827940436279)]
[(3, 0.36414217400893589), (6, 0.31849179209587847)]
[(3, 0.5526573485302454), (4, 0.22045099951214281)]
[(3, 0.61470817580443249)]
[(3, 0.6319682459889), (4, 0.35451314322781735)]
[(3, 0.30668439361804811), (6, 0.40745667859997459)]
[(6, 0.95842548867102784)]
[(2, 0.41655482410668165), (6, 0.29116997906124503)]
[(0, 0.71746093008811629)]
[(0, 0.36708241256128366), (4, 0.34340949810654992)]
[(4, 0.32580568617373451), (6, 0.42543393353832532)]
[(0, 0.39707596071515178), (6, 0.38047678516109584)]
[(0, 0.47989659269573742), (6, 0.31424142150982576)]
[(6, 0.66329062871338196)]
[(2, 0.27848533540936649), (6, 0.41594639243056902)]
[(2, 0.36146958283763614), (6, 0.27643620002366148)]
[(4, 0.58668191523236279)]
[(4, 0.58333040841367478), (6, 0.28099634006268948)]
[(4, 0.64467099517007331)]
[(5, 0.39032625156598227), (6, 0.30247217940344939)]
[(3, 0.35312595735449065), (6, 0.41499896723675322)]
[(3, 0.36413825418615237), (6, 0.31848716490865547)]
[(3, 0.55267276082487693), (4, 0.22044890305466711)]
[(3, 0.61470323254248949)]
[(3, 0.63196823149416581), (4, 0.35451206428727822)]
[(3, 0.30668851252869345), (6, 0.40746102966573616)]
[(6, 0.95842598516547628)]
[(2, 0.41655835914867939), (6, 0.29117379875638283)]
[(0, 0.71748946484036025)]
[(0, 0.367056397536344), (4, 0.34341447419944759)]
[(4, 0.32581319062644959), (6, 0.42543663765226425)]
[(0, 0.39708444425661049), (6, 0.38048324337695005)]
[(0, 0.47989965096707071), (6, 0.31424071102941414)]
[(6, 0.66328988434480785)]
[(2, 0.27847882653731465), (6, 0.41594007694940471)]
[(2, 0.36146865546094231), (6, 0.2764358564154018)]
[(4, 0.58667665654434054)]
[(4, 0.58332968403605712), (6, 0.2809969097753674)]
[(4, 0.64466917356057407)]
[(5, 0.39032726646566895), (6, 0.30247581828022058)]
[(3, 0.35312553642616101), (6, 0.4149988869641365)]
[(3, 0.36414228605729287), (6, 0.31849115252120697)]
[(3, 0.55265357498235912), (4, 0.22045130122851103)]
[(3, 0.61470608509868241)]
[(3, 0.63196395927093241), (4, 0.35451783247096125)]
[(3, 0.30668477527936805), (6, 0.4074591531572716)]
[(6, 0.95842426825360749)]
[(2, 0.41655690216900709), (6, 0.29117227952119529)]
[(0, 0.71752048408219449)]
[(0, 0.36703983653108851), (4, 0.34341780506109282)]
[(4, 0.32581585693419529), (6, 0.42543799018519629)]
[(0, 0.39707799511805048), (6, 0.38047833402447812)]
[(0, 0.47990243230821422), (6, 0.3142400095812406)]
[(6, 0.66329076796773789)]
[(2, 0.278471286011512), (6, 0.41593265439782595)]
[(2, 0.36146626386689473), (6, 0.27643505496807697)]
[(4, 0.58668036926063671)]
[(4, 0.58333111344534472), (6, 0.28099265477942859)]
[(4, 0.64466690192819764)]
[(5, 0.39032783744586869), (6, 0.30247234961875819)]
[(3, 0.35312587081376134), (6, 0.41499895070317022)]
[(3, 0.36414239608514465), (6, 0.31849136531626404)]
[(3, 0.55265226115598154), (4, 0.2204507402494823)]
[(3, 0.6147077411345766)]
[(3, 0.63196555654818909), (4, 0.35451608611872837)]
[(3, 0.3066819239273989), (6, 0.40745909051122114)]
[(6, 0.95842185756192888)]
[(2, 0.4165580004633555), (6, 0.29117343926214417)]
[(0, 0.71752105834805402)]
[(0, 0.36706525903922871), (4, 0.34341274308499609)]
[(4, 0.32581574438941574), (6, 0.42543735031342611)]
[(0, 0.39707903678043055), (6, 0.38047912704364606)]
[(0, 0.47989661007034268), (6, 0.31424142768637819)]
[(6, 0.66328972404051323)]
[(2, 0.27852186871144896), (6, 0.41598293065187147)]
[(2, 0.3614558324968295), (6, 0.27643137256968092)]
[(4, 0.58667551512251948)]
[(4, 0.58332969958608516), (6, 0.28099383798068422)]
[(4, 0.64466998639420836)]
[(5, 0.39032854663181821), (6, 0.30247330003000272)]
[(3, 0.35312208437755949), (6, 0.41499822924321567)]
[(3, 0.36414302476696608), (6, 0.31849224772954154)]
[(3, 0.55269061159509647), (4, 0.22044763676886653)]
[(3, 0.61470814818819297)]
[(3, 0.63195971415072782), (4, 0.35452193369079726)]
[(3, 0.30668545875304776), (6, 0.40745891390695732)]
[(6, 0.95842457108974521)]
[(2, 0.41655834257942848), (6, 0.29117375706762466)]
[(0, 0.71752252645928893)]
[(0, 0.36708810834082783), (4, 0.3434084526443999)]
[(4, 0.32580807953529961), (6, 0.42543467797233342)]
[(0, 0.3970796514152562), (6, 0.38047959495478823)]
[(0, 0.47990561682415372), (6, 0.31423924422173588)]
[(6, 0.66328561670174757)]
[(2, 0.27850772703320842), (6, 0.41596735399598317)]
[(2, 0.36155982328032182), (6, 0.27646334482160112)]
[(4, 0.5866836837752567)]
[(4, 0.58332989642806654), (6, 0.28099375740553639)]
[(4, 0.64466911314089026)]
[(5, 0.39032740924608755), (6, 0.30247170237857413)]
[(3, 0.35312680057936879), (6, 0.41499912795966398)]
[(3, 0.36413937875626923), (6, 0.31848874676296818)]
[(3, 0.55268570544152573), (4, 0.22044862942775934)]
[(3, 0.61470459028746438)]
[(3, 0.63195959089179399), (4, 0.35452234752924133)]
[(3, 0.30667449996158469), (6, 0.40746169034497842)]
[(6, 0.9584262498455588)]
[(2, 0.41655652965532369), (6, 0.29117177619460344)]
[(0, 0.71751441960705387)]
[(0, 0.36707700034237983), (4, 0.34341050653886751)]
[(4, 0.32580996622912106), (6, 0.42543561059167712)]
[(0, 0.39707683049301823), (6, 0.3804774473651959)]
[(0, 0.479898659188219), (6, 0.31424078150287593)]
[(6, 0.66328871653029198)]
[(2, 0.27847612107245495), (6, 0.41593729512287031)]
[(2, 0.36146616426732853), (6, 0.27643502272615783)]
[(4, 0.58668318597512414)]
[(4, 0.5833288529522761), (6, 0.2809952656526119)]
[(4, 0.64466777656959562)]
[(5, 0.39032813281555356), (6, 0.30247315371902839)]
[(3, 0.35312440135956064), (6, 0.41499867065019308)]
[(3, 0.36414262557108795), (6, 0.31849157116160287)]
[(3, 0.55269344252454256), (4, 0.22044790710719284)]
[(3, 0.6147067432012614)]
[(3, 0.63196032370805177), (4, 0.35452159449805493)]
[(3, 0.3066982681647954), (6, 0.40743860426223161)]
[(6, 0.95842558409433698)]
[(2, 0.41655780935081593), (6, 0.29117323761059644)]
[(0, 0.71751114250988102)]
[(0, 0.36706260185365552), (4, 0.34341325833043079)]
[(4, 0.32581339801900328), (6, 0.42543598330557297)]
[(0, 0.39707368494154494), (6, 0.38047505242482649)]
[(0, 0.47989814922789337), (6, 0.31424105462887914)]
[(6, 0.66328813498535211)]
[(2, 0.27852187347238577), (6, 0.41598306194717438)]
[(2, 0.36146076941949723), (6, 0.27643314734723951)]
[(4, 0.58667721674652207)]
[(4, 0.58333028500517226), (6, 0.28099293026906608)]
[(4, 0.64467045147920032)]
[(5, 0.39033125020405396), (6, 0.30248067651575333)]
[(3, 0.35311846153207871), (6, 0.4149975395227718)]
[(3, 0.36414224820887425), (6, 0.31849094525341742)]
[(3, 0.55264826317696425), (4, 0.22045021655906347)]
[(3, 0.61470693095082252)]
[(3, 0.63196331430102459), (4, 0.35451850990549671)]
[(3, 0.30669880907222813), (6, 0.40745206301134762)]
[(6, 0.95842319285772648)]
[(2, 0.41655828948159951), (6, 0.29117372329644825)]
[(0, 0.71746085425589678)]
[(0, 0.36707868928738591), (4, 0.34341019029657255)]
[(4, 0.32580227533791695), (6, 0.42543288661964557)]
[(0, 0.3970844259564173), (6, 0.38048322944739044)]
[(0, 0.47989345276085238), (6, 0.31424218070663301)]
[(6, 0.66328882671290068)]
[(2, 0.2785071028477728), (6, 0.41596795391514019)]
[(2, 0.36146151145038274), (6, 0.276433405384581)]
[(4, 0.58667706792831609)]
[(4, 0.58333033252766286), (6, 0.28099013095836456)]
[(4, 0.6446690048713396)]
[(5, 0.39032872170661032), (6, 0.30247325966811955)]
[(3, 0.35312117526908776), (6, 0.41499805609175938)]
[(3, 0.36413827356245415), (6, 0.31848719487524868)]
[(3, 0.55265941917619588), (4, 0.22045092225006518)]
[(3, 0.61470443262188212)]
[(3, 0.63196768117744273), (4, 0.35451279437671368)]
[(3, 0.30669996681335249), (6, 0.40744706322863566)]
[(6, 0.95842596473736552)]
[(2, 0.41655794335674057), (6, 0.29117337070789817)]
[(0, 0.71752323014262653)]
[(0, 0.3670384170380076), (4, 0.34341809616510183)]
[(4, 0.32581184323642054), (6, 0.42543664004185638)]
[(0, 0.39707342334712209), (6, 0.38047485324378072)]
[(0, 0.47990225943272685), (6, 0.31423978791066465)]
[(6, 0.6632904140024628)]
[(2, 0.27852147854463882), (6, 0.41598240756422517)]
[(2, 0.36146331883553057), (6, 0.27643355214666321)]
[(4, 0.58667692527444681)]
[(4, 0.58332955397898323), (6, 0.28098619254120566)]
[(4, 0.64466865320681299)]
[(5, 0.3903289080257365), (6, 0.30247567807777415)]
[(3, 0.35312350899680428), (6, 0.41499850060239862)]
[(3, 0.36414286233563098), (6, 0.31849199599054845)]
[(3, 0.55269287126672417), (4, 0.22044786989377135)]
[(3, 0.6147082152747001)]
[(3, 0.63196455369779347), (4, 0.35451678619580002)]
[(3, 0.30669449177712388), (6, 0.40745160886180831)]
[(6, 0.95842536962991964)]
[(2, 0.41655802971817313), (6, 0.29117345655867405)]
[(0, 0.7175112723208652)]
[(0, 0.36707713906556394), (4, 0.34341048051165735)]
[(4, 0.32580885865865394), (6, 0.42543477450388928)]
[(0, 0.39707444552766552), (6, 0.38047563153525149)]
[(0, 0.47989601267291104), (6, 0.31424153729191157)]
[(6, 0.66328959600946791)]
[(2, 0.27851607987636751), (6, 0.41597579332484691)]
[(2, 0.36146206816532167), (6, 0.27643358954801628)]
[(4, 0.58667959158596428)]
[(4, 0.58332976820401672), (6, 0.28099444320677602)]
[(4, 0.64466396993293795)]
[(5, 0.39032786672418407), (6, 0.30247393546109552)]
[(3, 0.35312566128231121), (6, 0.41499891079660906)]
[(3, 0.36414191871711232), (6, 0.31849135950599611)]
[(3, 0.55266519438146966), (4, 0.22044997184893758)]
[(3, 0.61470551054705014)]
[(3, 0.63196247497551916), (4, 0.35451957621276348)]
[(3, 0.30667850490056037), (6, 0.40746190604760019)]
[(6, 0.95842578755190744)]
[(2, 0.4165561571346888), (6, 0.29117148206798432)]
[(0, 0.71750031471418207)]
[(0, 0.36704936923708359), (4, 0.34341587285230724)]
[(4, 0.32580632357607636), (6, 0.42543398300710589)]
[(0, 0.39707299777655569), (6, 0.38047452920623454)]
[(0, 0.47989643637632823), (6, 0.31424149105909072)]
[(6, 0.66329161253115354)]
[(2, 0.27853335423577552), (6, 0.41599339497476562)]
[(2, 0.36145903065045032), (6, 0.27643254249666843)]
[(4, 0.58668164133004386)]
[(4, 0.58332848187310893), (6, 0.28099635230084813)]
[(4, 0.64467001779487021)]
[(5, 0.39032799531056173), (6, 0.30247278150980039)]
[(3, 0.35312285856939685), (6, 0.41499837670399214)]
[(3, 0.36414249302301077), (6, 0.31849157732908251)]
[(3, 0.55267992170698199), (4, 0.22044924301324528)]
[(3, 0.61470615381391969)]
[(3, 0.63196240032956219), (4, 0.35451966189355044)]
[(3, 0.30669873277474397), (6, 0.40745054009079862)]
[(6, 0.95842354968210242)]
[(2, 0.41655667865502116), (6, 0.29117203919964291)]
[(0, 0.71754878397093846)]
[(0, 0.36709034116899147), (4, 0.34340804731703256)]
[(4, 0.32580782864190572), (6, 0.42543455721218976)]
[(0, 0.39707791817361043), (6, 0.38047827544561885)]
[(0, 0.4799196248353616), (6, 0.31423502858049462)]
[(6, 0.66329254211994604)]
[(2, 0.27849699080491574), (6, 0.41595823187650655)]
[(2, 0.36146808795875662), (6, 0.27643565360713479)]
[(4, 0.58667632083395038)]
[(4, 0.58332937036184718), (6, 0.28099348434625637)]
[(4, 0.64466940336633149)]
[(5, 0.39033026998011805), (6, 0.30247628027162038)]
[(3, 0.35312042953864975), (6, 0.4149979141626905)]
[(3, 0.3641424692361051), (6, 0.31849133313616201)]
[(3, 0.55269441576271006), (4, 0.2204469563025489)]
[(3, 0.61470469892511481)]
[(3, 0.63196646684821856), (4, 0.35451422183995507)]
[(3, 0.30668932006864053), (6, 0.4074610194662403)]
[(6, 0.95842602316487302)]
[(2, 0.41655755874873002), (6, 0.29117294951061734)]
[(0, 0.71754644055205441)]
[(0, 0.36707105867918272), (4, 0.34341163008561998)]
[(4, 0.32581072937336808), (6, 0.42543515185464664)]
[(0, 0.39707703494850088), (6, 0.38047760302464156)]
[(0, 0.4799243872418254), (6, 0.31423367112501754)]
[(6, 0.66329206677502917)]
[(2, 0.27846270565667147), (6, 0.41592377602636799)]
[(2, 0.3614598825277956), (6, 0.27643282717797518)]
[(4, 0.58667607758607343)]
[(4, 0.58333023399305661), (6, 0.28099663464574876)]
[(4, 0.64466854221114367)]
[(5, 0.39032706462364275), (6, 0.30247040945030013)]
[(3, 0.35311951188412211), (6, 0.41499773939574486)]
[(3, 0.36413860572072371), (6, 0.31848787464314721)]
[(3, 0.55263718950590124), (4, 0.22045194632209208)]
[(3, 0.61470262495626593)]
[(3, 0.63196230247051055), (4, 0.35451965829354759)]
[(3, 0.30669253680004577), (6, 0.40745300488993713)]
[(6, 0.95842351037122797)]
[(2, 0.41655481341998901), (6, 0.29117004578424366)]
[(0, 0.71754880615770888)]
[(0, 0.36709185602279626), (4, 0.34340777378803794)]
[(4, 0.325815884360657), (6, 0.42543703062391713)]
[(0, 0.39708159021518663), (6, 0.38048107087566307)]
[(0, 0.47989786028723164), (6, 0.31424111649436187)]
[(6, 0.66328927063247101)]
[(2, 0.27848298502206859), (6, 0.4159420091078383)]
[(2, 0.36146290045052965), (6, 0.27643388753393366)]
[(4, 0.58667857430349291)]
[(4, 0.58332899360690083), (6, 0.28099337552968573)]
[(4, 0.64466746739227421)]
[(5, 0.39033205173961527), (6, 0.30247638694039097)]
[(3, 0.35312649856287626), (6, 0.41499907038006839)]
[(3, 0.36414250890335809), (6, 0.31849184097514066)]
[(3, 0.55267577504310894), (4, 0.22044888520696634)]
[(3, 0.614705386037113)]
[(3, 0.63195477476473627), (4, 0.35452556627615756)]
[(3, 0.30668773886167022), (6, 0.40745867050591217)]
[(6, 0.95842204194545688)]
[(2, 0.41655581565691951), (6, 0.291171162335222)]
[(0, 0.71754056567810776)]
[(0, 0.36708110439415587), (4, 0.34340974052346768)]
[(4, 0.32580037380351878), (6, 0.42543197429984914)]
[(0, 0.39708339416858862), (6, 0.38048244406911536)]
[(0, 0.47988992743240438), (6, 0.3142429108957262)]
[(6, 0.66329152962302529)]
[(2, 0.27851785354212188), (6, 0.4159784690169967)]
[(2, 0.36145599387546634), (6, 0.27643148725920169)]
[(4, 0.58668260120607751)]
[(4, 0.5833295442544586), (6, 0.28099846549199908)]
[(4, 0.64466951505446479)]
[(5, 0.39032761257868237), (6, 0.30247289042233277)]
[(3, 0.35312641829093799), (6, 0.41499905507240858)]
[(3, 0.36414164697249729), (6, 0.31849083055659944)]
[(3, 0.55267993533658322), (4, 0.22044877439241134)]
[(3, 0.61470822706324901)]
[(3, 0.63195834099377945), (4, 0.35452359513394549)]
[(3, 0.30668259393158598), (6, 0.40746225102128747)]
[(6, 0.9584262712283047)]
[(2, 0.41655818354026641), (6, 0.2911736164957423)]
[(0, 0.71753387351621434)]
[(0, 0.36705408171440501), (4, 0.34341493257955075)]
[(4, 0.32581279226741777), (6, 0.42543586890063778)]
[(0, 0.39707940515159706), (6, 0.38047940747941694)]
[(0, 0.47989639801586925), (6, 0.31424150578915899)]
[(6, 0.66327764755219631)]
[(2, 0.27852824910372187), (6, 0.41598890277614703)]
[(2, 0.36156197576227722), (6, 0.27646479348331315)]
[(4, 0.5866779232948518)]
[(4, 0.58332968876775892), (6, 0.28099395608959882)]
[(4, 0.64467131468604055)]
[(5, 0.39032792708103098), (6, 0.3024773419682919)]
[(3, 0.35312025070776432), (6, 0.41499788004972887)]
[(3, 0.36413842712030475), (6, 0.31848721499556787)]
[(3, 0.55265752299128279), (4, 0.22045097877253012)]
[(3, 0.61470711991372873)]
[(3, 0.63196023904031795), (4, 0.3545217884918031)]
[(3, 0.30668154305328094), (6, 0.40745904233875463)]
[(6, 0.95842369143112904)]
[(2, 0.41655725175381719), (6, 0.29117261442821057)]
[(0, 0.71750387125660209)]
[(0, 0.3670557048041555), (4, 0.34341461105760024)]
[(4, 0.32580681072230239), (6, 0.42543597803405359)]
[(0, 0.39707640480176809), (6, 0.38047712326788696)]
[(0, 0.47989992765190542), (6, 0.31424044807886947)]
[(6, 0.66329112846926286)]
[(2, 0.27847097512399777), (6, 0.41592977318856461)]
[(2, 0.36145648776995237), (6, 0.27643165793449342)]
[(4, 0.58667558306776946)]
[(4, 0.58333146113839773), (6, 0.28098175948629495)]
[(4, 0.64466999632389876)]
[(5, 0.3903307311778309), (6, 0.30247233632686016)]
[(3, 0.35312511889287912), (6, 0.41499880741683326)]
[(3, 0.36414226323162896), (6, 0.31849102241516702)]
[(3, 0.55266620214623485), (4, 0.22045041237530433)]
[(3, 0.61470783043639365)]
[(3, 0.63197084533317105), (4, 0.35451030371438458)]
[(3, 0.30668900960139833), (6, 0.40745347151553912)]
[(6, 0.95842339142118993)]
[(2, 0.41655586075807277), (6, 0.29117115842341468)]
[(0, 0.71745046100535359)]
[(0, 0.36709812025950711), (4, 0.34340665538078829)]
[(4, 0.32581204491130916), (6, 0.42543613121435686)]
[(0, 0.3970796434664744), (6, 0.38047958890356826)]
[(0, 0.47991595342618104), (6, 0.31423614246141307)]
[(6, 0.66328895234858465)]
[(2, 0.27849368829100296), (6, 0.41595501033538806)]
[(2, 0.36146804927842369), (6, 0.27643567791232848)]
[(4, 0.58668362637286953)]
[(4, 0.58332996613143195), (6, 0.28099811336646874)]
[(4, 0.64466941355159801)]
[(5, 0.39032916331417705), (6, 0.30247346615954346)]
[(3, 0.35312286391122977), (6, 0.41499837771428)]
[(3, 0.36414285238590866), (6, 0.318491930904028)]
[(3, 0.55267110430503252), (4, 0.22044939086804793)]
[(3, 0.61470751663178824)]
[(3, 0.63197146614708422), (4, 0.35450980536888099)]
[(3, 0.30668458291419198), (6, 0.40745913377333232)]
[(6, 0.95842634297526119)]
[(2, 0.41655815333662388), (6, 0.29117357786820625)]
[(0, 0.71754124257984242)]
[(0, 0.36706725912458538), (4, 0.34341235744879239)]
[(4, 0.32579882949603745), (6, 0.42543405291682235)]
[(0, 0.39708051269472033), (6, 0.38048025061825363)]
[(0, 0.47992449668571951), (6, 0.31423348562801451)]
[(6, 0.66328881860713729)]
[(2, 0.27850245221800429), (6, 0.41596317020637646)]
[(2, 0.36146229369566851), (6, 0.27643366707012246)]
[(4, 0.5866817827991645)]
[(4, 0.5833294551114947), (6, 0.28099632500414562)]
[(4, 0.64466943236471785)]
[(5, 0.39033126768359722), (6, 0.30247085882817487)]
[(3, 0.35312001484773564), (6, 0.41499783514714117)]
[(3, 0.36414223937262619), (6, 0.31849124029131609)]
[(3, 0.55266292340529144), (4, 0.22045062472886492)]
[(3, 0.61470747204179743)]
[(3, 0.6319621331060723), (4, 0.35451981641890884)]
[(3, 0.30668592853587695), (6, 0.40745708819827103)]
[(6, 0.9584232762725301)]
[(2, 0.41655921594069761), (6, 0.29117467174522832)]
[(0, 0.71751110113779026)]
[(0, 0.36705715237205983), (4, 0.34341432532309546)]
[(4, 0.3258095514772249), (6, 0.42543561425787951)]
[(0, 0.39707978144853001), (6, 0.38047969394584513)]
[(0, 0.47989211318231856), (6, 0.31424243283257558)]
[(6, 0.66328808740540945)]
[(2, 0.27853019260407569), (6, 0.41599081425787465)]
[(2, 0.36146840359895899), (6, 0.2764358014034794)]
[(4, 0.58668362762440485)]
[(4, 0.58332964081377559), (6, 0.28099297243885657)]
[(4, 0.64466868180761228)]
[(5, 0.39032718916208592), (6, 0.30247360909268362)]
[(3, 0.35312230853886578), (6, 0.41499827191547867)]
[(3, 0.36414274647706368), (6, 0.31849203794349384)]
[(3, 0.55266720560796834), (4, 0.22044950772938243)]
[(3, 0.61470564074202949)]
[(3, 0.63196440682602117), (4, 0.35451643968687274)]
[(3, 0.3066865956889655), (6, 0.40746007491520353)]
[(6, 0.95842300184096829)]
[(2, 0.41655616438253151), (6, 0.29117151794577029)]
[(0, 0.71751377232071845)]
[(0, 0.3670588328509069), (4, 0.34341399482233526)]
[(4, 0.32581055844224838), (6, 0.42543624119203738)]
[(0, 0.3970827648962269), (6, 0.38048196506677484)]
[(0, 0.4798912887156046), (6, 0.31424265888906505)]
[(6, 0.66329214967694761)]
[(2, 0.27849769587847023), (6, 0.4159585038935707)]
[(2, 0.36146565988075297), (6, 0.27643484073893476)]
[(4, 0.58668217110893739)]
[(4, 0.58332887795015009), (6, 0.28098947146700076)]
[(4, 0.64466926361865828)]
[(5, 0.3903308560235233), (6, 0.30247544863405224)]
[(3, 0.35312409273220224), (6, 0.41499861184850223)]
[(3, 0.36414267787036031), (6, 0.31849160094454881)]
[(3, 0.5526524456450288), (4, 0.22045097768798405)]
[(3, 0.61470829015916673)]
[(3, 0.63196258251140558), (4, 0.35451934051667022)]
[(3, 0.30670120157837572), (6, 0.40744714615460714)]
[(6, 0.95842504288962782)]
[(2, 0.41655505078759497), (6, 0.29117016904598975)]
[(0, 0.71751462662597398)]
[(0, 0.36708422622564502), (4, 0.34340916343021527)]
[(4, 0.32581182066671116), (6, 0.42543556447889019)]
[(0, 0.39707771351039051), (6, 0.38047811963201889)]
[(0, 0.47991047202778919), (6, 0.3142377276259542)]
[(6, 0.6632894310905797)]
[(2, 0.27853237295729549), (6, 0.41599338905078409)]
[(2, 0.36145691086964021), (6, 0.27643180045429655)]
[(4, 0.58667744474716776)]
[(4, 0.5833301945465843), (6, 0.28099260245273344)]
[(4, 0.64466819585501112)]
[(5, 0.39033054445492871), (6, 0.30247451246041562)]
[(3, 0.35312639260190098), (6, 0.41499905021486427)]
[(3, 0.3641428349832902), (6, 0.3184921906513144)]
[(3, 0.55266997030333997), (4, 0.22044942092960168)]
[(3, 0.61470733297967006)]
[(3, 0.63196445334083717), (4, 0.354517111838345)]
[(3, 0.30669058457181486), (6, 0.40745106954693661)]
[(6, 0.95842336631482672)]
[(2, 0.41655518753384524), (6, 0.29117049630546793)]
[(0, 0.71754008303308592)]
[(0, 0.36706560301333974), (4, 0.34341267662877117)]
[(4, 0.32580138264472996), (6, 0.42543217203059247)]
[(0, 0.39708028863495348), (6, 0.38048008005057399)]
[(0, 0.47989163571410565), (6, 0.31424255406170426)]
[(6, 0.66328752040794725)]
[(2, 0.2785215856803171), (6, 0.41598252988412188)]
[(2, 0.36146276116057313), (6, 0.27643383996800469)]
[(4, 0.58667586249360715)]
[(4, 0.58332924751478554), (6, 0.28099254358106424)]
[(4, 0.64466925158998545)]
[(5, 0.39033062474325531), (6, 0.30247444987900701)]
[(3, 0.35312564802847762), (6, 0.41499890823815422)]
[(3, 0.36414292980530027), (6, 0.31849208926620909)]
[(3, 0.55269392877537016), (4, 0.22044639351669656)]
[(3, 0.61470813787876255)]
[(3, 0.63196480554062462), (4, 0.35451659250789774)]
[(3, 0.30668442272391616), (6, 0.40745967147576789)]
[(6, 0.95842430663939637)]
[(2, 0.41655947554866174), (6, 0.29117493633200592)]
[(0, 0.71752092118273691)]
[(0, 0.36705039081205254), (4, 0.34341566817021324)]
[(4, 0.32581188297481667), (6, 0.42543545778722991)]
[(0, 0.3970786606944679), (6, 0.38047884073159099)]
[(0, 0.47991507600170419), (6, 0.3142363429041608)]
[(6, 0.66329054565658163)]
[(2, 0.2784895930491208), (6, 0.41595077242081674)]
[(2, 0.36146700978608021), (6, 0.2764353165391511)]
[(4, 0.58667880577427622)]
[(4, 0.58332993627024876), (6, 0.28099560399714507)]
[(4, 0.64466738134238999)]
[(5, 0.39032969082720725), (6, 0.30247162012024165)]
[(3, 0.35312472576281095), (6, 0.41499873247940977)]
[(3, 0.36414215927139909), (6, 0.31849172491218403)]
[(3, 0.5526578816331037), (4, 0.22045023635778799)]
[(3, 0.61470764438207315)]
[(3, 0.63196812997153018), (4, 0.35451272702844827)]
[(3, 0.30668205473725385), (6, 0.40746124151237095)]
[(6, 0.95840927457671132)]
[(2, 0.41655925363112523), (6, 0.29117470848778748)]
[(0, 0.71753238176901279)]
[(0, 0.36706671952145403), (4, 0.34341246130355008)]
[(4, 0.32581556939858225), (6, 0.42543688227996529)]
[(0, 0.39708183934642799), (6, 0.38048126052198006)]
[(0, 0.47989098221802701), (6, 0.3142427130586179)]
[(6, 0.66329137968232621)]
[(2, 0.27847543534740876), (6, 0.41593675724321605)]
[(2, 0.36146703475891495), (6, 0.27643532614481953)]
[(4, 0.58668185604930634)]
[(4, 0.58332968588918332), (6, 0.28100163820801299)]
[(4, 0.64466862282690673)]
[(5, 0.39032586648179191), (6, 0.30247710047299353)]
[(3, 0.35312146493181829), (6, 0.41499811128966502)]
[(3, 0.36414215057388438), (6, 0.31849137074289952)]
[(3, 0.55266543784969091), (4, 0.22045048578257759)]
[(3, 0.61470434675857066)]
[(3, 0.63195992977111159), (4, 0.35452210426815356)]
[(3, 0.30668054077272433), (6, 0.40745662583613529)]
[(6, 0.95842457484196886)]
[(2, 0.41655622797188824), (6, 0.2911715530691833)]
[(0, 0.71751909245242551)]
[(0, 0.36705742972316407), (4, 0.34341427068633307)]
[(4, 0.32580927993543346), (6, 0.42543622972098372)]
[(0, 0.39708345613962814), (6, 0.38048249124103151)]
[(0, 0.47989014937636087), (6, 0.31424286594252643)]
[(6, 0.66328953971263316)]
[(2, 0.27850428034023195), (6, 0.41596527838136499)]
[(2, 0.36146707458787303), (6, 0.27643533620626665)]
[(4, 0.58668287375066785)]
[(4, 0.58332973730917104), (6, 0.28099789844655143)]
[(4, 0.64466908365457731)]
[(5, 0.3903305267098921), (6, 0.30247269320242576)]
[(3, 0.35312388997190619), (6, 0.41499857320681632)]
[(3, 0.36414285962267678), (6, 0.3184923021874852)]
[(3, 0.55262293478873348), (4, 0.22044676197885721)]
[(3, 0.6147058877475492)]
[(3, 0.63196078389501631), (4, 0.35452126222408481)]
[(3, 0.30669962681747059), (6, 0.40744749921200879)]
[(6, 0.95842601842345809)]
[(2, 0.41655824065196539), (6, 0.29117368467640969)]
[(0, 0.71753512625306881)]
[(0, 0.36706774469993592), (4, 0.34341226411084563)]
[(4, 0.32581364163483617), (6, 0.42543688461874329)]
[(0, 0.39707247721568106), (6, 0.38047413283577008)]
[(0, 0.47989184584044625), (6, 0.3142424765057325)]
[(6, 0.66329104207662937)]
[(2, 0.27849665081507186), (6, 0.4159577307251156)]
[(2, 0.36145549482046851), (6, 0.27643130536577898)]
[(4, 0.58667791436477323)]
[(4, 0.58333046209931538), (6, 0.28099076061762401)]
[(4, 0.64467060752754191)]
[(5, 0.3903278097744966), (6, 0.30247487166627751)]
[(3, 0.35311895328703885), (6, 0.41499763314327515)]
[(3, 0.36414288770441688), (6, 0.31849212111528613)]
[(3, 0.55267127087998724), (4, 0.22044996764429886)]
[(3, 0.6147074527689369)]
[(3, 0.63196356970491629), (4, 0.35451835377700142)]
[(3, 0.30668865691478281), (6, 0.40745695065245024)]
[(6, 0.95842266292104938)]
[(2, 0.41655713987717119), (6, 0.29117250672480438)]
[(0, 0.71752037224836218)]
[(0, 0.36709135840420082), (4, 0.34340786350931979)]
[(4, 0.32580769182264468), (6, 0.42543439691421636)]
[(0, 0.39708485001014859), (6, 0.38048355222261626)]
[(0, 0.47989431040154257), (6, 0.31424178089818655)]
[(6, 0.66329264424391776)]
[(2, 0.2784825638622323), (6, 0.4159434447225428)]
[(2, 0.36145953094935462), (6, 0.2764327155724951)]
[(4, 0.58667881952655088)]
[(4, 0.58333038179111629), (6, 0.28099727943865127)]
[(4, 0.64466969484681824)]
[(5, 0.3903283301370663), (6, 0.30247359499474963)]
[(3, 0.35312601374393032), (6, 0.41499897795669055)]
[(3, 0.36414252448775974), (6, 0.31849157352010921)]
[(3, 0.55266009573179409), (4, 0.22045078379845612)]
[(3, 0.61470405942733664)]
[(3, 0.63197014218124425), (4, 0.35451140833060496)]
[(3, 0.30668684925942891), (6, 0.40745494631889784)]
[(6, 0.95842391952565698)]
[(2, 0.41655972038187794), (6, 0.29117518338014403)]
[(0, 0.71747489133005771)]
[(0, 0.36706382652793224), (4, 0.34341302044648586)]
[(4, 0.3258202057135331), (6, 0.42543856678725872)]
[(0, 0.39708294738785838), (6, 0.38048210398037496)]
[(0, 0.47989315237758362), (6, 0.31424221157824656)]
[(6, 0.66328708560333016)]
[(2, 0.27853070351521886), (6, 0.41599183490965297)]
[(2, 0.36146818438629802), (6, 0.27643571571251607)]
[(4, 0.58667994120138856)]
[(4, 0.5833300837808344), (6, 0.2809932290761567)]
[(4, 0.64467011611354741)]
[(5, 0.3903268167862457), (6, 0.30247685032480975)]
[(3, 0.35312629580611293), (6, 0.41499903173692115)]
[(3, 0.36414234056224687), (6, 0.31849121540332714)]
[(3, 0.55264477254603706), (4, 0.22045142220854391)]
[(3, 0.61470728130461871)]
[(3, 0.63195748910461869), (4, 0.35452454026175156)]
[(3, 0.30667595957808591), (6, 0.40746331572586764)]
[(6, 0.95842293881666896)]
[(2, 0.41655638706224879), (6, 0.29117175968090542)]
[(0, 0.71751448228583548)]
[(0, 0.3670614384732932), (4, 0.34341348495835677)]
[(4, 0.32582096954079981), (6, 0.42543883673479593)]
[(0, 0.39707417754678076), (6, 0.38047542749601976)]
[(0, 0.47988999743759864), (6, 0.31424291068414972)]
[(6, 0.66328653687324568)]
[(2, 0.27850692793865262), (6, 0.41596805085118527)]
[(2, 0.36145894341691037), (6, 0.27643251234722344)]
[(4, 0.58667559270883607)]
[(4, 0.58333147419258324), (6, 0.28098244265893696)]
[(4, 0.64466372432156371)]
[(5, 0.39032903709134736), (6, 0.30247422946547081)]
[(3, 0.35311904087151846), (6, 0.41499764974462999)]
[(3, 0.36414266615681573), (6, 0.318491667098113)]
[(3, 0.55265111617960327), (4, 0.22045159437785147)]
[(3, 0.61470288818559693)]
[(3, 0.63196761794604861), (4, 0.35451386677444557)]
[(3, 0.30668535961080756), (6, 0.40745631842655022)]
[(6, 0.95842308542331733)]
[(2, 0.41655549559214872), (6, 0.29117083082700207)]
[(0, 0.71751988342477246)]
[(0, 0.36706435879386085), (4, 0.34341291727700873)]
[(4, 0.32581172445008066), (6, 0.42543552747318381)]
[(0, 0.39708138833468098), (6, 0.38048091719701277)]
[(0, 0.4799035358166277), (6, 0.31423957051748291)]
[(6, 0.66329067206944436)]
[(2, 0.27847210034272918), (6, 0.41593365378319697)]
[(2, 0.36146385973792033), (6, 0.27643421365547882)]
[(4, 0.58667595593840938)]
[(4, 0.58332852283742753), (6, 0.28098939471940215)]
[(4, 0.64466939374732435)]
[(5, 0.39032881060252422), (6, 0.30247395194740279)]
[(3, 0.35311937951691991), (6, 0.41499771426588666)]
[(3, 0.36414244531643525), (6, 0.31849153963965376)]
[(3, 0.55266598031541758), (4, 0.22045030586930103)]
[(3, 0.61470265364847299)]
[(3, 0.63194800644128135), (4, 0.35453232752863506)]
[(3, 0.30667469854397056), (6, 0.40746221102646646)]
[(6, 0.95842448426044202)]
[(2, 0.41655701529340383), (6, 0.29117239868873651)]
[(0, 0.7175381765365143)]
[(0, 0.36706948236480585), (4, 0.34341193101066841)]
[(4, 0.32581174392212592), (6, 0.42543605934740336)]
[(0, 0.39707846372175643), (6, 0.38047869077616642)]
[(0, 0.4799150043580816), (6, 0.31423642299770965)]
[(6, 0.66328968901334995)]
[(2, 0.27852694254545152), (6, 0.41598780105756061)]
[(2, 0.36146904602857444), (6, 0.27643602521412824)]
[(4, 0.58668314486164996)]
[(4, 0.58332942048602932), (6, 0.28099769341244785)]
[(4, 0.64466832536173058)]
[(5, 0.39032788433440807), (6, 0.30247396312304237)]
[(3, 0.35312712432246129), (6, 0.41499918971852129)]
[(3, 0.36413953004519267), (6, 0.31848926512372344)]
[(3, 0.55265531507295562), (4, 0.2204507654896673)]
[(3, 0.614706130000511)]
[(3, 0.63196273182357954), (4, 0.35451922881972148)]
[(3, 0.30667609147507058), (6, 0.40746369700284246)]
[(6, 0.95842336830624653)]
[(2, 0.41655730918273559), (6, 0.29117270256197714)]
[(0, 0.71744377365943091)]
[(0, 0.36706505002676154), (4, 0.34341278349387688)]
[(4, 0.32581273568032826), (6, 0.42543583063182205)]
[(0, 0.39708358450617876), (6, 0.38048258895242648)]
[(0, 0.47989048705716836), (6, 0.31424280322392018)]
[(6, 0.66328997789277722)]
[(2, 0.2785122964174398), (6, 0.41597343321875502)]
[(2, 0.36145628884311209), (6, 0.27643158871936174)]
[(4, 0.58668243497087813)]
[(4, 0.58332965927661862), (6, 0.2809980101472242)]
[(4, 0.64466780189007367)]
[(5, 0.39032683623412279), (6, 0.3024701529843703)]
[(3, 0.35312326098893093), (6, 0.41499845335143837)]
[(3, 0.3641385368443511), (6, 0.31848764833761861)]
[(3, 0.55268324654223333), (4, 0.22044892571707769)]
[(3, 0.61470735475336691)]
[(3, 0.63196643726442592), (4, 0.35451532679349168)]
[(3, 0.30669537150568127), (6, 0.40745111524617322)]
[(6, 0.95842547833754965)]
[(2, 0.41655714081081835), (6, 0.29117245901792915)]
[(0, 0.71751366968825969)]
[(0, 0.36708107920096267), (4, 0.34340974520039974)]
[(4, 0.32580829999967131), (6, 0.4254346829012654)]
[(0, 0.397083976752099), (6, 0.38048288752406345)]
[(0, 0.47989468636163379), (6, 0.31424187631255385)]
[(6, 0.66329052100781472)]
[(2, 0.27849641294168409), (6, 0.415957445072626)]
[(2, 0.36146307637143721), (6, 0.27643379809335017)]
[(4, 0.58667931939778539)]
[(4, 0.58332888207588696), (6, 0.28099846992923738)]
[(4, 0.64466869661854187)]
[(5, 0.39033042179851868), (6, 0.30247401758594711)]
[(3, 0.3531187002788358), (6, 0.41499758495148664)]
[(3, 0.36414284514571543), (6, 0.31849140047824748)]
[(3, 0.55265099314969579), (4, 0.22045155066990813)]
[(3, 0.61470481561237178)]
[(3, 0.63195849500797308), (4, 0.35452320731646447)]
[(3, 0.30669081451114538), (6, 0.40745581428256028)]
[(6, 0.95842557979281495)]
[(2, 0.41655888054086354), (6, 0.29117432794873233)]
[(0, 0.71744067298192693)]
[(0, 0.36705409385378424), (4, 0.34341493017034763)]
[(4, 0.32581421921722131), (6, 0.42543735785618264)]
[(0, 0.39708144208898605), (6, 0.38048095811680926)]
[(0, 0.47988994531482615), (6, 0.31424290994361098)]
[(6, 0.66329230270755768)]
[(2, 0.27853144352171744), (6, 0.41599193739673851)]
[(2, 0.36145510140410186), (6, 0.27643117612815143)]
[(4, 0.58668029747299177)]
[(4, 0.58332965898257028), (6, 0.28099477470114975)]
[(4, 0.64466863799595409)]
[(5, 0.39033180444085508), (6, 0.30247337584457396)]
[(3, 0.35312291137940427), (6, 0.41499838676909262)]
[(3, 0.36414256563409086), (6, 0.31849121955789733)]
[(3, 0.55266687525978442), (4, 0.22045035613765698)]
[(3, 0.61470622346141301)]
[(3, 0.63195246488574908), (4, 0.35452926890054043)]
[(3, 0.30668243544290791), (6, 0.40745657103184657)]
[(6, 0.95842495025288066)]
[(2, 0.41655777107817882), (6, 0.29117319178745965)]
[(0, 0.71745755393330535)]
[(0, 0.36706742459842012), (4, 0.34341232562857532)]
[(4, 0.32580825475402386), (6, 0.42543465606521158)]
[(0, 0.39708108814255932), (6, 0.38048068867838858)]
[(0, 0.47991396321600727), (6, 0.31423693901713512)]
[(6, 0.6632868826072893)]
[(2, 0.27853160333374716), (6, 0.41599212425721127)]
[(2, 0.36146321011403465), (6, 0.27643399247469846)]
[(4, 0.58668009720961711)]
[(4, 0.58333020700917104), (6, 0.28099175614840211)]
[(4, 0.64467052364206845)]
[(5, 0.39032751446158254), (6, 0.30247383758998864)]
[(3, 0.35312044683678556), (6, 0.41499791741566605)]
[(3, 0.36414264043277539), (6, 0.31849146095343672)]
[(3, 0.5526701614153301), (4, 0.22044940387397341)]
[(3, 0.61470774227167346)]
[(3, 0.63196083374823597), (4, 0.35452118355860751)]
[(3, 0.30668689184719655), (6, 0.4074631608152014)]
[(6, 0.95842447018172616)]
[(2, 0.41655750292149696), (6, 0.29117290337993162)]
[(0, 0.71749683575488132)]
[(0, 0.367062469006256), (4, 0.34341328417747957)]
[(4, 0.32581575177207522), (6, 0.4254377039454042)]
[(0, 0.39707775028634362), (6, 0.38047814763024668)]
[(0, 0.47989595383393058), (6, 0.31424157304730538)]
[(6, 0.66328963394441576)]
[(2, 0.27851618048650462), (6, 0.41597721441669999)]
[(2, 0.36145502411671587), (6, 0.27643114949649122)]
[(4, 0.5866825171437402)]
[(4, 0.58333101377013041), (6, 0.28099357948194714)]
[(4, 0.64467043254119893)]
[(5, 0.39032678940311633), (6, 0.3024724935534065)]
[(3, 0.35312662612408685), (6, 0.41499909470818869)]
[(3, 0.36414201052509143), (6, 0.31849114393581046)]
[(3, 0.55265223133036923), (4, 0.22045150356873019)]
[(3, 0.61470506044376672)]
[(3, 0.63196534149259742), (4, 0.35451663330289679)]
[(3, 0.30668867518868076), (6, 0.40745682850258003)]
[(6, 0.95842342541105696)]
[(2, 0.41655453468345249), (6, 0.29116971884900744)]
[(0, 0.71752755707556037)]
[(0, 0.36707814623595125), (4, 0.34341029182649063)]
[(4, 0.32580993257007429), (6, 0.42543580349824406)]
[(0, 0.39708093220938567), (6, 0.38048056997488666)]
[(0, 0.47990183048193708), (6, 0.31424018005601145)]
[(6, 0.66328847961853377)]
[(2, 0.27849065853641164), (6, 0.41595180485982131)]
[(2, 0.36145998986817229), (6, 0.27643287685752677)]
[(4, 0.58667715521527786)]
[(4, 0.58333065184407262), (6, 0.28099474410866299)]
[(4, 0.64466804082365137)]
[(5, 0.39032917161696484), (6, 0.3024744951101685)]
[(3, 0.35312485420759249), (6, 0.41499875692957872)]
[(3, 0.36413878908332659), (6, 0.31848909604885683)]
[(3, 0.55267496281274009), (4, 0.22044874921625143)]
[(3, 0.61470586236156854)]
[(3, 0.631959884005723), (4, 0.35452151614661565)]
[(3, 0.30668730275145917), (6, 0.40746218017401636)]
[(6, 0.95842487448246783)]
[(2, 0.41655806805186463), (6, 0.29117351019559734)]
[(0, 0.7175408572687344)]
[(0, 0.36706571351110362), (4, 0.34341265529250542)]
[(4, 0.32580731692469656), (6, 0.42543446345915303)]
[(0, 0.3970761443126859), (6, 0.3804769249442071)]
[(0, 0.47990539386901698), (6, 0.31423905737725799)]
[(6, 0.6632892534941095)]
[(2, 0.27849713124994713), (6, 0.41595735164776393)]
[(2, 0.3614650382598581), (6, 0.27643463200544593)]
[(4, 0.58667916725804514)]
[(4, 0.58333001760158465), (6, 0.28099935250051195)]
[(4, 0.64466828361876038)]
[(5, 0.39032898554577672), (6, 0.30247089816108313)]
[(3, 0.35312418229211584), (6, 0.41499862888790895)]
[(3, 0.36413864315160266), (6, 0.31848761828591143)]
[(3, 0.55266258091739795), (4, 0.22045060731194732)]
[(3, 0.6147067460956418)]
[(3, 0.63196029267968901), (4, 0.35452160268596811)]
[(3, 0.30668278420248707), (6, 0.40746441099637043)]
[(6, 0.95842535670322193)]
[(2, 0.41655572023128667), (6, 0.29117099688005571)]
[(0, 0.71749522833185053)]
[(0, 0.36707212639568698), (4, 0.34341142692969934)]
[(4, 0.32581502723720607), (6, 0.42543750691159132)]
[(0, 0.39708022990807446), (6, 0.38048003534398717)]
[(0, 0.47989267168874566), (6, 0.31424232878171082)]
[(6, 0.66329292589652555)]
[(2, 0.27849698655320565), (6, 0.41595732690184012)]
[(2, 0.36145542190665547), (6, 0.27643128781166498)]
[(4, 0.586679257595352)]
[(4, 0.5833299020543351), (6, 0.28099442635054062)]
[(4, 0.6446686507320929)]
[(5, 0.39032717329543481), (6, 0.30247022872176715)]
[(3, 0.35311826740668234), (6, 0.41499750265932095)]
[(3, 0.36414255395517053), (6, 0.31849195862522123)]
[(3, 0.55265109932055534), (4, 0.22045155104104427)]
[(3, 0.61470781848938716)]
[(3, 0.63195731532350163), (4, 0.35452472638678917)]
[(3, 0.30668532954856292), (6, 0.40745758625296469)]
[(6, 0.95842470556821546)]
[(2, 0.4165586364593869), (6, 0.29117407870705408)]
[(0, 0.71751617156367986)]
[(0, 0.36706746555608849), (4, 0.34341231775456077)]
[(4, 0.32581201115362363), (6, 0.42543655812489051)]
[(0, 0.3970847711881258), (6, 0.38048349222628092)]
[(0, 0.47989491264963624), (6, 0.31424183766776437)]
[(6, 0.6632890117014214)]
[(2, 0.27849044979025145), (6, 0.41595154923469535)]
[(2, 0.36146161667940541), (6, 0.27643344118349561)]
[(4, 0.58667685152380156)]
[(4, 0.58332958999999007), (6, 0.28099356946034254)]
[(4, 0.64466844400669798)]
[(5, 0.39033468361154344), (6, 0.30247483429795241)]
[(3, 0.35312102937371659), (6, 0.41499802832333704)]
[(3, 0.36413885818856967), (6, 0.3184882189037333)]
[(3, 0.55265553268326539), (4, 0.22045130702317431)]
[(3, 0.61470281471955224)]
[(3, 0.63196847679936108), (4, 0.35451289856218415)]
[(3, 0.30668018103979877), (6, 0.40746079026527243)]
[(6, 0.95842661642829352)]
[(2, 0.41655442063096748), (6, 0.29116961598586411)]
[(0, 0.71752795057224117)]
[(0, 0.36704757372102109), (4, 0.34341623373070618)]
[(4, 0.32581264279818822), (6, 0.42543578687712541)]
[(0, 0.39708359797558718), (6, 0.38048259920520233)]
[(0, 0.4798995596472525), (6, 0.31424074828075343)]
[(6, 0.66329160751257676)]
[(2, 0.27850699518582334), (6, 0.41596741942898219)]
[(2, 0.36145842420638596), (6, 0.27643232531272888)]
[(4, 0.5866811013363773)]
[(4, 0.58332919568246111), (6, 0.28099336224966176)]
[(4, 0.64466982764708181)]
[(5, 0.39032890898891781), (6, 0.30247368989495493)]
[(3, 0.35312159818851468), (6, 0.41499813666748542)]
[(3, 0.36414278034789688), (6, 0.31849186696748782)]
[(3, 0.55268323048556467), (4, 0.22044857428532549)]
[(3, 0.61470444131184721)]
[(3, 0.63196668931068267), (4, 0.35451441238193659)]
[(3, 0.30669180276062136), (6, 0.40745441301486368)]
[(6, 0.95842405196308222)]
[(2, 0.41655684018414552), (6, 0.29117220910962044)]
[(0, 0.71748227275936238)]
[(0, 0.36706797325684204), (4, 0.34341222021569806)]
[(4, 0.32580413413105186), (6, 0.42543301962590202)]
[(0, 0.39708180924607672), (6, 0.3804812376087412)]
[(0, 0.47989538189677972), (6, 0.31424179245548328)]
[(6, 0.66329355683725066)]
[(2, 0.27847898911562841), (6, 0.41594037103089621)]
[(2, 0.36146958919535205), (6, 0.27643621149828451)]
[(4, 0.58667583723625294)]
[(4, 0.58332945250073975), (6, 0.2809999008521642)]
[(4, 0.64466915391625135)]
[(5, 0.39032691624977212), (6, 0.30247373338724753)]
[(3, 0.3531263329452467), (6, 0.41499903880597799)]
[(3, 0.36414245067056356), (6, 0.31849165958857512)]
[(3, 0.55268003392633269), (4, 0.2204488208408717)]
[(3, 0.61470546040633067)]
[(3, 0.6319673053277296), (4, 0.35451424781627228)]
[(3, 0.30668776263216785), (6, 0.40745706102568202)]
[(6, 0.95840841169759783)]
[(2, 0.41655991001671311), (6, 0.29117538185831421)]
[(0, 0.71750239803864546)]
[(0, 0.367072276243258), (4, 0.34341139846176638)]
[(4, 0.32582150683197519), (6, 0.42543884662197207)]
[(0, 0.39708185471559426), (6, 0.38048127222141975)]
[(0, 0.47988940034762839), (6, 0.31424302882594146)]
[(6, 0.66329248465032564)]
[(2, 0.2785237528577662), (6, 0.41598506565492477)]
[(2, 0.3614678432490297), (6, 0.27643427222697092)]
[(4, 0.58668088827230258)]
[(4, 0.5833290307509249), (6, 0.28100017153178042)]
[(4, 0.64467057394579375)]
[(5, 0.39033056041710368), (6, 0.30247625585831672)]
[(3, 0.35312335814429746), (6, 0.4149984719386593)]
[(3, 0.36414243422195969), (6, 0.31849150274809684)]
[(3, 0.552659846614589), (4, 0.22045065359120727)]
[(3, 0.61470651797961595)]
[(3, 0.6319652148263416), (4, 0.3545165274966835)]
[(3, 0.30668979271379537), (6, 0.40746096248572011)]
[(6, 0.95842605174563023)]
[(2, 0.41655919435055394), (6, 0.2911746390159447)]
[(0, 0.71750400185170471)]
[(0, 0.36708190246814726), (4, 0.34340959253043424)]
[(4, 0.32579859273846085), (6, 0.42543245502248672)]
[(0, 0.39707734831778735), (6, 0.38047784160234033)]
[(0, 0.47989260834314729), (6, 0.31424234448179267)]
[(6, 0.66328886249752816)]
[(2, 0.27846764594125778), (6, 0.41592859613865163)]
[(2, 0.36146457505642282), (6, 0.27643447088044687)]
[(4, 0.58668034700064664)]
[(4, 0.58333004812868827), (6, 0.28099264891664283)]
[(4, 0.64467179584352674)]
[(5, 0.39032881072897935), (6, 0.30247664283327735)]
[(3, 0.35311855500837935), (6, 0.41499755726798931)]
[(3, 0.36414251475723258), (6, 0.31849167199358014)]
[(3, 0.55266399451451598), (4, 0.22045053483378663)]
[(3, 0.61470396447584441)]
[(3, 0.63196392275000024), (4, 0.35451726018413554)]
[(3, 0.30670085983634854), (6, 0.40745019104193742)]
[(6, 0.95842663383870874)]
[(2, 0.41655508371509548), (6, 0.29117033073865395)]
[(0, 0.71747692745471192)]
[(0, 0.36709865537199698), (4, 0.34340656079670434)]
[(4, 0.32580111131338813), (6, 0.4254340096801506)]
[(0, 0.39707750783115259), (6, 0.38047796304396281)]
[(0, 0.47990943996952773), (6, 0.31423786923267122)]
[(6, 0.66328966691983482)]
[(2, 0.27848238040105194), (6, 0.41594376256777554)]
[(2, 0.36146995372339974), (6, 0.2764346601243185)]
[(4, 0.58667655219584658)]
[(4, 0.58332910258866189), (6, 0.28099395502481478)]
[(4, 0.64467024268159057)]
[(5, 0.39032692573434419), (6, 0.30247225333332667)]
[(3, 0.35311993243614881), (6, 0.41499781945336073)]
[(3, 0.36414247133045924), (6, 0.31849120646623302)]
[(3, 0.55266600083814255), (4, 0.22045039384757742)]
[(3, 0.61470384872699912)]
[(3, 0.63194938284511537), (4, 0.35453160533197103)]
[(3, 0.30668395814037047), (6, 0.40745801031483692)]
[(6, 0.95842403672064858)]
[(2, 0.4165561767315254), (6, 0.29117149715070711)]
[(0, 0.71750133663085647)]
[(0, 0.36707431823845094), (4, 0.34341101160212595)]
[(4, 0.32581497055548575), (6, 0.42543713475360784)]
[(0, 0.39708461967091646), (6, 0.38048337689674927)]
[(0, 0.47990302422241909), (6, 0.31423984516230524)]
[(6, 0.66329293063835992)]
[(2, 0.27852844789166981), (6, 0.41598932882756545)]
[(2, 0.3614585022108916), (6, 0.27643234408555978)]
[(4, 0.58667678955734903)]
[(4, 0.58332960685285973), (6, 0.28100074540396192)]
[(4, 0.64466700540852651)]
[(5, 0.39032663620284941), (6, 0.30247237649300568)]
[(3, 0.35312057558614696), (6, 0.41499794193108064)]
[(3, 0.36414253640424959), (6, 0.31849143549017206)]
[(3, 0.55265154642759085), (4, 0.22045153089622782)]
[(3, 0.61470611697098598)]
[(3, 0.63196311402561312), (4, 0.35451881983179417)]
[(3, 0.30668045943645278), (6, 0.40746197412015334)]
[(6, 0.95842328372271812)]
[(2, 0.41655785263385092), (6, 0.29117328421861749)]
[(0, 0.71749267377723991)]
[(0, 0.36704917146639177), (4, 0.34341591253167092)]
[(4, 0.32580752478296127), (6, 0.42543454902543743)]
[(0, 0.39708471892666602), (6, 0.38048345244676779)]
[(0, 0.47990685875973077), (6, 0.31423886884795138)]
[(6, 0.66329109794339691)]
[(2, 0.2784721749190579), (6, 0.41593299735063405)]
[(2, 0.3614671488377334), (6, 0.27643535687567189)]
[(4, 0.58667467517027916)]
[(4, 0.58332932342837529), (6, 0.28099614256427619)]
[(4, 0.64466918173717203)]
[(5, 0.3903285154919357), (6, 0.30247118032683284)]
[(3, 0.35312600822700985), (6, 0.41499897690222332)]
[(3, 0.36414281454957803), (6, 0.31849210193296185)]
[(3, 0.55267395250487983), (4, 0.22044970666882424)]
[(3, 0.61470601394630053)]
[(3, 0.6319478648229403), (4, 0.35453378477973196)]
[(3, 0.30669059434145912), (6, 0.40745236634977261)]
[(6, 0.95842338362538226)]
[(2, 0.41655962561326393), (6, 0.29117507977293872)]
[(0, 0.71748791155275915)]
[(0, 0.36707999632945321), (4, 0.34340994652422668)]
[(4, 0.32581651501642395), (6, 0.42543801215769717)]
[(0, 0.39708089873561414), (6, 0.380480544493013)]
[(0, 0.4798942113135754), (6, 0.31424194674365541)]
[(6, 0.66328720664771734)]
[(2, 0.27851665072925763), (6, 0.41597754989135427)]
[(2, 0.36146399850063776), (6, 0.2764342697078272)]
[(4, 0.58667834174322475)]
[(4, 0.58332929484535734), (6, 0.28099968382356705)]
[(4, 0.64467010315502671)]
[(5, 0.39032799307938976), (6, 0.30247367155284505)]
[(3, 0.35312057626070681), (6, 0.41499794203770207)]
[(3, 0.36414218907823065), (6, 0.3184913926089748)]
[(3, 0.55266615852705736), (4, 0.22045029130190033)]
[(3, 0.61470789122263347)]
[(3, 0.63196625735243617), (4, 0.35451525556965469)]
[(3, 0.30669190099399007), (6, 0.40745570426420014)]
[(6, 0.95842571095665041)]
[(2, 0.41655924537040512), (6, 0.29117469719126532)]
[(0, 0.71752608553954322)]
[(0, 0.36702749126253575), (4, 0.34342036532046971)]
[(4, 0.32581612840381247), (6, 0.42543705335005061)]
[(0, 0.3970784080765995), (6, 0.38047864841334306)]
[(0, 0.47990485866596483), (6, 0.31423939261881317)]
[(6, 0.66329294714845033)]
[(2, 0.27850520208794249), (6, 0.41596621774996628)]
[(2, 0.36146513360014693), (6, 0.27643466440583336)]
[(4, 0.58668374687607305)]
[(4, 0.58332925004170499), (6, 0.2809970553401529)]
[(4, 0.64466986567248408)]
[(5, 0.39032636036247254), (6, 0.30247288573549935)]
[(3, 0.35312319219525196), (6, 0.41499844024682003)]
[(3, 0.36414264421549747), (6, 0.31849156181338117)]
[(3, 0.55266297232654427), (4, 0.22045066143446471)]
[(3, 0.61470293549066524)]
[(3, 0.63196311037165087), (4, 0.35451866607137394)]
[(3, 0.30668675282751784), (6, 0.40745754403366202)]
[(6, 0.95842723187954859)]
[(2, 0.4165583408915261), (6, 0.291173781027662)]
[(0, 0.71753450658133744)]
[(0, 0.36708870968406992), (4, 0.34340834322995517)]
[(4, 0.32580700006866348), (6, 0.42543442527383624)]
[(0, 0.3970818453845496), (6, 0.38048126511837116)]
[(0, 0.47989396419194075), (6, 0.3142420571418022)]
[(6, 0.66328781280261684)]
[(2, 0.27848053388392641), (6, 0.41594133942088957)]
[(2, 0.36146959227279596), (6, 0.27643621428600745)]
[(4, 0.58667705475233833)]
[(4, 0.58332898380256637), (6, 0.28099617892401985)]
[(4, 0.64466984510545833)]
[(5, 0.39032833143462514), (6, 0.30247507309152699)]
[(3, 0.3531213927946027), (6, 0.41499809751012945)]
[(3, 0.36413833882253427), (6, 0.31848698995376645)]
[(3, 0.55265763568131354), (4, 0.22045111874695861)]
[(3, 0.6147041077032368)]
[(3, 0.63196020280020582), (4, 0.35452162219539662)]
[(3, 0.30668671863513958), (6, 0.40745370674666159)]
[(6, 0.95842429023235798)]
[(2, 0.41655741419103914), (6, 0.29117281287563368)]
[(0, 0.71751702996052313)]
[(0, 0.36708779386046281), (4, 0.34340850993790711)]
[(4, 0.32581112949416852), (6, 0.42543765779564868)]
[(0, 0.39708237172417926), (6, 0.3804816657796174)]
[(0, 0.47990966896392545), (6, 0.3142381453566262)]
[(6, 0.66329195057385659)]
[(2, 0.27848408087887433), (6, 0.41594550232642735)]
[(2, 0.36146182357757739), (6, 0.276433513865806)]
[(4, 0.58668300935689244)]
[(4, 0.5833300625477541), (6, 0.28099060486583627)]
[(4, 0.64466899043712433)]
[(5, 0.39033085451546834), (6, 0.302473024138809)]
[(3, 0.35312294610521489), (6, 0.41499839337520444)]
[(3, 0.36414230215947008), (6, 0.31849129312171925)]
[(3, 0.55267192889434824), (4, 0.22044983515675259)]
[(3, 0.61470502041034003)]
[(3, 0.6319649807286305), (4, 0.35451676628026652)]
[(3, 0.30667836424954581), (6, 0.40745985845086669)]
[(6, 0.95842477315258456)]
[(2, 0.4165572985833364), (6, 0.29117271021603647)]
[(0, 0.71753701715251506)]
[(0, 0.36705755527184797), (4, 0.34341424596541303)]
[(4, 0.32581511623114601), (6, 0.42543648078127133)]
[(0, 0.39707600103271251), (6, 0.38047681585718751)]
[(0, 0.47989318831172545), (6, 0.3142421836068533)]
[(6, 0.66329341028127342)]
[(2, 0.27848370989210841), (6, 0.41594353067068462)]
[(2, 0.36145905122139477), (6, 0.27643254980163379)]
[(4, 0.58668249240781623)]
[(4, 0.58332951130098842), (6, 0.28099237775945735)]
[(4, 0.64467045757614283)]
[(5, 0.39032757820296154), (6, 0.30247057348525908)]
[(3, 0.35312727258664245), (6, 0.41499921795946426)]
[(3, 0.36414211800714757), (6, 0.31849177463595796)]
[(3, 0.55266823161481216), (4, 0.22045005006525578)]
[(3, 0.6147077292455746)]
[(3, 0.63197115113846614), (4, 0.35450950566956713)]
[(3, 0.3066957826506882), (6, 0.4074511936193087)]
[(6, 0.95842502905639304)]
[(2, 0.41655800689304801), (6, 0.29117341351802367)]
[(0, 0.71752956018378156)]
[(0, 0.36707295268499557), (4, 0.34341127008607908)]
[(4, 0.32580169752779925), (6, 0.42543313757713386)]
[(0, 0.39708341640402689), (6, 0.38048246099458793)]
[(0, 0.47990369334736954), (6, 0.31423949490183295)]
[(6, 0.66329097278085636)]
[(2, 0.27852890805106723), (6, 0.41598997241411623)]
[(2, 0.36147020243828909), (6, 0.27643642416065456)]
[(4, 0.58667731683947955)]
[(4, 0.58332896515015498), (6, 0.28099437611961964)]
[(4, 0.64466775725961412)]
[(5, 0.39032967637863636), (6, 0.30247108769840775)]
[(3, 0.35312747778176795), (6, 0.4149992570868335)]
[(3, 0.36414247579239806), (6, 0.31849121989272605)]
[(3, 0.55266897725585784), (4, 0.22045012029266081)]
[(3, 0.6147060834879009)]
[(3, 0.63196141535417849), (4, 0.35452057239588936)]
[(3, 0.30668970075688912), (6, 0.40746148457556253)]
[(6, 0.95842628759938009)]
[(2, 0.41655696490363281), (6, 0.29117219947863276)]
[(0, 0.71754348819478053)]
[(0, 0.36708136399093572), (4, 0.34340969234977348)]
[(4, 0.3257836238261822), (6, 0.42542763919296084)]
[(0, 0.39708490358488807), (6, 0.38048359300156775)]
[(0, 0.47991761221172069), (6, 0.31423565860668418)]
[(6, 0.66328903316663557)]
[(2, 0.27851352925105249), (6, 0.41597398614051678)]
[(2, 0.36146945993927138), (6, 0.27643616910852525)]
[(4, 0.58668286412713111)]
[(4, 0.5833295122542238), (6, 0.28099420513892021)]
[(4, 0.64466759872420132)]
[(5, 0.39032728612736262), (6, 0.30247235607870548)]
[(3, 0.35312704349701646), (6, 0.41499917428663957)]
[(3, 0.36413868269431365), (6, 0.31848826300639105)]
[(3, 0.55265067070489537), (4, 0.22045162934062462)]
[(3, 0.61470769119090429)]
[(3, 0.63196167227961164), (4, 0.35452032784648929)]
[(3, 0.30668962376998032), (6, 0.40746111300964671)]
[(6, 0.95842633217883055)]
[(2, 0.41655783549201753), (6, 0.29117328891757543)]
[(0, 0.71753170799864774)]
[(0, 0.36707020608425084), (4, 0.34341179270239297)]
[(4, 0.3258155428568198), (6, 0.42543791962973387)]
[(0, 0.39707939233407474), (6, 0.38047939772164285)]
[(0, 0.47989402433375755), (6, 0.31424200201027247)]
[(6, 0.66329054144339894)]
[(2, 0.27848865661483774), (6, 0.41595005450628492)]
[(2, 0.36146814438854669), (6, 0.27643570791805122)]
[(4, 0.58668216493028069)]
[(4, 0.58332961772612646), (6, 0.28099516041489531)]
[(4, 0.64466920551602569)]
[(5, 0.39032741499464513), (6, 0.30247430688416826)]
[(3, 0.35311989325252141), (6, 0.4149978120382935)]
[(3, 0.36413851601510072), (6, 0.31848760543220755)]
[(3, 0.55264681600828691), (4, 0.22045191995963578)]
[(3, 0.6147069461810547)]
[(3, 0.63196641021866073), (4, 0.35451520917983209)]
[(3, 0.30669327307643918), (6, 0.40745252345903343)]
[(6, 0.95842471378919103)]
[(2, 0.41655693452063869), (6, 0.29117231481007988)]
[(0, 0.71752056041388379)]
[(0, 0.3670544842946703), (4, 0.34341485271915423)]
[(4, 0.32580086250344614), (6, 0.42543222451014678)]
[(0, 0.39707660964672609), (6, 0.38047727922578228)]
[(0, 0.47992306932790918), (6, 0.31423411568500503)]
[(6, 0.66328875084988537)]
[(2, 0.27851039507048075), (6, 0.41597150129223465)]
[(2, 0.3614633223342657), (6, 0.27643403182524273)]
[(4, 0.58668184161518377)]
[(4, 0.5833289135011307), (6, 0.28099966279808392)]
[(4, 0.64466972877533912)]
[(5, 0.39032729712828146), (6, 0.30247427855297404)]
[(3, 0.35312067250654883), (6, 0.41499796039171843)]
[(3, 0.36414269883404238), (6, 0.31849244894726642)]
[(3, 0.5526573229721703), (4, 0.22045102417724385)]
[(3, 0.61470601444800055)]
[(3, 0.6319650127913653), (4, 0.35451631155708363)]
[(3, 0.3066771679740608), (6, 0.40746169448723152)]
[(6, 0.95842462714269316)]
[(2, 0.41655574243496424), (6, 0.29117105995607989)]
[(0, 0.71751490871702472)]
[(0, 0.36708169413676511), (4, 0.34340963113258116)]
[(4, 0.32581165695326969), (6, 0.42543533847767306)]
[(0, 0.39707908790524454), (6, 0.38047916596441345)]
[(0, 0.47989106795460257), (6, 0.31424267033083908)]
[(6, 0.66329153467297586)]
[(2, 0.27852258893309639), (6, 0.41598360637900167)]
[(2, 0.36146036548033988), (6, 0.27643298141548889)]
[(4, 0.58668234694969823)]
[(4, 0.58332945654374957), (6, 0.28099789053192192)]
[(4, 0.64466835081767049)]
[(5, 0.39032972879757616), (6, 0.30247773711563081)]
[(3, 0.35312351714987428), (6, 0.41499850218007311)]
[(3, 0.36414285568712446), (6, 0.31849165764132892)]
[(3, 0.55266688476542458), (4, 0.22045021886011559)]
[(3, 0.61470489019700469)]
[(3, 0.63196085134212998), (4, 0.35452111723518542)]
[(3, 0.30668446803997801), (6, 0.40745844162470646)]
[(6, 0.95842425609939019)]
[(2, 0.41655775174751392), (6, 0.29117317449649227)]
[(0, 0.71751486917265073)]
[(0, 0.36706596152767157), (4, 0.34341260742311047)]
[(4, 0.32580663756443501), (6, 0.42543431434812057)]
[(0, 0.39708292301198422), (6, 0.38048208542536233)]
[(0, 0.47991204459440778), (6, 0.31423720468460081)]
[(6, 0.6632917652164837)]
[(2, 0.2785289767368786), (6, 0.41599000485979015)]
[(2, 0.36146932830934214), (6, 0.27643612087954472)]
[(4, 0.58667792862605517)]
[(4, 0.58332964787341268), (6, 0.28099506550418746)]
[(4, 0.64466893668621128)]
[(5, 0.39032904694722692), (6, 0.30247275238928845)]
[(3, 0.35312350238769358), (6, 0.41499849936477118)]
[(3, 0.36414226842567154), (6, 0.31849140593363073)]
[(3, 0.55264978284421962), (4, 0.22045157401104942)]
[(3, 0.61470486043163974)]
[(3, 0.63196796796252075), (4, 0.35451338231443758)]
[(3, 0.30668473181254208), (6, 0.40746424896333938)]
[(6, 0.95842290917752548)]
[(2, 0.41655759757710936), (6, 0.29117302110680876)]
[(0, 0.7175276910302818)]
[(0, 0.36706713529099821), (4, 0.34341238127024071)]
[(4, 0.32580839143807899), (6, 0.42543507788242885)]
[(0, 0.39708462933430361), (6, 0.38048338425220246)]
[(0, 0.47991032318556937), (6, 0.31423778739744046)]
[(6, 0.66328930875017222)]
[(2, 0.27848763842575064), (6, 0.41594893401331562)]
[(2, 0.36145577108626464), (6, 0.27643140678058215)]
[(4, 0.58668134897095447)]
[(4, 0.58333019382976836), (6, 0.28100300573242804)]
[(4, 0.64466903011268928)]
[(5, 0.39033172838105706), (6, 0.30248070528592003)]
[(3, 0.35312486467652321), (6, 0.41499875897223548)]
[(3, 0.36413863840217781), (6, 0.31848772458844027)]
[(3, 0.55268032493835317), (4, 0.22044914756604966)]
[(3, 0.61470777144988675)]
[(3, 0.63196451775510831), (4, 0.3545169783341845)]
[(3, 0.30668601281591867), (6, 0.40746279076145353)]
[(6, 0.95842384216891618)]
[(2, 0.41655708740954228), (6, 0.29117248486410574)]
[(0, 0.71754296537715867)]
[(0, 0.36700863962087366), (4, 0.34342439526913399)]
[(4, 0.32581919318907188), (6, 0.42543897668659059)]
[(0, 0.39707392726810881), (6, 0.38047523693372975)]
[(0, 0.47990966299968213), (6, 0.3142381705493183)]
[(6, 0.66328841135875416)]
[(2, 0.27848228470014885), (6, 0.41594280766877367)]
[(2, 0.36146455223955887), (6, 0.2764344562470763)]
[(4, 0.58668123501109271)]
[(4, 0.58332977514281581), (6, 0.28099352967095886)]
[(4, 0.64466743973456531)]
[(5, 0.39033020076411412), (6, 0.30247481617895422)]
[(3, 0.35312728858427134), (6, 0.41499922101760861)]
[(3, 0.36414229068603754), (6, 0.31849154662745638)]
[(3, 0.55265830748724276), (4, 0.22045056261345503)]
[(3, 0.61470704032110857)]
[(3, 0.63196175222955286), (4, 0.3545202675631548)]
[(3, 0.30668538304060611), (6, 0.40745498928949597)]
[(6, 0.95842403515016328)]
[(2, 0.41655704264866394), (6, 0.2911724280961755)]
[(0, 0.71752516410408673)]
[(0, 0.36707255263577132), (4, 0.34341134598132422)]
[(4, 0.32581351412105819), (6, 0.42543709302899557)]
[(0, 0.3970797438551375), (6, 0.38047966532698663)]
[(0, 0.47989431303937069), (6, 0.31424195326982624)]
[(6, 0.66329045202484005)]
[(2, 0.27846046297971594), (6, 0.41592200750884722)]
[(2, 0.36145490346945119), (6, 0.27643110614496502)]
[(4, 0.58667465068146241)]
[(4, 0.58332951156418067), (6, 0.28100126229387123)]
[(4, 0.64467086500714776)]
[(5, 0.39033185526722952), (6, 0.30247598045537905)]
[(3, 0.35312456258279318), (6, 0.4149987013993085)]
[(3, 0.36414192784520116), (6, 0.31849087670821596)]
[(3, 0.55265283636134355), (4, 0.22045159582472376)]
[(3, 0.61470434784984362)]
[(1, 0.57040621170986072)]
