[(2, 0.57142854912866392)]
[(3, 0.70822558602909236), (4, 0.27471529889433605)]
[(3, 0.40242056026191203), (4, 0.39656445007546659)]
[(6, 0.7754556586201089)]
[(2, 0.52702991213092565)]
[(0, 0.56157821706578748)]
[(4, 0.33020137840943659), (6, 0.36485287255449367)]
[(0, 0.654220751196678), (6, 0.2578993921610207)]
[(0, 0.21017950653029543), (6, 0.52728930326029211)]
[(6, 0.51514399393455124)]
[(2, 0.41443796492329088), (6, 0.32092083765694901)]
[(0, 0.33762291355700708), (1, 0.22330453893116364), (2, 0.30569222407579683)]
[(2, 0.70626940374756197), (6, 0.24250398581476965)]
[(4, 0.52721416083384964)]
[(4, 0.63741746030483903)]
[(4, 0.59572913620276513), (6, 0.24162293889942582)]
[(4, 0.28853272247522516), (5, 0.31119791561064369)]
[(3, 0.30293541122978646), (6, 0.54700259232755077)]
[(2, 0.36323662701623194), (6, 0.33606504136993415)]
[(3, 0.54112935477453661), (6, 0.20988067625184689)]
[(3, 0.51114006358442476)]
[(3, 0.70819663945654876), (4, 0.27474426359922544)]
[(3, 0.40243854818739466), (4, 0.39656708207233698)]
[(6, 0.77545353217723412)]
[(2, 0.52713478019515547)]
[(0, 0.56157764319520076)]
[(4, 0.33020020836685854), (6, 0.36484665718715165)]
[(0, 0.65422808455435266), (6, 0.25792311366491055)]
[(0, 0.21018134861101578), (6, 0.52729061419650358)]
[(6, 0.51514769740760991)]
[(2, 0.41446291622167875), (6, 0.32091369589784635)]
[(0, 0.33769026053511164), (1, 0.22331543598799578), (2, 0.3056933201916599)]
[(2, 0.70626943655773333), (6, 0.24250398304188461)]
[(4, 0.52721482750088233)]
[(4, 0.6374169984243675)]
[(4, 0.59572066541031499), (6, 0.24160904402879824)]
[(4, 0.2885329200427173), (5, 0.31119747005866955)]
[(3, 0.30293042351254951), (6, 0.54698453752289433)]
[(2, 0.36323602961510393), (6, 0.33606108071849694)]
[(3, 0.54112949693136392), (6, 0.2098797931056324)]
[(3, 0.51113761115210143)]
[(3, 0.70820646903138695), (4, 0.27473443118547258)]
[(3, 0.40243470388741504), (4, 0.39656663677153592)]
[(6, 0.77545731855232691)]
[(2, 0.52711138904461619)]
[(0, 0.56157864806965829)]
[(4, 0.33020229628582981), (6, 0.36485321430754808)]
[(0, 0.65423125188527675), (6, 0.25793316911693276)]
[(0, 0.21020567347582081), (6, 0.52730790760627244)]
[(6, 0.51519959524223702)]
[(2, 0.41451168941343597), (6, 0.32052305683302051)]
[(0, 0.33766304280303877), (1, 0.22331037730570916), (2, 0.30569247338368977)]
[(2, 0.70626883825722619), (6, 0.24250403171950957)]
[(4, 0.52719716422326091)]
[(4, 0.63741796047995625)]
[(4, 0.5957286807929848), (6, 0.24162325331449014)]
[(4, 0.28853416213668182), (5, 0.31119807246879705)]
[(3, 0.30293515010386923), (6, 0.54701448194647473)]
[(2, 0.3632360644380912), (6, 0.33606132650084813)]
[(3, 0.54112912201144525), (6, 0.20988074116774938)]
[(3, 0.51112838776287084)]
[(3, 0.70822622120100287), (4, 0.27471466459242627)]
[(3, 0.40243923056776976), (4, 0.39656643382142359)]
[(6, 0.77545457727683309)]
[(2, 0.52710479088489703)]
[(0, 0.56157856517372307)]
[(4, 0.33020294269306527), (6, 0.3648537293555133)]
[(0, 0.65422568007455828), (6, 0.25791883286333583)]
[(0, 0.21019839863923423), (6, 0.52730273910354597)]
[(6, 0.51518334282858702)]
[(2, 0.41434584845735295), (6, 0.32081682930736699)]
[(0, 0.33950024981206595), (1, 0.22366464741405545), (2, 0.30575652112718593)]
[(2, 0.70624909352732934), (6, 0.24250463534815286)]
[(4, 0.52721442056729273)]
[(4, 0.63741798915406545)]
[(4, 0.59572575103829228), (6, 0.24160089236823484)]
[(4, 0.28853397924075919), (5, 0.31119760396609364)]
[(3, 0.30293532438725551), (6, 0.54701809169940341)]
[(2, 0.36323587164235238), (6, 0.33605993017876523)]
[(3, 0.54113064226079988), (6, 0.2098805477359694)]
[(3, 0.51114289135812274)]
[(3, 0.70819283645486397), (4, 0.27474806719985601)]
[(3, 0.40243886252748845), (4, 0.39656818459769927)]
[(6, 0.77545351963748888)]
[(2, 0.52706914156222995)]
[(0, 0.56157470255457209)]
[(4, 0.33020166557080505), (6, 0.36485249951277648)]
[(0, 0.65422746725145786), (6, 0.2579223845729296)]
[(0, 0.21018345069755007), (6, 0.52729210993884801)]
[(6, 0.5151554655732361)]
[(2, 0.41442373613807804), (6, 0.32086554476900414)]
[(0, 0.33762484728464581), (1, 0.22330351004848692), (2, 0.30569144404075438)]
[(2, 0.70626832609969681), (6, 0.24250407049003914)]
[(4, 0.52722135763069755)]
[(4, 0.63741773073676833)]
[(4, 0.59573112598998301), (6, 0.24162258199654119)]
[(4, 0.28853290167389817), (5, 0.31119798327627435)]
[(3, 0.3029357336094709), (6, 0.54699903861709687)]
[(2, 0.36323547595187589), (6, 0.33605661603210929)]
[(3, 0.54112943058744478), (6, 0.20988048594906009)]
[(3, 0.51114009331044696)]
[(3, 0.7081935944086426), (4, 0.27474730917681278)]
[(3, 0.40243932049209646), (4, 0.39656630838750756)]
[(6, 0.77545634037068056)]
[(2, 0.52718663009439637)]
[(0, 0.56157416821321926)]
[(4, 0.33020176260350043), (6, 0.36485337443114385)]
[(0, 0.65422724297767276), (6, 0.25792155999465199)]
[(0, 0.21018569675452664), (6, 0.52729370785291596)]
[(6, 0.51517454676139107)]
[(2, 0.41489777145941331), (6, 0.32035005373208325)]
[(0, 0.33770972488756423), (1, 0.22331877380138776), (2, 0.30569374671272892)]
[(2, 0.70625352653091966), (6, 0.24250460211544225)]
[(4, 0.52720124281911673)]
[(4, 0.6374177428552521)]
[(4, 0.59572217766429481), (6, 0.24160480632663955)]
[(4, 0.28853301423920591), (5, 0.31119767882057287)]
[(3, 0.30293554729414351), (6, 0.54701799690936392)]
[(2, 0.36323636760954248), (6, 0.3360633776803113)]
[(3, 0.54113018904005128), (6, 0.20987891169751682)]
[(3, 0.51114481360915853)]
[(3, 0.7082161200410676), (4, 0.27472477485786695)]
[(3, 0.40243672227047184), (4, 0.39656738690246318)]
[(6, 0.77545596217348223)]
[(2, 0.52718711755149383)]
[(0, 0.5615795841331398)]
[(4, 0.33020156377066456), (6, 0.36485348230740516)]
[(0, 0.65422345471689769), (6, 0.25791209219475164)]
[(0, 0.21018175834655556), (6, 0.52729090576356286)]
[(6, 0.51513446665497786)]
[(2, 0.41443451079301802), (6, 0.32089749463758405)]
[(0, 0.33938850367769474), (1, 0.22370086902574798), (2, 0.30577575921458366)]
[(2, 0.70626875782076037), (6, 0.24250403797593298)]
[(4, 0.52720415740833593)]
[(4, 0.63741741616196312)]
[(4, 0.59572137435972317), (6, 0.24160257566761364)]
[(4, 0.28853347139159968), (5, 0.31119764468901751)]
[(3, 0.30293792795614988), (6, 0.54700328136776244)]
[(2, 0.36323579714958326), (6, 0.33605936306940948)]
[(3, 0.5411296336894772), (6, 0.20987907048318283)]
[(3, 0.51114208912005388)]
[(3, 0.70821842223280218), (4, 0.27472247067114475)]
[(3, 0.40242850972078664), (4, 0.39656489007213003)]
[(6, 0.77545300561184383)]
[(2, 0.52710875700239779)]
[(0, 0.56157763914159531)]
[(4, 0.33020077364701983), (6, 0.36485278650530878)]
[(0, 0.65422067487173075), (6, 0.25789948052912942)]
[(0, 0.21019064069886598), (6, 0.52729722414208735)]
[(6, 0.51517070352600125)]
[(2, 0.41445111388201289), (6, 0.32091563928511946)]
[(0, 0.3379791024047693), (1, 0.22340294770404254), (2, 0.30572139555157046)]
[(2, 0.7062691757909606), (6, 0.24250400473865438)]
[(4, 0.52721435486554391)]
[(4, 0.63741774722989786)]
[(4, 0.59573019260695681), (6, 0.24162038065209768)]
[(4, 0.28853278695052265), (5, 0.31119805922244309)]
[(3, 0.30292759192139684), (6, 0.54698818709774977)]
[(2, 0.36323560089172391), (6, 0.33605776083005218)]
[(3, 0.54112920784083973), (6, 0.20987989510507557)]
[(3, 0.51114441793861698)]
[(3, 0.70822430854121932), (4, 0.27471657909411279)]
[(3, 0.40242585851983659), (4, 0.39656216984059339)]
[(6, 0.7754522091699616)]
[(2, 0.52711591149051584)]
[(0, 0.56157848689636347)]
[(4, 0.33019998765787534), (6, 0.36485356115628059)]
[(0, 0.6542205111177084), (6, 0.2578970241072468)]
[(0, 0.21021084279606111), (6, 0.52731157843513943)]
[(6, 0.51521841969319415)]
[(2, 0.41445711791008627), (6, 0.32088817373890705)]
[(0, 0.3385758852386197), (1, 0.22355002170007604), (2, 0.30575250230295342)]
[(2, 0.70626852548726049), (6, 0.24250405569158426)]
[(4, 0.52721017861185904)]
[(4, 0.63741743392248595)]
[(4, 0.59571793141918938), (6, 0.2415995827278094)]
[(4, 0.28853347951378894), (5, 0.3111978583938399)]
[(3, 0.30293600244152213), (6, 0.54700652165553632)]
[(2, 0.36323594991264413), (6, 0.33606050811014554)]
[(3, 0.54113091661449486), (6, 0.20987846613044303)]
[(3, 0.51113973961510961)]
[(3, 0.70820437281438764), (4, 0.27473652791668207)]
[(3, 0.40242530032523505), (4, 0.39656814237074073)]
[(6, 0.77545771389166063)]
[(2, 0.52708402163476575)]
[(0, 0.56157455011008417)]
[(4, 0.33020190804533961), (6, 0.36485194231767243)]
[(0, 0.65422272621622213), (6, 0.25790994283671231)]
[(0, 0.21021749440567286), (6, 0.52731629968647764)]
[(6, 0.51516893638010053)]
[(2, 0.41446001942088601), (6, 0.32091007362554025)]
[(0, 0.33770699684215733), (1, 0.2233200692054074), (2, 0.30569478759245688)]
[(2, 0.70626924292320425), (6, 0.24250399922656415)]
[(4, 0.52722044576974181)]
[(4, 0.63741678051473261)]
[(4, 0.59572984024038023), (6, 0.24161880376578049)]
[(4, 0.28853328088634239), (5, 0.31119803575625471)]
[(3, 0.30293307223318927), (6, 0.54701618299645394)]
[(2, 0.36323533633329169), (6, 0.33605511070255745)]
[(3, 0.54113095802777478), (6, 0.20987926602836848)]
[(3, 0.51113805799026979)]
[(3, 0.70819833649395847), (4, 0.27474256615136944)]
[(3, 0.4024221588808114), (4, 0.39656401620263382)]
[(6, 0.77545612653907781)]
[(2, 0.52709399332284335)]
[(0, 0.56158003241856824)]
[(4, 0.33020081718853), (6, 0.36485125352543041)]
[(0, 0.65422727743156073), (6, 0.25792265246054347)]
[(0, 0.21019395905319901), (6, 0.52729958350065409)]
[(6, 0.51517132262076537)]
[(2, 0.414467830626426), (6, 0.32090434698193654)]
[(0, 0.33762069995971139), (1, 0.22330373613452245), (2, 0.3056920521457796)]
[(2, 0.70626897590737092), (6, 0.24250402086078507)]
[(4, 0.52720454260159955)]
[(4, 0.63741807466357603)]
[(4, 0.59572446046220062), (6, 0.24161542495315205)]
[(4, 0.28853389468319712), (5, 0.31119751819239921)]
[(3, 0.30292780218770982), (6, 0.54698329295944659)]
[(2, 0.36323711192508107), (6, 0.33606801376269174)]
[(3, 0.54113064366439068), (6, 0.20987945010213138)]
[(3, 0.51113995938987511)]
[(3, 0.70820947329574557), (4, 0.27473142550653273)]
[(3, 0.40243793045199944), (4, 0.39656661611658706)]
[(6, 0.77547176084151692)]
[(2, 0.52711555634651097)]
[(0, 0.56157940608758616)]
[(4, 0.33020239567165438), (6, 0.36485396032445128)]
[(0, 0.65422696624401966), (6, 0.25792041815487621)]
[(0, 0.21019251807783826), (6, 0.52729855903838208)]
[(6, 0.51519577254682303)]
[(2, 0.41444492034248692), (6, 0.32088863702872755)]
[(0, 0.33768718117679863), (1, 0.22331482672600064), (2, 0.30569321476219319)]
[(2, 0.70626820269966684), (6, 0.24250407946877933)]
[(4, 0.52719719772334772)]
[(4, 0.63741777935756316)]
[(4, 0.59572754369775593), (6, 0.24161749565007029)]
[(4, 0.28853356736481478), (5, 0.31119814109261751)]
[(3, 0.3029365153478335), (6, 0.54700016774241356)]
[(2, 0.36323666831132484), (6, 0.33606530024420028)]
[(3, 0.54112951254240338), (6, 0.20987735602769589)]
[(3, 0.51115266906845425)]
[(3, 0.70820887333679083), (4, 0.27473202625291387)]
[(3, 0.40242613219479206), (4, 0.39656547575846501)]
[(6, 0.77545108211230718)]
[(2, 0.52709929041569492)]
[(0, 0.56157685815632352)]
[(4, 0.33020063579165582), (6, 0.36485173085776468)]
[(0, 0.6542231213374553), (6, 0.25791126353061566)]
[(0, 0.21018580735506623), (6, 0.52729378653032166)]
[(6, 0.51512503204709637)]
[(2, 0.41437457068116473), (6, 0.320828498821779)]
[(0, 0.33762550814909004), (1, 0.22330343479580497), (2, 0.30569133537866205)]
[(2, 0.70626911426343086), (6, 0.24250400974703856)]
[(4, 0.52720587981897404)]
[(4, 0.63741789850098152)]
[(4, 0.59573108006690967), (6, 0.24161923820313064)]
[(4, 0.28853228857961299), (5, 0.31119768490191124)]
[(3, 0.30293704772543012), (6, 0.54698519933462642)]
[(2, 0.36323574750746851), (6, 0.33605897429479137)]
[(3, 0.54113137550404811), (6, 0.20987844026667923)]
[(3, 0.51112910168267167)]
[(3, 0.70820475219713086), (4, 0.27473614875174124)]
[(3, 0.40243602385374694), (4, 0.39656742164953723)]
[(6, 0.7754539948285919)]
[(2, 0.52713405986266193)]
[(0, 0.56157609421674715)]
[(4, 0.3302037506667389), (6, 0.36485364779121143)]
[(0, 0.65422724075919125), (6, 0.25792363646745392)]
[(0, 0.21017976705634125), (6, 0.5272894886778241)]
[(6, 0.51519457295267557)]
[(2, 0.41446396772690269), (6, 0.32090729874301543)]
[(0, 0.33761737221054727), (1, 0.22330229781322725), (2, 0.30569133446826846)]
[(2, 0.70626939505142849), (6, 0.24250398654759039)]
[(4, 0.52721739917598665)]
[(4, 0.63741799388645715)]
[(4, 0.59573140599015928), (6, 0.2416196601713429)]
[(4, 0.28853181088095786), (5, 0.31119715148015814)]
[(3, 0.30293508959953852), (6, 0.54701788099610815)]
[(2, 0.36323589412546381), (6, 0.33606009792665292)]
[(3, 0.54113032237441405), (6, 0.20987977911194891)]
[(3, 0.51113890133186723)]
[(3, 0.70821524294179239), (4, 0.27472565280415223)]
[(3, 0.4024401318389465), (4, 0.39656591218503312)]
[(6, 0.77545389410733845)]
[(2, 0.52708535300212134)]
[(0, 0.56157811396576773)]
[(4, 0.33020133575885952), (6, 0.36485360185946669)]
[(0, 0.65422672365066648), (6, 0.2579255969395291)]
[(0, 0.2101912069806588), (6, 0.52729762681309866)]
[(6, 0.51513792887662491)]
[(2, 0.4144772064525799), (6, 0.32089985924128361)]
[(0, 0.33762317441203371), (1, 0.2233029424156121), (2, 0.30569122035985596)]
[(2, 0.70626847953046312), (6, 0.24250405913497142)]
[(4, 0.52721723431966705)]
[(4, 0.63741753429665471)]
[(4, 0.59572589474043969), (6, 0.24161335063556258)]
[(4, 0.28853266939296551), (5, 0.31119819492764822)]
[(3, 0.30293544842632852), (6, 0.54701346508035953)]
[(2, 0.36323531386045321), (6, 0.33605482786272473)]
[(3, 0.54112795906761557), (6, 0.20988196900171274)]
[(3, 0.51114776415673802)]
[(3, 0.70820221015143436), (4, 0.27473869169944054)]
[(3, 0.40243994753142531), (4, 0.39656592201665958)]
[(6, 0.7754549138706629)]
[(2, 0.52708587552724784)]
[(0, 0.56157695494128113)]
[(4, 0.33020101974230237), (6, 0.36484828426913518)]
[(0, 0.65422500474990375), (6, 0.25791633309815665)]
[(0, 0.21021227328528952), (6, 0.52731259399015085)]
[(6, 0.51515418008551073)]
[(2, 0.41444310016980229), (6, 0.32090797882672589)]
[(0, 0.33766512213124095), (1, 0.22331416119128528), (2, 0.30569432472210262)]
[(2, 0.70626804282052535), (6, 0.24250409090398289)]
[(4, 0.5272246246964708)]
[(4, 0.637418146389371)]
[(4, 0.59572309670734069), (6, 0.24160756439172265)]
[(4, 0.28853302415715687), (5, 0.31119787820628042)]
[(3, 0.30294050646909637), (6, 0.54701441514775884)]
[(2, 0.36323546262358075), (6, 0.3360564854540366)]
[(3, 0.54112975349116454), (6, 0.20988023015848187)]
[(3, 0.51113547269002768)]
[(3, 0.70821802146727408), (4, 0.27472287173978271)]
[(3, 0.40243927690488501), (4, 0.39656643589283291)]
[(6, 0.7754633878694277)]
[(2, 0.5270997398896683)]
[(0, 0.56157594210642103)]
[(4, 0.33020127431498458), (6, 0.36485227245808344)]
[(0, 0.65422510363318354), (6, 0.25791799140735644)]
[(0, 0.21018724359509192), (6, 0.52729480816033014)]
[(6, 0.51524650945137906)]
[(2, 0.4143969736492103), (6, 0.32080042212093479)]
[(0, 0.33771737913084809), (1, 0.22333030626165909), (2, 0.30569969336714981)]
[(2, 0.706269043496773), (6, 0.2425040154569206)]
[(4, 0.52719802792726622)]
[(4, 0.63741730761240345)]
[(4, 0.59572970210200249), (6, 0.24162361201926008)]
[(4, 0.28853307785532722), (5, 0.31119819021078454)]
[(3, 0.30293619829167939), (6, 0.54701429871950236)]
[(2, 0.36323555021176746), (6, 0.33605731194191846)]
[(3, 0.54113099191043912), (6, 0.20987743784655705)]
[(3, 0.51113697182643503)]
[(3, 0.70820832475505258), (4, 0.27473257484357089)]
[(3, 0.40243861719387303), (4, 0.39656746109876989)]
[(6, 0.77545543165171982)]
[(2, 0.5271579970274376)]
[(0, 0.56157616227276452)]
[(4, 0.33020123826022735), (6, 0.36485289794805514)]
[(0, 0.6542276524074816), (6, 0.25792266898824662)]
[(0, 0.21018031958476888), (6, 0.52728988190228521)]
[(6, 0.51518100064573313)]
[(2, 0.41439940035841111), (6, 0.32087465128214537)]
[(0, 0.3376739269819759), (1, 0.22331269962214451), (2, 0.30569303949229565)]
[(2, 0.7062680357993949), (6, 0.24250409140114518)]
[(4, 0.52721638700222462)]
[(4, 0.63741674082189836)]
[(4, 0.59572916338795923), (6, 0.24161783652751276)]
[(4, 0.28853340415442202), (5, 0.31119800395321351)]
[(3, 0.30293616408400947), (6, 0.54699034162629123)]
[(2, 0.36323585368052413), (6, 0.3360597950699436)]
[(3, 0.54113028998217938), (6, 0.20987744737705719)]
[(3, 0.51113842734295634)]
[(3, 0.70819944066314355), (4, 0.27474146185637494)]
[(3, 0.4024185451431162), (4, 0.39656581621301018)]
[(6, 0.77545037287593421)]
[(2, 0.52709276458311738)]
[(0, 0.56157792939696949)]
[(4, 0.33020119950648863), (6, 0.36484807076014619)]
[(0, 0.65423280994838984), (6, 0.25793441932437849)]
[(0, 0.21018757939698068), (6, 0.52729504700731811)]
[(6, 0.51517167131655994)]
[(2, 0.41446018891639663), (6, 0.32091608813375017)]
[(0, 0.33762333044667664), (1, 0.22330744940246675), (2, 0.30569381461440009)]
[(2, 0.70626896556001595), (6, 0.24250402168384141)]
[(4, 0.52720676580056292)]
[(4, 0.63741799400492005)]
[(4, 0.59572879487167552), (6, 0.24162273017917091)]
[(4, 0.28853269967097578), (5, 0.31119780191483404)]
[(3, 0.3029365777354851), (6, 0.54700182186079405)]
[(2, 0.36323562465075893), (6, 0.33605796533082061)]
[(3, 0.54112845649946373), (6, 0.20988089349612227)]
[(3, 0.51114211671691367)]
[(3, 0.7081976758002354), (4, 0.27474322706858334)]
[(3, 0.40243911123216114), (4, 0.39656596398561916)]
[(6, 0.77545472415358718)]
[(2, 0.52712189716771463)]
[(0, 0.56157900635818125)]
[(4, 0.33020174107668077), (6, 0.36485373616077654)]
[(0, 0.65422174877276729), (6, 0.25790360711519905)]
[(0, 0.21018465239710901), (6, 0.52729296489968003)]
[(6, 0.51518772754515096)]
[(2, 0.41430842048272143), (6, 0.32072082311212352)]
[(0, 0.33772298462109707), (1, 0.22332132478080363), (2, 0.30569421839291916)]
[(2, 0.70626840027051996), (6, 0.24250406502766789)]
[(4, 0.52721552512463843)]
[(4, 0.63741784295342141)]
[(4, 0.5957305018793182), (6, 0.24161743867297419)]
[(4, 0.2885340320451652), (5, 0.31119780152293325)]
[(3, 0.30293444256575713), (6, 0.54701477163454715)]
[(2, 0.36323528241055947), (6, 0.33605439861101633)]
[(3, 0.54112995283980181), (6, 0.2098770113062384)]
[(3, 0.51113711963023467)]
[(3, 0.70821566483577458), (4, 0.27472523012939581)]
[(3, 0.40243934019597566), (4, 0.39656680069311362)]
[(6, 0.77545599302154711)]
[(2, 0.52717117309470141)]
[(0, 0.56157608310135587)]
[(4, 0.33020081313832184), (6, 0.36485225844708546)]
[(0, 0.65422950819420977), (6, 0.2579289672607093)]
[(0, 0.21020302651145215), (6, 0.52730602737524301)]
[(6, 0.51515878679817617)]
[(2, 0.41435363846376772), (6, 0.3208315026008467)]
[(0, 0.33772006332284987), (1, 0.22332067772166353), (2, 0.30569405730696031)]
[(2, 0.70624546011444567), (6, 0.24250463529160912)]
[(4, 0.52720474157946728)]
[(4, 0.63741768189803694)]
[(4, 0.59572484458025421), (6, 0.24160613952877691)]
[(4, 0.28853361284647311), (5, 0.31119786977054886)]
[(3, 0.30293559993365765), (6, 0.54701896043781151)]
[(2, 0.36323568651122234), (6, 0.33605848261411242)]
[(3, 0.54113031349253737), (6, 0.20988034086947002)]
[(3, 0.51114591983722202)]
[(3, 0.7082037615331318), (4, 0.27473713972726471)]
[(3, 0.40243997634016132), (4, 0.39656619756936928)]
[(6, 0.77545064705831956)]
[(2, 0.52707508555907001)]
[(0, 0.56157550139451162)]
[(4, 0.33020219287657637), (6, 0.36485329204137706)]
[(0, 0.65422471179776143), (6, 0.25791863485569377)]
[(0, 0.21018872083285228), (6, 0.5272958588336939)]
[(6, 0.51517345965543637)]
[(2, 0.4144445065334183), (6, 0.32092562770687177)]
[(0, 0.33763034763468358), (1, 0.223304582417991), (2, 0.30569164629929574)]
[(2, 0.70625100248249384), (6, 0.24250462588849425)]
[(4, 0.52719761867295378)]
[(4, 0.63741693237431885)]
[(4, 0.5957212801141416), (6, 0.24160548234810775)]
[(4, 0.28853283984728489), (5, 0.31119774552965962)]
[(3, 0.30293706768431294), (6, 0.5469985600451055)]
[(2, 0.36323637142640947), (6, 0.33606340267213436)]
[(3, 0.54113105019895213), (6, 0.2098805472440643)]
[(3, 0.51115254080776251)]
[(3, 0.70821814825136475), (4, 0.2747227455601392)]
[(3, 0.40242627121401375), (4, 0.3965663930042681)]
[(6, 0.77545215898010622)]
[(2, 0.52713504418203838)]
[(0, 0.56158071157171563)]
[(4, 0.3302006589503918), (6, 0.36485229099119565)]
[(0, 0.65422358971117101), (6, 0.25791392861596651)]
[(0, 0.21018393881084665), (6, 0.52729245722144935)]
[(6, 0.51514784174993433)]
[(2, 0.41455883463768289), (6, 0.32052498788528239)]
[(0, 0.33761428148539269), (1, 0.22330156758096598), (2, 0.30569112702572065)]
[(2, 0.70625007914909987), (6, 0.24250463133331235)]
[(4, 0.52722058002412375)]
[(4, 0.63741766753078555)]
[(4, 0.59572811348156041), (6, 0.24161846774668366)]
[(4, 0.28853331684398165), (5, 0.31119784459358024)]
[(3, 0.30293676574959183), (6, 0.54698189113195139)]
[(2, 0.36323590832882074), (6, 0.33606020315733931)]
[(3, 0.54113081854507716), (6, 0.20988104787901915)]
[(3, 0.51113621988865088)]
[(3, 0.70819509421310378), (4, 0.27474580923439257)]
[(3, 0.40241910581570356), (4, 0.39656748709268663)]
[(6, 0.77545170490277082)]
[(2, 0.52709623758952029)]
[(0, 0.56157589550768283)]
[(4, 0.33020324617546637), (6, 0.36485425241693048)]
[(0, 0.65422734296649243), (6, 0.25792201640782852)]
[(0, 0.21018135308307853), (6, 0.52729061737886584)]
[(6, 0.51513678896151394)]
[(2, 0.41438859692283631), (6, 0.32083681795065977)]
[(0, 0.33768887861377489), (1, 0.22331571150298846), (2, 0.30569362150653262)]
[(2, 0.70626917283325763), (6, 0.24250400498035982)]
[(4, 0.52719178865173921)]
[(4, 0.63741744161225344)]
[(4, 0.59573123477577383), (6, 0.24161891580353337)]
[(4, 0.28853369913821947), (5, 0.31119814897250253)]
[(3, 0.30293597758058455), (6, 0.54701575334327146)]
[(2, 0.36323549490582663), (6, 0.3360567986669406)]
[(3, 0.54112826886190757), (6, 0.2098805655061462)]
[(3, 0.51113928718706303)]
[(3, 0.70819747728594062), (4, 0.27474342569040228)]
[(3, 0.40243936638262617), (4, 0.39656682255062886)]
[(6, 0.7754548142310157)]
[(2, 0.52721438768912343)]
[(0, 0.56157633507880145)]
[(4, 0.33020427840158234), (6, 0.36485447879201388)]
[(0, 0.65422466235813759), (6, 0.2579177837541709)]
[(0, 0.21019740056654257), (6, 0.52730202978098373)]
[(6, 0.51521874951886426)]
[(2, 0.41453067130986887), (6, 0.32059506426464129)]
[(0, 0.33855012055245359), (1, 0.22361746504234967), (2, 0.30576771735535618)]
[(2, 0.70624704123361071), (6, 0.242504638073856)]
[(4, 0.52721232992787304)]
[(4, 0.63741807280519525)]
[(4, 0.59572200914896889), (6, 0.24160041496828591)]
[(4, 0.28853363154454836), (5, 0.31119793133292395)]
[(3, 0.30293648541644552), (6, 0.54699267636977644)]
[(2, 0.36323568505522541), (6, 0.33605847068995076)]
[(3, 0.54113109156030981), (6, 0.2098801408739592)]
[(3, 0.51114636064938712)]
[(3, 0.70820321926876562), (4, 0.27473768228391415)]
[(3, 0.40243879951797668), (4, 0.39656648402697858)]
[(6, 0.77547578829942254)]
[(2, 0.52712578783882702)]
[(0, 0.56158233794122192)]
[(4, 0.33020103350507041), (6, 0.36485276544689216)]
[(0, 0.65422997389020243), (6, 0.25793127573019181)]
[(0, 0.21020855503957622), (6, 0.52730995404004843)]
[(6, 0.51515158058528077)]
[(2, 0.4144672493749797), (6, 0.32090257243115095)]
[(0, 0.33774742854283873), (1, 0.22333260246929545), (2, 0.3056993602809)]
[(2, 0.70626851237651556), (6, 0.24250405667593974)]
[(4, 0.52720577703476301)]
[(4, 0.63741668259709428)]
[(4, 0.59572740593895546), (6, 0.2416171056968712)]
[(4, 0.28853277673658478), (5, 0.3111981366845471)]
[(3, 0.30293606024366226), (6, 0.54699205782771887)]
[(2, 0.36323603625666057), (6, 0.33606112976543856)]
[(3, 0.54112859352858889), (6, 0.20987785814622059)]
[(3, 0.51114034579932921)]
[(3, 0.70820661130571982), (4, 0.27473428892931878)]
[(3, 0.40243743100353135), (4, 0.39656741200237589)]
[(6, 0.77545465597385344)]
[(2, 0.52714620328874695)]
[(0, 0.56157799345376958)]
[(4, 0.33020002019516004), (6, 0.36485172298208468)]
[(0, 0.65422501981098835), (6, 0.25791609022364287)]
[(0, 0.21019736889730881), (6, 0.52730200727299992)]
[(6, 0.51520165911320581)]
[(2, 0.41445732554460202), (6, 0.32091669113472787)]
[(0, 0.33770841190602136), (1, 0.22332068385263068), (2, 0.3056950771401884)]
[(2, 0.70626857163042089), (6, 0.2425040522142933)]
[(4, 0.52719926699585518)]
[(4, 0.63741658638672249)]
[(4, 0.59572138592845669), (6, 0.24160467562256671)]
[(4, 0.28853258497906215), (5, 0.31119723994940446)]
[(3, 0.30293619385042986), (6, 0.54699476834915384)]
[(2, 0.36323584802837749), (6, 0.33605975234658531)]
[(3, 0.54113083810877782), (6, 0.20988200668035392)]
[(3, 0.5111425792359876)]
[(3, 0.70820456939527632), (4, 0.27473633163085198)]
[(3, 0.40242485120066729), (4, 0.39656572627175807)]
[(6, 0.77545585090382063)]
[(2, 0.52707903531889111)]
[(0, 0.56157616424916879)]
[(4, 0.33019920891448362), (6, 0.36485186614749399)]
[(0, 0.6542234558265454), (6, 0.25791514801774434)]
[(0, 0.21017990815966439), (6, 0.52728958910010892)]
[(6, 0.51514224896302174)]
[(2, 0.41446005940932429), (6, 0.32090340422612296)]
[(0, 0.33766359631229464), (1, 0.22331042163015605), (2, 0.30569245345280055)]
[(2, 0.70626935165524574), (6, 0.24250399019143073)]
[(4, 0.52722655131595664)]
[(4, 0.63741733411534052)]
[(4, 0.59571930151523134), (6, 0.24160943922380734)]
[(4, 0.28853410868693458), (5, 0.31119834209592351)]
[(3, 0.3029369879292797), (6, 0.54698108419216551)]
[(2, 0.36323582666310389), (6, 0.33605958993687313)]
[(3, 0.54112987998636763), (6, 0.20987801191729477)]
[(3, 0.51114516039654678)]
[(3, 0.70821817305075396), (4, 0.27472272100573064)]
[(3, 0.40243996148800509), (4, 0.39656634702549737)]
[(6, 0.77545328195922425)]
[(2, 0.52709652910249993)]
[(0, 0.5615775908013324)]
[(4, 0.33020014270000692), (6, 0.36484668251000557)]
[(0, 0.65422827306313336), (6, 0.25792522362441878)]
[(0, 0.21017869969890973), (6, 0.52728872901098467)]
[(6, 0.51515910266067066)]
[(2, 0.41466247532812711), (6, 0.32047355669717059)]
[(0, 0.33773478011267977), (1, 0.22332411108203512), (2, 0.30569492896411826)]
[(2, 0.70624588762178619), (6, 0.24250463644601253)]
[(4, 0.52721907111625133)]
[(4, 0.63741664616289195)]
[(4, 0.59572192149033243), (6, 0.24160457358236562)]
[(4, 0.2885324655114811), (5, 0.31119748479414316)]
[(3, 0.30293622269906467), (6, 0.54700786039294313)]
[(2, 0.36323588071299329), (6, 0.33605999803583991)]
[(3, 0.54112867489966066), (6, 0.20987986300843042)]
[(3, 0.51114293076903838)]
[(3, 0.708193622169218), (4, 0.27474728143919164)]
[(3, 0.40241905477515677), (4, 0.39656950231463145)]
[(6, 0.77545517300367572)]
[(2, 0.52718090421057484)]
[(0, 0.5615781079034281)]
[(4, 0.33020208984880889), (6, 0.36484657656203395)]
[(0, 0.65422628284197426), (6, 0.25792466137373399)]
[(0, 0.21019198854334792), (6, 0.52729818253661476)]
[(6, 0.51514158137187716)]
[(2, 0.41442234018108892), (6, 0.32087841538710427)]
[(0, 0.33763039934822797), (1, 0.22330438197415495), (2, 0.30569150451321114)]
[(2, 0.70626884848872418), (6, 0.24250403091904013)]
[(4, 0.52721016829045286)]
[(4, 0.63741760072735243)]
[(4, 0.59572595018177354), (6, 0.24161512383930539)]
[(4, 0.28853293074000913), (5, 0.31119826557027847)]
[(3, 0.30293552107221067), (6, 0.54699803376185074)]
[(2, 0.36323600589645783), (6, 0.33606091184338432)]
[(3, 0.54112507229395679), (6, 0.20987138507884553)]
[(3, 0.51114286995252445)]
[(3, 0.70820694262409745), (4, 0.27473395721063015)]
[(3, 0.40243716468311486), (4, 0.39656664123459001)]
[(6, 0.77545482753072126)]
[(2, 0.52708363757190979)]
[(0, 0.56158106885702719)]
[(4, 0.33020020794978133), (6, 0.364851706086323)]
[(0, 0.65422759671344388), (6, 0.25792914284393159)]
[(0, 0.21019554905966206), (6, 0.52730071378314047)]
[(6, 0.51513313924767523)]
[(2, 0.41446417266850388), (6, 0.32090729834194903)]
[(0, 0.33792264039453646), (1, 0.22338686146197811), (2, 0.30571301094903403)]
[(2, 0.70626844319944515), (6, 0.24250406184323678)]
[(4, 0.52722234170855498)]
[(4, 0.63741713527146127)]
[(4, 0.59572816143310026), (6, 0.24162365879329326)]
[(4, 0.28853256983989628), (5, 0.31119746752175026)]
[(3, 0.30293587894221929), (6, 0.54701222781657877)]
[(2, 0.36323711479213278), (6, 0.33606803096106191)]
[(3, 0.5411296432834688), (6, 0.2098798538830996)]
[(3, 0.51114371309631568)]
[(3, 0.70819632110881015), (4, 0.27474458214790209)]
[(3, 0.40243887551081176), (4, 0.39656676892828352)]
[(6, 0.77545453606441905)]
[(2, 0.52706739246512224)]
[(0, 0.56157835758106434)]
[(4, 0.33020223872232718), (6, 0.36485314478785558)]
[(0, 0.6542289501773062), (6, 0.25792705049666531)]
[(0, 0.21020387465024556), (6, 0.52730662988005295)]
[(6, 0.5151643567032862)]
[(2, 0.41446284743302408), (6, 0.3209105794529018)]
[(0, 0.33771383945631916), (1, 0.22333664125310335), (2, 0.30569989265049013)]
[(2, 0.70626924295719651), (6, 0.24250399922376037)]
[(4, 0.52720086012912659)]
[(4, 0.63741688925254414)]
[(4, 0.59572861737454141), (6, 0.24162298087853987)]
[(4, 0.2885331693595638), (5, 0.31119751648758082)]
[(3, 0.30293560479577392), (6, 0.54698475770906096)]
[(2, 0.36323604891507422), (6, 0.3360612172404312)]
[(3, 0.54112820018764607), (6, 0.20988050689708265)]
[(3, 0.51113703294018731)]
[(3, 0.7082009945891059), (4, 0.27473990745813137)]
[(3, 0.40243692284993304), (4, 0.39656747058683306)]
[(6, 0.77545266059791784)]
[(2, 0.52707247984393535)]
[(0, 0.56157642352792925)]
[(4, 0.33020088409646586), (6, 0.36485212727455907)]
[(0, 0.65422884320619623), (6, 0.25792664667058968)]
[(0, 0.21020411794504773), (6, 0.52730680270559716)]
[(6, 0.51512691950938583)]
[(2, 0.41446439055044659), (6, 0.32090583340689538)]
[(0, 0.33765806828370665), (1, 0.22331100783808533), (2, 0.30569332967383606)]
[(2, 0.70626787881330555), (6, 0.24250410240935136)]
[(4, 0.52719897116158243)]
[(4, 0.63741797899223174)]
[(4, 0.59572923155264157), (6, 0.24161833914989606)]
[(4, 0.28853331124236103), (5, 0.3111978324944813)]
[(3, 0.30293616481482094), (6, 0.54698770711631206)]
[(2, 0.36323626423887895), (6, 0.33606269382791915)]
[(3, 0.54112996235626232), (6, 0.20988054434278214)]
[(3, 0.51113726477067578)]
[(3, 0.7082147411584373), (4, 0.27472615492353769)]
[(3, 0.40243752429079405), (4, 0.39656685583651979)]
[(6, 0.77545229561331463)]
[(2, 0.52710651224754845)]
[(0, 0.56157806318079528)]
[(4, 0.33020002647024044), (6, 0.3648518807531359)]
[(0, 0.65422288966645159), (6, 0.25791094617566451)]
[(0, 0.21020083069822365), (6, 0.52730446731796587)]
[(6, 0.51517717008762198)]
[(2, 0.41440643121913517), (6, 0.32086707747627297)]
[(0, 0.33773282486699602), (1, 0.22332307392353695), (2, 0.30569447327160243)]
[(2, 0.70626848105797979), (6, 0.24250405902083605)]
[(4, 0.52721863414945913)]
[(4, 0.63741814265234509)]
[(4, 0.59572693252511777), (6, 0.24160474872307897)]
[(4, 0.28853305587224481), (5, 0.31119779749748905)]
[(3, 0.30293472522733417), (6, 0.54702092978821237)]
[(2, 0.36323596918042633), (6, 0.3360606479074788)]
[(3, 0.54112890738830266), (6, 0.20987939978700684)]
[(3, 0.51114852911922715)]
[(3, 0.7082274848764506), (4, 0.27471340043533832)]
[(3, 0.40242255933530047), (4, 0.39656227405308248)]
[(6, 0.77545598025661688)]
[(2, 0.52722939936601321)]
[(0, 0.56157999739270226)]
[(4, 0.33019911782335121), (6, 0.36484624894849937)]
[(0, 0.65423044300883892), (6, 0.257930972657129)]
[(0, 0.21020484334889647), (6, 0.5273073179799771)]
[(6, 0.51514905140303213)]
[(2, 0.41445609537285061), (6, 0.32089604309470315)]
[(0, 0.33768858585950307), (1, 0.22331491413728452), (2, 0.3056931340576447)]
[(2, 0.7062693733687242), (6, 0.24250398837094811)]
[(4, 0.52722505074073744)]
[(4, 0.63741776865522581)]
[(4, 0.59572869361022363), (6, 0.24162219092891726)]
[(4, 0.28853438132471465), (5, 0.31119804326188227)]
[(3, 0.30293453811042559), (6, 0.54700055288867921)]
[(2, 0.36323541647914925), (6, 0.3360560149999024)]
[(3, 0.54113007745992459), (6, 0.20987919345789818)]
[(3, 0.51113776417648682)]
[(3, 0.70819312444267879), (4, 0.27474777914122689)]
[(3, 0.40242214385379355), (4, 0.39656710547756208)]
[(6, 0.77545114950513072)]
[(2, 0.52712779405091448)]
[(0, 0.56157654549404346)]
[(4, 0.33020308072713905), (6, 0.364853747437271)]
[(0, 0.6542246551178923), (6, 0.25791625744352048)]
[(0, 0.21019047522526288), (6, 0.52729710647395123)]
[(6, 0.51516585468999132)]
[(2, 0.41442262897109006), (6, 0.32089016712670587)]
[(0, 0.33761064674207708), (1, 0.22330069923809706), (2, 0.30569088940683825)]
[(2, 0.70626934791346652), (6, 0.24250399050459587)]
[(4, 0.52721901876065358)]
[(4, 0.63741766591317683)]
[(4, 0.59572267837839588), (6, 0.24160228582926341)]
[(4, 0.28853329558476953), (5, 0.31119738273558956)]
[(3, 0.3029350752525688), (6, 0.54700009394179772)]
[(2, 0.3632364851019656), (6, 0.33606413943336133)]
[(3, 0.54113067897342804), (6, 0.20987791194624278)]
[(3, 0.51113692828712087)]
[(3, 0.70821799632641091), (4, 0.27472289703739405)]
[(3, 0.40243813190759092), (4, 0.39656741707342869)]
[(6, 0.77545464625829352)]
[(2, 0.52708359609152822)]
[(0, 0.56157745523253411)]
[(4, 0.33020011868439914), (6, 0.36485186003200731)]
[(0, 0.65422686691336196), (6, 0.25792259469171408)]
[(0, 0.21021624866678443), (6, 0.52731541565903139)]
[(6, 0.51515077307130441)]
[(2, 0.41445622520150988), (6, 0.32092132247420707)]
[(0, 0.33774254733977743), (1, 0.22332501129618332), (2, 0.30569487801187567)]
[(2, 0.7062667111370996), (6, 0.24250417831035906)]
[(4, 0.52719466914641133)]
[(4, 0.63741771113318524)]
[(4, 0.59572901156206459), (6, 0.24162398997154108)]
[(4, 0.28853277617791573), (5, 0.31119764798653266)]
[(3, 0.30293690193760386), (6, 0.54699485081312182)]
[(2, 0.36323536336842399), (6, 0.336055431379849)]
[(3, 0.54112944216600034), (6, 0.2098802210673352)]
[(3, 0.51113229735042098)]
[(3, 0.70821105724897526), (4, 0.27472984122657007)]
[(3, 0.40243491338143589), (4, 0.39656682406022564)]
[(6, 0.77545077116845851)]
[(2, 0.52716032757737763)]
[(0, 0.56157968768645383)]
[(4, 0.33020158265871713), (6, 0.36485281763363425)]
[(0, 0.65422529255895723), (6, 0.25791797927291593)]
[(0, 0.21018229673513716), (6, 0.52729128886574539)]
[(6, 0.51518045383876954)]
[(2, 0.41443855545167579), (6, 0.32087853812395195)]
[(0, 0.33764859718974521), (1, 0.22331167839021773), (2, 0.30569433315690914)]
[(2, 0.70626808511382455), (6, 0.24250408790035874)]
[(4, 0.52722197292473882)]
[(4, 0.63741788481412853)]
[(4, 0.59572757656253139), (6, 0.24161478311532608)]
[(4, 0.28853201107899568), (5, 0.31119747579272999)]
[(3, 0.30293506444373969), (6, 0.54700157224351531)]
[(2, 0.36323645594942183), (6, 0.33606395182302129)]
[(3, 0.54112930582460728), (6, 0.20988029639647993)]
[(3, 0.5111319057318886)]
[(3, 0.70821869540393634), (4, 0.27472219734838188)]
[(3, 0.40244026987719356), (4, 0.39656641909782758)]
[(6, 0.77545481533924743)]
[(2, 0.52705661594726871)]
[(0, 0.56157559251773237)]
[(4, 0.33020013238872659), (6, 0.36485230991699069)]
[(0, 0.65422799103423779), (6, 0.25792474808321308)]
[(0, 0.21019006341834554), (6, 0.52729681363182113)]
[(6, 0.51515273109661963)]
[(2, 0.41440909198010378), (6, 0.32089853035678539)]
[(0, 0.33775676558960871), (1, 0.22332759775218222), (2, 0.30569527734530233)]
[(2, 0.70626889416701033), (6, 0.24250402733240994)]
[(4, 0.52721989318028106)]
[(4, 0.63741767238026237)]
[(4, 0.59572438011065398), (6, 0.24161426042653333)]
[(4, 0.28853281280368753), (5, 0.31119731315198867)]
[(3, 0.30294047210423852), (6, 0.5470173942263481)]
[(2, 0.36323599148877306), (6, 0.33606080864478172)]
[(3, 0.54112977122470274), (6, 0.20988096993183925)]
[(3, 0.51113894357049794)]
[(3, 0.70819847467162378), (4, 0.27474242811562499)]
[(3, 0.40243463403618035), (4, 0.39656686168585414)]
[(6, 0.77545116870709674)]
[(2, 0.52707385161280107)]
[(0, 0.56158059314587405)]
[(4, 0.33020192566609879), (6, 0.36485408781471534)]
[(0, 0.6542290658377341), (6, 0.25792572816279707)]
[(0, 0.21018076477773465), (6, 0.52729019872573635)]
[(6, 0.51520918823417938)]
[(2, 0.41444147172653117), (6, 0.32090762261833883)]
[(0, 0.33765974635602075), (1, 0.22331069225448327), (2, 0.30569305088903048)]
[(2, 0.70626843975101139), (6, 0.24250406209966377)]
[(4, 0.52721199990259338)]
[(4, 0.63741682642866038)]
[(4, 0.59572130531934053), (6, 0.24160186950701212)]
[(4, 0.28853348593492867), (5, 0.31119767289767841)]
[(3, 0.30294074567733387), (6, 0.5470137108728359)]
[(2, 0.36323527061877436), (6, 0.33605422428708998)]
[(3, 0.5411301544157997), (6, 0.20987678077537916)]
[(3, 0.51114321009068608)]
[(3, 0.70822181928917149), (4, 0.27471907150094704)]
[(3, 0.40243239566768213), (4, 0.3965679246814055)]
[(6, 0.77545497856171086)]
[(2, 0.52712601788391966)]
[(0, 0.5615790820675548)]
[(4, 0.33020115787923537), (6, 0.36485348918114857)]
[(0, 0.65422500201881439), (6, 0.25791955746274597)]
[(0, 0.21016980309121958), (6, 0.52728239460072257)]
[(6, 0.51515741994544617)]
[(2, 0.41445848514338562), (6, 0.32090166767487216)]
[(0, 0.33768335240511987), (1, 0.22331479387240497), (2, 0.30569350475866042)]
[(2, 0.70626673640610693), (6, 0.24250417677130651)]
[(4, 0.52722165095890339)]
[(4, 0.63741777308217606)]
[(4, 0.5957257803760273), (6, 0.2416167163607974)]
[(4, 0.28853321000958554), (5, 0.31119747061109149)]
[(3, 0.30293666417543391), (6, 0.54698630758000444)]
[(2, 0.36323650238235872), (6, 0.33606425022888758)]
[(3, 0.54112982322246306), (6, 0.20987954920956214)]
[(3, 0.51114678903746724)]
[(3, 0.70820578298548698), (4, 0.27473511736869272)]
[(3, 0.40243948781619676), (4, 0.39656720402806872)]
[(6, 0.77545570930540775)]
[(2, 0.52709561567586238)]
[(0, 0.5615802055471919)]
[(4, 0.33020229670662593), (6, 0.36485345470981317)]
[(0, 0.6542298689758278), (6, 0.25793091566817006)]
[(0, 0.21018888917010711), (6, 0.52729597855452359)]
[(6, 0.51519185534685508)]
[(2, 0.41443489840969422), (6, 0.32090810353236487)]
[(0, 0.33803896879467743), (1, 0.22345748323313416), (2, 0.30574187703128142)]
[(2, 0.70626802237147657), (6, 0.24250409235080705)]
[(4, 0.52720469795898461)]
[(4, 0.63741730034613564)]
[(4, 0.59572557463651399), (6, 0.24160527197067078)]
[(4, 0.28853386049069935), (5, 0.31119781893726073)]
[(3, 0.30293543501344922), (6, 0.54700242054339432)]
[(2, 0.36323543234148681), (6, 0.33605617994991849)]
[(3, 0.54112935462720302), (6, 0.20987758975321336)]
[(3, 0.51113491021068347)]
[(3, 0.70819679778213085), (4, 0.27474410527492632)]
[(3, 0.40243822362833398), (4, 0.39656671589341747)]
[(6, 0.77545936559035722)]
[(2, 0.52707556804651434)]
[(0, 0.56157803952500551)]
[(4, 0.33020227279007874), (6, 0.36485210697097242)]
[(0, 0.65422967248268127), (6, 0.25793150592092928)]
[(0, 0.21018143929989935), (6, 0.52729067873134883)]
[(6, 0.51523616951966644)]
[(2, 0.41441138806932654), (6, 0.32070106611274263)]
[(0, 0.3377398688276716), (1, 0.22332895064227395), (2, 0.30569724712923624)]
[(2, 0.70626812634811775), (6, 0.24250408495722445)]
[(4, 0.52722169797691421)]
[(4, 0.63741744563975422)]
[(4, 0.59572905730988535), (6, 0.24162000108322917)]
[(4, 0.2885327449135402), (5, 0.31119770310102823)]
[(3, 0.30293571429207383), (6, 0.54698691572851621)]
[(2, 0.36323605865083641), (6, 0.33606128581135319)]
[(3, 0.54113000033076064), (6, 0.20987932013548621)]
[(3, 0.51114644474771598)]
[(3, 0.7081991708388623), (4, 0.27474173157855547)]
[(3, 0.40242183068895637), (4, 0.39656452852836072)]
[(6, 0.77545525017211925)]
[(2, 0.52711185936903682)]
[(0, 0.56157960775079652)]
[(4, 0.33020109100708644), (6, 0.36485304558695864)]
[(0, 0.65422218038284063), (6, 0.25790731141925832)]
[(0, 0.21020396685015852), (6, 0.5273066953750567)]
[(6, 0.51514882616164348)]
[(2, 0.41440698185462549), (6, 0.32087835673622417)]
[(0, 0.33769161813063409), (1, 0.22331656057852814), (2, 0.30569394366422975)]
[(2, 0.7062688650943223), (6, 0.24250402961763301)]
[(4, 0.52719655383976782)]
[(4, 0.63741675893288663)]
[(4, 0.59572819784714659), (6, 0.24162087677591684)]
[(4, 0.28853301490113964), (5, 0.31119746015573752)]
[(3, 0.30293641726405729), (6, 0.54701519422304634)]
[(2, 0.36323569015074136), (6, 0.33605851243008034)]
[(3, 0.54113018261056656), (6, 0.20987995661995829)]
[(3, 0.51114029562577989)]
[(3, 0.70819489114607548), (4, 0.27474601229075535)]
[(3, 0.40243991701393084), (4, 0.39656670589239124)]
[(6, 0.77547468101261086)]
[(2, 0.52708565364187909)]
[(0, 0.56157424085293373)]
[(4, 0.33019957368968827), (6, 0.3648464350986953)]
[(0, 0.65422026371088526), (6, 0.2578988103170905)]
[(0, 0.21018335398086879), (6, 0.52729204112534545)]
[(6, 0.51516854549661706)]
[(2, 0.41445141928099077), (6, 0.32091448864810868)]
[(0, 0.33774499073560293), (1, 0.22332524277479621), (2, 0.30569478909618764)]
[(2, 0.70626772958355544), (6, 0.24250411268601826)]
[(4, 0.52722118456032685)]
[(4, 0.63741813610919329)]
[(4, 0.59572701356919622), (6, 0.24161946355127259)]
[(4, 0.28853354629864203), (5, 0.31119842731617958)]
[(3, 0.30293782096950472), (6, 0.54698067356861546)]
[(2, 0.36323625784151442), (6, 0.33606265103619049)]
[(3, 0.54113091681098657), (6, 0.20988038951069526)]
[(3, 0.51113869544734125)]
[(3, 0.70819194278103514), (4, 0.27474896106318797)]
[(3, 0.4024359239506442), (4, 0.3965667313699765)]
[(6, 0.77547758539313871)]
[(2, 0.52712929486336091)]
[(0, 0.56158013475393254)]
[(4, 0.33019834343993043), (6, 0.36484792475122979)]
[(0, 0.65422678954171576), (6, 0.25791966790719978)]
[(0, 0.21019873242095366), (6, 0.52730297630732192)]
[(6, 0.51517180603063284)]
[(2, 0.41446945707118765), (6, 0.32089481492289568)]
[(0, 0.33769927583088183), (1, 0.22331725781591144), (2, 0.30569370959696907)]
[(2, 0.70626835888699235), (6, 0.24250406808153421)]
[(4, 0.52719394320137036)]
[(4, 0.6374174575594842)]
[(4, 0.59572858874098522), (6, 0.24162415525929667)]
[(4, 0.28853310184808006), (5, 0.31119801020524956)]
[(3, 0.30293987277493878), (6, 0.54701060968843229)]
[(2, 0.36323571510330077), (6, 0.33605871516017211)]
[(3, 0.54112956396166079), (6, 0.20987851558067019)]
[(3, 0.51113715236181267)]
[(3, 0.70819988647034759), (4, 0.27474101583588151)]
[(3, 0.40242724263447499), (4, 0.39656464728598173)]
[(6, 0.77547242867234711)]
[(2, 0.52707443169653934)]
[(0, 0.56157844374774557)]
[(4, 0.33019927570881258), (6, 0.36485178768476856)]
[(0, 0.65422931232610582), (6, 0.25792573075069247)]
[(0, 0.21020230072758661), (6, 0.52730551175785056)]
[(6, 0.51511045360992713)]
[(2, 0.41447210393928385), (6, 0.32090119942535356)]
[(0, 0.33773620961976403), (1, 0.22332364314541531), (2, 0.30569453615066344)]
[(2, 0.70626898040438302), (6, 0.24250402050273243)]
[(4, 0.52721240891494958)]
[(4, 0.637417710463137)]
[(4, 0.59573012698921979), (6, 0.24162128162605948)]
[(4, 0.2885336679690918), (5, 0.31119814626431674)]
[(3, 0.30293496203026288), (6, 0.54701870616971104)]
[(2, 0.36323624426076773), (6, 0.33606255999891194)]
[(3, 0.5411313514652063), (6, 0.209876440037956)]
[(3, 0.51115163788589557)]
[(3, 0.70819663062413551), (4, 0.27474427244931343)]
[(3, 0.40243920191855886), (4, 0.39656740213716762)]
[(6, 0.7754548934441734)]
[(2, 0.5271147413754893)]
[(0, 0.56157998936428966)]
[(4, 0.33020087603096204), (6, 0.36485215775882157)]
[(0, 0.65422847892825919), (6, 0.25792691747467722)]
[(0, 0.210191378888826), (6, 0.52729774904984594)]
[(6, 0.51515504381773425)]
[(2, 0.41444306248536306), (6, 0.320905318952867)]
[(0, 0.33816194886039774), (1, 0.2235413674001456), (2, 0.30574191188955313)]
[(2, 0.70625066875069598), (6, 0.24250462804879)]
[(4, 0.5272273998702478)]
[(4, 0.63741716599570786)]
[(4, 0.59572997859730792), (6, 0.2416146554161096)]
[(4, 0.28853361732333499), (5, 0.31119765221267764)]
[(3, 0.30293552143305047), (6, 0.54699584989687255)]
[(2, 0.36323532789024976), (6, 0.33605500659661219)]
[(3, 0.54112794984490209), (6, 0.20987949272726997)]
[(3, 0.51114166645759274)]
[(3, 0.70821734187729735), (4, 0.27472355277963273)]
[(3, 0.40243779241944566), (4, 0.39656492960453887)]
[(6, 0.77545591517994328)]
[(2, 0.52706410235937762)]
[(0, 0.56157365190297126)]
[(4, 0.33020478482754506), (6, 0.36485426274169341)]
[(0, 0.65422214409940227), (6, 0.25790924035832863)]
[(0, 0.21018969550205333), (6, 0.52729655199302927)]
[(6, 0.51516498488544415)]
[(2, 0.41447365638856859), (6, 0.32089364937988812)]
[(0, 0.33763321567771315), (1, 0.22330496788815984), (2, 0.30569164863077697)]
[(2, 0.70626691416438592), (6, 0.24250416582205739)]
[(4, 0.52721364556578187)]
[(4, 0.63741792540215736)]
[(4, 0.59572928857302898), (6, 0.24162315503106829)]
[(4, 0.28853353039744867), (5, 0.31119778427831074)]
[(3, 0.30293537804410331), (6, 0.54701381549576478)]
[(2, 0.36323532341651482), (6, 0.33605495019231901)]
[(3, 0.54112818215559566), (6, 0.20987945624592924)]
[(3, 0.51114169089103889)]
[(3, 0.70821967435089606), (4, 0.27472121761766177)]
[(3, 0.40242001404934796), (4, 0.396567137205659)]
[(6, 0.77545536139826954)]
[(2, 0.52710968574153327)]
[(0, 0.56157852285926235)]
[(4, 0.33019980715907854), (6, 0.36485077730350679)]
[(0, 0.65423128749780601), (6, 0.25793259225223469)]
[(0, 0.21019778565733449), (6, 0.52730230346857931)]
[(6, 0.51513309689691122)]
[(2, 0.41442638893067429), (6, 0.32090886685531039)]
[(0, 0.3377165409022439), (1, 0.22332499753615695), (2, 0.30569680714548275)]
[(2, 0.70626897668576105), (6, 0.24250402079882466)]
[(4, 0.52720930677875699)]
[(4, 0.63741798612309031)]
[(4, 0.59573113388151733), (6, 0.24161932964741026)]
[(4, 0.288532885132328), (5, 0.31119793572454718)]
[(3, 0.30293622029265538), (6, 0.54700979501867875)]
[(2, 0.36323564553655169), (6, 0.33605814230996706)]
[(3, 0.54112833149672501), (6, 0.20988068478819344)]
[(3, 0.51114100056976286)]
[(3, 0.70819546666628075), (4, 0.27474543658949663)]
[(3, 0.40242204715464297), (4, 0.39656257024901298)]
[(6, 0.77545658185830124)]
[(2, 0.5271774221082538)]
[(0, 0.56157486456901673)]
[(4, 0.33020413092299972), (6, 0.36485326466983159)]
[(0, 0.65422514256581987), (6, 0.25792042645998048)]
[(0, 0.21019066735537428), (6, 0.5272972430973657)]
[(6, 0.51514242512726627)]
[(2, 0.41440915691073049), (6, 0.32089307588890326)]
[(0, 0.337631422821009), (1, 0.22332998768259363), (2, 0.30570296665176394)]
[(2, 0.70626746056946421), (6, 0.24250413076596727)]
[(4, 0.52719344814515845)]
[(4, 0.63741803295775901)]
[(4, 0.5957264178895274), (6, 0.24161525978929368)]
[(4, 0.2885329846682162), (5, 0.31119782882410862)]
[(3, 0.30293641751091011), (6, 0.54701213079432121)]
[(2, 0.36323595329809616), (6, 0.33606053274031161)]
[(3, 0.54112862050622734), (6, 0.20987887247376896)]
[(3, 0.51115284617377466)]
[(3, 0.70822737102258915), (4, 0.27471351321267778)]
[(3, 0.40241892138909263), (4, 0.39656513817430383)]
[(6, 0.77547284099357494)]
[(2, 0.52704472609996544)]
[(0, 0.56157798007157722)]
[(4, 0.3302038845097493), (6, 0.3648549390337989)]
[(0, 0.65422608163729923), (6, 0.25791921255590317)]
[(0, 0.21019128711312149), (6, 0.52729768379216357)]
[(6, 0.51515982023061901)]
[(2, 0.4144539859072493), (6, 0.32088295278608442)]
[(0, 0.33761441830850175), (1, 0.22330166165540308), (2, 0.30569118069989071)]
[(2, 0.70626905431747944), (6, 0.24250401458730794)]
[(4, 0.52720719485521628)]
[(4, 0.63741785162697151)]
[(4, 0.59572446186168604), (6, 0.24161508035369758)]
[(4, 0.28853282713789796), (5, 0.31119752742110762)]
[(3, 0.30293475450793733), (6, 0.54701499873283532)]
[(2, 0.36323703747344444), (6, 0.33606756574297181)]
[(3, 0.54112927222249085), (6, 0.20987766391000889)]
[(3, 0.51114434840767475)]
[(3, 0.70822787101831897), (4, 0.27471301446522967)]
[(3, 0.40241715926847299), (4, 0.39656726889116961)]
[(6, 0.77545623202654479)]
[(2, 0.5271117115412518)]
[(0, 0.56157555081504473)]
[(4, 0.33020033546195032), (6, 0.36485232847673893)]
[(0, 0.65422939128005053), (6, 0.25792591506928353)]
[(0, 0.21019713293329093), (6, 0.52730183956671062)]
[(6, 0.51515022025152202)]
[(2, 0.41445034725102325), (6, 0.32087902445338806)]
[(0, 0.33767189972208816), (1, 0.22331291866003258), (2, 0.30569328677574825)]
[(2, 0.70626895230332876), (6, 0.24250402273668545)]
[(4, 0.52722548518193812)]
[(4, 0.63741687080695775)]
[(4, 0.59572710719679078), (6, 0.24161707055676879)]
[(4, 0.28853336105753363), (5, 0.31119743449105192)]
[(3, 0.30293494897376844), (6, 0.54700645881608412)]
[(2, 0.36323577011813196), (6, 0.33605915288500388)]
[(3, 0.5411299549100298), (6, 0.20987747403407975)]
[(3, 0.51114808382395993)]
[(3, 0.70822691359362311), (4, 0.27471397080569132)]
[(3, 0.40243778452092516), (4, 0.39656762140974411)]
[(6, 0.77545206961249946)]
[(2, 0.5270777204031748)]
[(0, 0.56157892954676925)]
[(4, 0.33020167576209214), (6, 0.36485282492206189)]
[(0, 0.65423194245256877), (6, 0.25793535103311099)]
[(0, 0.21018600679271585), (6, 0.52729392840166678)]
[(6, 0.51514669512347255)]
[(2, 0.41445637094640808), (6, 0.32089303473738851)]
[(0, 0.33770968774181015), (1, 0.22331891861216049), (2, 0.30569384861678145)]
[(2, 0.70624743697025916), (6, 0.24250463811971915)]
[(4, 0.52722196059117288)]
[(4, 0.63741734120274551)]
[(4, 0.59572881689137069), (6, 0.24162470752405785)]
[(4, 0.28853409898618099), (5, 0.31119740426588682)]
[(3, 0.30293445088882764), (6, 0.54702178862276463)]
[(2, 0.36323536513817167), (6, 0.33605545173444312)]
[(3, 0.54112992671546345), (6, 0.2098782248771954)]
[(3, 0.51113429758262552)]
[(3, 0.70820378481664892), (4, 0.27473711644227405)]
[(3, 0.40242326456405908), (4, 0.39656354730900456)]
[(6, 0.77545293331538367)]
[(2, 0.52716311180703224)]
[(0, 0.56157827620615541)]
[(4, 0.33020182453350211), (6, 0.36484692488237591)]
[(0, 0.65422135144428839), (6, 0.25790356217925542)]
[(0, 0.21018828123379241), (6, 0.52729554618507113)]
[(6, 0.5151466770055444)]
[(2, 0.41444929084915078), (6, 0.32090077956180024)]
[(0, 0.33763967011560087), (1, 0.22330614099624063), (2, 0.3056918136662799)]
[(2, 0.70624441102884117), (6, 0.24250463123577112)]
[(4, 0.52719865036694047)]
[(4, 0.63741743313128796)]
[(4, 0.59572393926588252), (6, 0.2416010869804403)]
[(4, 0.28853327549833108), (5, 0.3111980502492494)]
[(3, 0.30293637173519), (6, 0.54701831711657212)]
[(2, 0.36323540727259324), (6, 0.33605591748057462)]
[(3, 0.54112813741334809), (6, 0.20987809003566321)]
[(3, 0.5111432371989395)]
[(3, 0.70821253158021436), (4, 0.27472836599277234)]
[(3, 0.402436173422064), (4, 0.39656711306814835)]
[(6, 0.77545395718024512)]
[(2, 0.52720384307916923)]
[(0, 0.56158131322899685)]
[(4, 0.33020131643310052), (6, 0.36484622262525157)]
[(0, 0.65422491031328145), (6, 0.25791502362434165)]
[(0, 0.21020426554282051), (6, 0.52730690755073273)]
[(6, 0.51517163197057037)]
[(2, 0.41445427485006803), (6, 0.32090058372060498)]
[(0, 0.33772940124136885), (1, 0.22332255742542551), (2, 0.30569445007346169)]
[(2, 0.70626815769910911), (6, 0.24250408270971874)]
[(4, 0.52721832497362053)]
[(4, 0.63741753107683863)]
[(4, 0.59572594078228158), (6, 0.24161282278280563)]
[(4, 0.28853289245341968), (5, 0.31119737538450803)]
[(3, 0.30293695031562012), (6, 0.54700213125264641)]
[(2, 0.36323631947645019), (6, 0.33606306098406807)]
[(3, 0.54113109341685672), (6, 0.2098795485041153)]
[(3, 0.51113917201515913)]
[(3, 0.70821041796156303), (4, 0.27473048016577556)]
[(3, 0.40243599882991477), (4, 0.39656707244551725)]
[(6, 0.77547459936988772)]
[(2, 0.52710964922857984)]
[(0, 0.56157969451309564)]
[(4, 0.3302007711099873), (6, 0.36484539213387251)]
[(0, 0.654225394152948), (6, 0.25791854535869174)]
[(0, 0.21020086207288211), (6, 0.52730448961057041)]
[(6, 0.51516410328612605)]
[(2, 0.41445483479380518), (6, 0.32089445795305349)]
[(0, 0.33782045691018014), (1, 0.22335825817793309), (2, 0.30570488579459576)]
[(2, 0.70626873352894293), (6, 0.24250403985272645)]
[(4, 0.52720704935465568)]
[(4, 0.63741769732476949)]
[(4, 0.59572860468823052), (6, 0.24161838620911152)]
[(4, 0.28853245355689533), (5, 0.31119782114963457)]
[(3, 0.30293521654102323), (6, 0.54698695497520688)]
[(2, 0.36323595308477719), (6, 0.33606053118886403)]
[(3, 0.54112908116382719), (6, 0.20988056456100704)]
[(3, 0.51114046615856934)]
[(3, 0.70819410186221388), (4, 0.27474680165082332)]
[(3, 0.40242175226379995), (4, 0.39656485070418723)]
[(6, 0.77545547894751987)]
[(2, 0.52716278305209319)]
[(0, 0.56157633689002806)]
[(4, 0.33020190564633239), (6, 0.36485175850706036)]
[(0, 0.65422302046790781), (6, 0.2579092423498725)]
[(0, 0.2101782704929345), (6, 0.52728842351580918)]
[(6, 0.51519831715736075)]
[(2, 0.41446491376894723), (6, 0.32090021186378709)]
[(0, 0.33765241993131201), (1, 0.2233092185884249), (2, 0.30569266968163938)]
[(2, 0.70624386389604232), (6, 0.24250462844746376)]
[(4, 0.52719484753318691)]
[(4, 0.63741663067194421)]
[(4, 0.59572570179893591), (6, 0.24161621619418644)]
[(4, 0.28853337057708472), (5, 0.31119781992065032)]
[(3, 0.30293585413938856), (6, 0.54699377844431063)]
[(2, 0.36323561543111532), (6, 0.33605788638778106)]
[(3, 0.54113003655946146), (6, 0.20987951412670702)]
[(3, 0.51114424736454678)]
[(3, 0.70819861560407105), (4, 0.27474228711633092)]
[(3, 0.40243762966125107), (4, 0.39656765987901427)]
[(6, 0.7754536264046894)]
[(2, 0.52708420285204571)]
[(0, 0.5615744723892433)]
[(4, 0.33020022225474999), (6, 0.36485210656334732)]
[(0, 0.65422797080592965), (6, 0.25792802249957686)]
[(0, 0.21020500702200351), (6, 0.52730743423747184)]
[(6, 0.51513281821651125)]
[(2, 0.41445599595014548), (6, 0.3209186208042526)]
[(0, 0.33771587241895962), (1, 0.22332004006188194), (2, 0.3056940250456931)]
[(2, 0.70624387398988464), (6, 0.24250462850300453)]
[(4, 0.52719298096922484)]
[(4, 0.63741668288486175)]
[(4, 0.59572533744672029), (6, 0.24161414143262147)]
[(4, 0.28853311069535476), (5, 0.31119836984759347)]
[(3, 0.30293455549561987), (6, 0.54699405652699695)]
[(2, 0.36323628488723952), (6, 0.33606283157470129)]
[(3, 0.54113043933783556), (6, 0.20987713689353413)]
[(3, 0.5111493823316513)]
[(3, 0.70821432506199744), (4, 0.27472657132784423)]
[(3, 0.40243925204561137), (4, 0.39656672720265373)]
[(6, 0.77545481961428608)]
[(2, 0.5270904474609126)]
[(0, 0.56157635613998003)]
[(4, 0.33019997641214438), (6, 0.36484759487379192)]
[(0, 0.65423085059271613), (6, 0.25793030849729398)]
[(0, 0.21020724587034167), (6, 0.52730902434908)]
[(6, 0.51515951647317804)]
[(2, 0.41444976561280655), (6, 0.32091562867334017)]
[(0, 0.33766587428415273), (1, 0.22331101233077102), (2, 0.30569263046336215)]
[(2, 0.70626952259925835), (6, 0.24250397570959228)]
[(4, 0.5271971628410338)]
[(4, 0.63741803066637548)]
[(4, 0.59572348285631549), (6, 0.24160138866144179)]
[(4, 0.2885341809526133), (5, 0.31119786738763022)]
[(3, 0.30293552153083053), (6, 0.54699262051242148)]
[(2, 0.3632362640429303), (6, 0.33606269263399974)]
[(3, 0.54113105864964905), (6, 0.20988160460467037)]
[(3, 0.51112845619984593)]
[(3, 0.70819735576332687), (4, 0.27474354717510285)]
[(3, 0.40243394379179642), (4, 0.39656720229036074)]
[(6, 0.7754530819627572)]
[(2, 0.52706392937747371)]
[(0, 0.56157608794001379)]
[(4, 0.33020291822277126), (6, 0.3648484365285351)]
[(0, 0.65422793251561984), (6, 0.25792351148895537)]
[(0, 0.21017811187268706), (6, 0.52728831061237325)]
[(6, 0.51517585666587051)]
[(2, 0.41443198939382031), (6, 0.32089534682934695)]
[(0, 0.33774802850568297), (1, 0.22332672235644999), (2, 0.30569547908433753)]
[(2, 0.70626905786514205), (6, 0.24250401430192672)]
[(4, 0.52719402722386599)]
[(4, 0.63741808143692402)]
[(4, 0.5957232933074974), (6, 0.24160152343426744)]
[(4, 0.28853284418264902), (5, 0.31119795088204633)]
[(3, 0.30293552514623273), (6, 0.54698597945547411)]
[(2, 0.36323530463590842), (6, 0.33605470652894259)]
[(3, 0.54112902119686512), (6, 0.209879507943564)]
[(3, 0.51114506620268585)]
[(3, 0.70819546737107386), (4, 0.27474543582317512)]
[(3, 0.40243413517893573), (4, 0.39656734438710328)]
[(6, 0.77545094778324419)]
[(2, 0.52706733621586599)]
[(0, 0.56157595159372176)]
[(4, 0.33020403597295284), (6, 0.36485290174247487)]
[(0, 0.65422955980596087), (6, 0.25792843446211067)]
[(0, 0.21018282453097925), (6, 0.52729166441483888)]
[(6, 0.51517342631710683)]
[(2, 0.41446747303826537), (6, 0.32089364148546168)]
[(0, 0.33810447832474044), (1, 0.22345755588453514), (2, 0.3057272413198997)]
[(2, 0.70626847218790179), (6, 0.24250405968330185)]
[(4, 0.52720941298559498)]
[(4, 0.63741754545837226)]
[(4, 0.59572865902706051), (6, 0.24161685179185766)]
[(4, 0.2885332326732622), (5, 0.31119808797210174)]
[(3, 0.30293484775606155), (6, 0.54700791886493139)]
[(2, 0.36323649862829632), (6, 0.33606422618346843)]
[(3, 0.54112828049152473), (6, 0.20987990278603677)]
[(3, 0.51113433628293536)]
[(3, 0.70821042717843274), (4, 0.27473047177032822)]
[(3, 0.40241670334298368), (4, 0.39656742868123845)]
[(6, 0.77545631848106678)]
[(2, 0.52710399590791279)]
[(0, 0.56157928813177127)]
[(4, 0.33020227448598022), (6, 0.36485322754657468)]
[(0, 0.65422892486420836), (6, 0.25792745460416355)]
[(0, 0.21018635306020311), (6, 0.52729417471619211)]
[(6, 0.51515192032699419)]
[(2, 0.41447058282497673), (6, 0.32090087650258703)]
[(0, 0.33774904509206716), (1, 0.2233261668003087), (2, 0.30569499259983296)]
[(2, 0.70626886422042645), (6, 0.24250402968619134)]
[(4, 0.52721218846369067)]
[(4, 0.63741673205361626)]
[(4, 0.59572959500067146), (6, 0.24162527662203043)]
[(4, 0.28853310050001124), (5, 0.31119837853276561)]
[(3, 0.302937749381683), (6, 0.54698154877739025)]
[(2, 0.36323598130912704), (6, 0.33606073558609489)]
[(3, 0.54112994852428609), (6, 0.20988038682173538)]
[(3, 0.51114370706764778)]
[(3, 0.70820050136109491), (4, 0.27474040087722762)]
[(3, 0.40243453388924377), (4, 0.39656687723636774)]
[(6, 0.77545535363210372)]
[(2, 0.52714610282193219)]
[(0, 0.56157827147189932)]
[(4, 0.33020149997891052), (6, 0.36485398791744844)]
[(0, 0.65423073503912155), (6, 0.25793030147578427)]
[(0, 0.21018386246160353), (6, 0.52729240290139989)]
[(6, 0.51514865091169959)]
[(2, 0.41442274320792793), (6, 0.32087899437758693)]
[(0, 0.33765985033109813), (1, 0.22331032198709394), (2, 0.30569269350471279)]
[(2, 0.70626950755517248), (6, 0.2425039769980202)]
[(4, 0.52719495497856095)]
[(4, 0.63741741682440656)]
[(4, 0.59572646091056469), (6, 0.24161702391188958)]
[(4, 0.2885337061722153), (5, 0.31119809928150843)]
[(3, 0.30293646990221607), (6, 0.54700376842898735)]
[(2, 0.36323665732090338), (6, 0.33606523140881256)]
[(3, 0.54113062580848525), (6, 0.20987943213847959)]
[(3, 0.51114984251036522)]
[(3, 0.70819424019564925), (4, 0.27474666334403081)]
[(3, 0.40242094251505983), (4, 0.3965642406741538)]
[(6, 0.77546278428695503)]
[(2, 0.52709000548385243)]
[(0, 0.56157871040378193)]
[(4, 0.33019933588547051), (6, 0.36485162938136001)]
[(0, 0.65423258395250095), (6, 0.25793529646040314)]
[(0, 0.21019711440093442), (6, 0.52730182639511081)]
[(6, 0.51512500944054396)]
[(2, 0.41445636754156134), (6, 0.32091743049593774)]
[(0, 0.33770538010983481), (1, 0.2233190386809262), (2, 0.30569436986772153)]
[(2, 0.70626945108955508), (6, 0.2425039818097037)]
[(4, 0.52719599343094148)]
[(4, 0.63741693731338323)]
[(4, 0.59573321064626594), (6, 0.2416230588847747)]
[(4, 0.28853317168643189), (5, 0.31119744034660701)]
[(3, 0.30293620482646422), (6, 0.54699584778069044)]
[(2, 0.36323534056588985), (6, 0.33605516219712261)]
[(3, 0.54112990851115383), (6, 0.20988116524728964)]
[(3, 0.5111333056627767)]
[(3, 0.70822427398427434), (4, 0.27471661231463357)]
[(3, 0.40241746453210714), (4, 0.39656642978046963)]
[(6, 0.77545131611952101)]
[(2, 0.52711925321088748)]
[(0, 0.56157453874643171)]
[(4, 0.33020076583755931), (6, 0.36484693257245532)]
[(0, 0.65422984290989084), (6, 0.25792796560290077)]
[(0, 0.21018023715198836), (6, 0.52728982323744444)]
[(6, 0.51518015994243938)]
[(2, 0.41445052081448791), (6, 0.32090805696697333)]
[(0, 0.33768204551796255), (1, 0.22331394814069613), (2, 0.30569306781341099)]
[(2, 0.70624337777899515), (6, 0.24250462559233171)]
[(4, 0.52721973714609449)]
[(4, 0.6374177183061519)]
[(4, 0.59572845168930677), (6, 0.24161739730605786)]
[(4, 0.28853327960805242), (5, 0.31119764639524145)]
[(3, 0.30293512588139293), (6, 0.54699709116921413)]
[(2, 0.36323564693703303), (6, 0.33605815410401163)]
[(3, 0.54113117369976904), (6, 0.20988026705401491)]
[(3, 0.51115281810495472)]
[(3, 0.70821335078518588), (4, 0.27472754619000461)]
[(3, 0.40242443267737765), (4, 0.39656427221616786)]
[(6, 0.77545258598444922)]
[(2, 0.52710255161038777)]
[(0, 0.5615765116398298)]
[(4, 0.33020202527711912), (6, 0.36485134404479219)]
[(0, 0.65422707571152738), (6, 0.25792118735507219)]
[(0, 0.21019457396281291), (6, 0.52730002063597359)]
[(6, 0.51522854208639834)]
[(2, 0.41462953272521208), (6, 0.32045810871571179)]
[(0, 0.33774806801223889), (1, 0.22332683972517453), (2, 0.30569555837278889)]
[(2, 0.7062696626468985), (6, 0.24250396358235471)]
[(4, 0.52720973470456212)]
[(4, 0.63741767698238228)]
[(4, 0.59572121350301854), (6, 0.24159961191421261)]
[(4, 0.28853370173486625), (5, 0.31119803314383826)]
[(3, 0.30293599470963378), (6, 0.54700701389204975)]
[(2, 0.36323702416067738), (6, 0.3360674853684984)]
[(3, 0.54112931749138438), (6, 0.20987933871052161)]
[(3, 0.51115465033165441)]
[(3, 0.70822782319308553), (4, 0.2747130588923466)]
[(3, 0.4024250563972897), (4, 0.39656434074235708)]
[(6, 0.77545430185910413)]
[(2, 0.52714187187867856)]
[(0, 0.56157803137112927)]
[(4, 0.33020200932600802), (6, 0.36485174633453804)]
[(0, 0.65422473323092889), (6, 0.25791424614736974)]
[(0, 0.21019451696807737), (6, 0.52729998011966106)]
[(6, 0.51516534333627262)]
[(2, 0.41435429503545151), (6, 0.32070273558739987)]
[(0, 0.33831093360517517), (1, 0.22349776889384748), (2, 0.30574914941339915)]
[(2, 0.70626889935668702), (6, 0.24250402692357426)]
[(4, 0.52722319991386235)]
[(4, 0.63741812728389202)]
[(4, 0.59572541284119074), (6, 0.24161817619252343)]
[(4, 0.28853351346591227), (5, 0.31119810074695009)]
[(3, 0.30294046527367235), (6, 0.54701719075102229)]
[(2, 0.36323532186866353), (6, 0.33605493069023035)]
[(3, 0.54112995891695526), (6, 0.20987751614243799)]
[(3, 0.51114439227207076)]
[(3, 0.70819916068062572), (4, 0.27474174184515221)]
[(3, 0.40243822549872893), (4, 0.39656798516676445)]
[(6, 0.77545454959277671)]
[(2, 0.52708114076003276)]
[(0, 0.56157870102405938)]
[(4, 0.33020332607572528), (6, 0.36485215126854975)]
[(0, 0.65422990802064751), (6, 0.25793115705176578)]
[(0, 0.2101828067766166), (6, 0.52729165178210879)]
[(6, 0.51517412472420254)]
[(2, 0.41442037909441093), (6, 0.32090069056359721)]
[(0, 0.33764716155943003), (1, 0.223307446589631), (2, 0.30569200227621629)]
[(2, 0.70626919845351477), (6, 0.24250400288345983)]
[(4, 0.5272083893270868)]
[(4, 0.63741758612306176)]
[(4, 0.59571923248478675), (6, 0.2416085463857359)]
[(4, 0.28853316013349234), (5, 0.31119823984484646)]
[(3, 0.30293596311655452), (6, 0.54701472929904882)]
[(2, 0.36323580107204395), (6, 0.33605939339509144)]
[(3, 0.54112817105118305), (6, 0.20988018252083848)]
[(3, 0.51114221393954129)]
[(3, 0.70821554907671158), (4, 0.27472534632966039)]
[(3, 0.40243973663934551), (4, 0.39656690633530794)]
[(6, 0.77546066540554992)]
[(2, 0.52712206171789622)]
[(0, 0.56157674940221469)]
[(4, 0.33020331189153551), (6, 0.36485399486359293)]
[(0, 0.65422387491200995), (6, 0.25791172586544259)]
[(0, 0.21020647555246216), (6, 0.52730847727261543)]
[(6, 0.51517916319708579)]
[(2, 0.41446673453002814), (6, 0.32089910376758524)]
[(0, 0.33771030516953204), (1, 0.22331893616274848), (2, 0.30569380493172804)]
[(2, 0.70624843525327263), (6, 0.24250463703305788)]
[(4, 0.52721891761156647)]
[(4, 0.63741737523472841)]
[(4, 0.59572881481971052), (6, 0.24161794497334277)]
[(4, 0.28853434661679822), (5, 0.31119835735382451)]
[(3, 0.30293445856226731), (6, 0.54699856868211583)]
[(2, 0.36323543991759255), (6, 0.33605625745764323)]
[(3, 0.54112930612620813), (6, 0.20988054339941228)]
[(3, 0.51113754266444533)]
[(3, 0.70819859529156159), (4, 0.27474230742778888)]
[(3, 0.40243884859383472), (4, 0.39656715234672896)]
[(6, 0.77545487044524375)]
[(2, 0.52711399063161668)]
[(0, 0.56157793762569175)]
[(4, 0.33020234520364333), (6, 0.36485399071685259)]
[(0, 0.65422551192089073), (6, 0.25791914284296885)]
[(0, 0.21019304354994778), (6, 0.52729893263641425)]
[(6, 0.51511403065658534)]
[(2, 0.41446652571426523), (6, 0.32089675497718784)]
[(0, 0.33766352423065765), (1, 0.22331105611231303), (2, 0.30569278172117753)]
[(2, 0.7062678234636699), (6, 0.24250410624203747)]
[(4, 0.52720640395863227)]
[(4, 0.6374175779453346)]
[(4, 0.5957264422663473), (6, 0.24161688799263767)]
[(4, 0.2885336236461995), (5, 0.31119814311257943)]
[(3, 0.30293726367852958), (6, 0.54699967542474837)]
[(2, 0.36323636162704387), (6, 0.33606333847466413)]
[(3, 0.54113037094583116), (6, 0.20987971733612362)]
[(3, 0.5111460772049301)]
[(3, 0.70821827948848615), (4, 0.27472261358342237)]
[(3, 0.40242539635950048), (4, 0.39656478486591318)]
[(6, 0.77547664534068084)]
[(2, 0.52706440570519353)]
[(0, 0.56157785449231612)]
[(4, 0.33020098365979306), (6, 0.36485055667109562)]
[(0, 0.65422697524011164), (6, 0.25792069411530233)]
[(0, 0.21018916928517958), (6, 0.52729617776784099)]
[(6, 0.51514295746259153)]
[(2, 0.41444816710239679), (6, 0.32091991139426207)]
[(0, 0.33763060311422904), (1, 0.2233067370948302), (2, 0.30569292366340367)]
[(2, 0.7062687873905229), (6, 0.24250403568347823)]
[(4, 0.52719811375616288)]
[(4, 0.63741808391191879)]
[(4, 0.59572696840530126), (6, 0.24161741934526945)]
[(4, 0.28853284648668986), (5, 0.31119792672147789)]
[(3, 0.30293573313824951), (6, 0.54699451839952062)]
[(2, 0.36323534032825577), (6, 0.33605515932419655)]
[(3, 0.54112813244842983), (6, 0.20987787778901285)]
[(3, 0.51113629618920198)]
[(3, 0.70819843204226907), (4, 0.27474247069166735)]
[(3, 0.40241853650320597), (4, 0.39656562464724399)]
[(6, 0.7754524169174668)]
[(2, 0.52709144642431927)]
[(0, 0.56157613601706569)]
[(4, 0.33020417212821407), (6, 0.36485500290927708)]
[(0, 0.6542326682252988), (6, 0.25793490896681498)]
[(0, 0.21018518026027386), (6, 0.52729334042776066)]
[(6, 0.51515174698434263)]
[(2, 0.41444474582101376), (6, 0.32091247818133239)]
[(0, 0.33775126321274884), (1, 0.2233264823763213), (2, 0.30569503957209693)]
[(2, 0.70626928723519267), (6, 0.2425039955606316)]
[(4, 0.52719561620512656)]
[(4, 0.63741808783435772)]
[(4, 0.59573015886005165), (6, 0.24162220415566071)]
[(4, 0.28853286667156536), (5, 0.31119774985462201)]
[(3, 0.30293585946061502), (6, 0.5469883399833797)]
[(2, 0.36323548860462707), (6, 0.33605673837780364)]
[(3, 0.54112908482814737), (6, 0.20988124706126976)]
[(3, 0.51114006039932369)]
[(3, 0.70819377102559766), (4, 0.27474713253909283)]
[(3, 0.40243729628881597), (4, 0.39656808255999554)]
[(6, 0.77545208403577126)]
[(2, 0.5270575064050701)]
[(0, 0.5615788634948653)]
[(4, 0.33019984317097617), (6, 0.36485136652342992)]
[(0, 0.65422438638082026), (6, 0.25791520427218617)]
[(0, 0.21018447400329637), (6, 0.52729283798472659)]
[(6, 0.51516098005205813)]
[(2, 0.41442229074646919), (6, 0.32084118350320845)]
[(0, 0.33769501601629315), (1, 0.22331893357455415), (2, 0.30569519459067457)]
[(2, 0.70626878717947927), (6, 0.24250403569987064)]
[(4, 0.5272061019232589)]
[(4, 0.63741696160410255)]
[(4, 0.5957286655023365), (6, 0.2416199428857318)]
[(4, 0.28853377534660807), (5, 0.3111977531764451)]
[(3, 0.30293476557713434), (6, 0.54698822768845745)]
[(2, 0.36323533596471586), (6, 0.33605510627203006)]
[(3, 0.54112931926136543), (6, 0.20987996974446882)]
[(3, 0.51113861593158827)]
[(3, 0.70820405498693828), (4, 0.27473684642026092)]
[(3, 0.40242331323937192), (4, 0.39656205146809487)]
[(6, 0.77545477277295627)]
[(2, 0.52713697991072228)]
[(0, 0.5615783469679767)]
[(4, 0.33020261375699356), (6, 0.36485286885312868)]
[(0, 0.65422469933641669), (6, 0.25791476118621309)]
[(0, 0.21019383464411931), (6, 0.5272994950564851)]
[(6, 0.51518345307941693)]
[(2, 0.4144366354532017), (6, 0.32089529249019233)]
[(0, 0.33757796459543371), (1, 0.22331577664059263), (2, 0.30569680933542293)]
[(2, 0.70626953084449939), (6, 0.24250397500227996)]
[(4, 0.52721692304345003)]
[(4, 0.63741769576673879)]
[(4, 0.5957270169255946), (6, 0.2416168322535607)]
[(4, 0.288532003377166), (5, 0.31119713611284722)]
[(3, 0.30293597917440551), (6, 0.54698960491449078)]
[(2, 0.36323699237505941), (6, 0.33606729377488642)]
[(3, 0.54113001263692384), (6, 0.20987802590613)]
[(3, 0.51114682471708262)]
[(3, 0.70821354801920677), (4, 0.27472734811754912)]
[(3, 0.40243788388492652), (4, 0.39656718185042972)]
[(6, 0.77545595681320634)]
[(2, 0.52715351874710381)]
[(0, 0.56157643398217127)]
[(4, 0.33020125715936671), (6, 0.364851300562892)]
[(0, 0.65422459222978335), (6, 0.2579156624895369)]
[(0, 0.21018472370861727), (6, 0.52729301563243014)]
[(6, 0.51514210514311354)]
[(2, 0.41446600095281538), (6, 0.3208979571752566)]
[(0, 0.33771802293475067), (1, 0.22332065234792814), (2, 0.30569422396512302)]
[(2, 0.70626741672574234), (6, 0.24250413365980658)]
[(4, 0.52722629306272928)]
[(4, 0.6374176029814097)]
[(4, 0.59572665395018443), (6, 0.24161750713222316)]
[(4, 0.28853396919755675), (5, 0.31119819345662425)]
[(3, 0.30293481367701247), (6, 0.54701635260651815)]
[(2, 0.36323534132585289), (6, 0.33605517147222619)]
[(3, 0.54112986664242291), (6, 0.20988085224404149)]
[(3, 0.51114438983938937)]
[(3, 0.70819628279763525), (4, 0.27474462039547271)]
[(3, 0.40243959027578502), (4, 0.39656717331989427)]
[(6, 0.77545102410421018)]
[(2, 0.52712728000180809)]
[(0, 0.56157689455282944)]
[(4, 0.33020309477886844), (6, 0.36485406057677267)]
[(0, 0.65423084987895141), (6, 0.25793243737424376)]
[(0, 0.21018995537864774), (6, 0.52729673680160072)]
[(6, 0.51514915411715634)]
[(2, 0.41444782971616689), (6, 0.32088283965413583)]
[(0, 0.3377059911848867), (1, 0.22332222342904409), (2, 0.30569600066597069)]
[(2, 0.70624965769848491), (6, 0.24250463327279143)]
[(4, 0.52722610518370194)]
[(4, 0.63741706404651921)]
[(4, 0.59572409894090228), (6, 0.24160657447957001)]
[(4, 0.28853268149882499), (5, 0.31119767065750992)]
[(3, 0.30293490512729782), (6, 0.54699761949885206)]
[(2, 0.36323590544037204), (6, 0.33606018180299807)]
[(3, 0.54112981876466126), (6, 0.20987807362712579)]
[(3, 0.51115046520565011)]
[(3, 0.70819380745832783), (4, 0.27474709610492359)]
[(3, 0.40243963758455287), (4, 0.39656706406089171)]
[(6, 0.77545405061025874)]
[(2, 0.52709662495144183)]
[(0, 0.56157774067936983)]
[(4, 0.33020339499646112), (6, 0.36485429196709795)]
[(0, 0.65423044164897703), (6, 0.2579323462474426)]
[(0, 0.2101826865532184), (6, 0.52729156623930917)]
[(6, 0.51517264376631489)]
[(2, 0.41446445280752525), (6, 0.32090327364276916)]
[(0, 0.33766973545487788), (1, 0.22331148710454704), (2, 0.30569259847863822)]
[(2, 0.70624735890986545), (6, 0.24250463813179574)]
[(4, 0.52722372219185476)]
[(4, 0.63741703136748873)]
[(4, 0.59572875608947173), (6, 0.24161674696047766)]
[(4, 0.28853303823416132), (5, 0.31119731950159946)]
[(3, 0.3029358493523478), (6, 0.54700395279251623)]
[(2, 0.36323628942143588), (6, 0.33606286172609667)]
[(3, 0.54112874421123203), (6, 0.20988118260407027)]
[(3, 0.51114651127560695)]
[(3, 0.70819381798777092), (4, 0.27474708563488714)]
[(3, 0.40243376328290903), (4, 0.39656409789383384)]
[(6, 0.77545652201136883)]
[(2, 0.52709123667242153)]
[(0, 0.56157863000402819)]
[(4, 0.33020260731904044), (6, 0.36485268953248717)]
[(0, 0.65422583790358935), (6, 0.25791920833651361)]
[(0, 0.21019363477511455), (6, 0.52729935296499497)]
[(6, 0.51511389513480654)]
[(2, 0.41445233924141645), (6, 0.32089567538313574)]
[(0, 0.33764543612172015), (1, 0.22330737938924053), (2, 0.30569210133943314)]
[(2, 0.70626878349727651), (6, 0.24250403598580686)]
[(4, 0.52721781679146296)]
[(4, 0.63741702782472098)]
[(4, 0.59572988661533388), (6, 0.24162389772631537)]
[(4, 0.28853343674253751), (5, 0.31119783024376668)]
[(3, 0.30292692575263763), (6, 0.54699819244064052)]
[(2, 0.36323691897111549), (6, 0.33606684720790797)]
[(3, 0.5411288570060292), (6, 0.20987939704477415)]
[(3, 0.51113900287565361)]
[(3, 0.70820842584455224), (4, 0.2747324730796234)]
[(3, 0.40243841530535412), (4, 0.39656819468830351)]
[(6, 0.77545540619326814)]
[(2, 0.52711826095008107)]
[(0, 0.5615780587978787)]
[(4, 0.33020079026342469), (6, 0.36485177612500341)]
[(0, 0.65423210476004134), (6, 0.25793388680030643)]
[(0, 0.21018895710216315), (6, 0.52729602686710464)]
[(6, 0.51518768106773238)]
[(2, 0.41445183813623498), (6, 0.32089460306229972)]
[(0, 0.3377073425891079), (1, 0.22331841059587509), (2, 0.30569372718350496)]
[(2, 0.70626830816321995), (6, 0.24250407180353384)]
[(4, 0.52719629366877185)]
[(4, 0.6374176664147424)]
[(4, 0.5957284251828936), (6, 0.24162232526933858)]
[(4, 0.28853335058074669), (5, 0.31119800462814734)]
[(3, 0.30292651462437703), (6, 0.54698413462146855)]
[(2, 0.36323543216859366), (6, 0.33605617836600538)]
[(3, 0.54112910809295522), (6, 0.20988043367542991)]
[(3, 0.51114626920023443)]
[(3, 0.70819893732042094), (4, 0.27474196528299288)]
[(3, 0.40243961115790272), (4, 0.39656678580105736)]
[(6, 0.7754507055966734)]
[(2, 0.52719270050514699)]
[(0, 0.56157457689710255)]
[(4, 0.33020070185474282), (6, 0.36485127286261632)]
[(0, 0.65422741020510866), (6, 0.25792330576763917)]
[(0, 0.21019350415875099), (6, 0.52729926010561046)]
[(6, 0.51514650379982818)]
[(2, 0.41446276405223248), (6, 0.32091036174884219)]
[(0, 0.33767835747927466), (1, 0.22332662639403689), (2, 0.30570036015437768)]
[(2, 0.70626928729570315), (6, 0.24250399555561045)]
[(4, 0.5272148490685874)]
[(4, 0.63741714387064463)]
[(4, 0.59572924872616329), (6, 0.24162339526420115)]
[(4, 0.28853384846266916), (5, 0.3111979730299993)]
[(3, 0.302934659710554), (6, 0.54701443488391355)]
[(2, 0.36323589394181061), (6, 0.33606009656264935)]
[(3, 0.54112815904229261), (6, 0.20987892202713523)]
[(3, 0.51113898110717548)]
[(3, 0.7082139006579149), (4, 0.27472699638992409)]
[(3, 0.40243964249825837), (4, 0.39656659183536369)]
[(6, 0.77545391039005984)]
[(2, 0.52706434334472985)]
[(0, 0.56157790352392667)]
[(4, 0.33020123119127209), (6, 0.36485394208164867)]
[(0, 0.65422295167021149), (6, 0.25790888887978969)]
[(0, 0.2102016868688982), (6, 0.52730507563248641)]
[(6, 0.51515921527870467)]
[(2, 0.41445503577818915), (6, 0.32089617053650749)]
[(0, 0.33761904783918623), (1, 0.22330376525315029), (2, 0.30569203409939144)]
[(2, 0.70626897192116178), (6, 0.242504021177991)]
[(4, 0.52722005684059881)]
[(4, 0.63741719478041869)]
[(4, 0.59572701790421967), (6, 0.24161978511060231)]
[(4, 0.28853254354979246), (5, 0.31119777606984089)]
[(3, 0.30293638204566931), (6, 0.54698955334886656)]
[(2, 0.36323638513622214), (6, 0.33606349233983457)]
[(3, 0.54112776342345903), (6, 0.20988059130997841)]
[(3, 0.51112996604265593)]
[(3, 0.7082179953736748), (4, 0.27472289844502512)]
[(3, 0.40243650008414628), (4, 0.39656580610665909)]
[(6, 0.77545535149409361)]
[(2, 0.52710545300684564)]
[(0, 0.56157902316592145)]
[(4, 0.33020061564040615), (6, 0.36485382262447125)]
[(0, 0.65422866780981281), (6, 0.25792568115876618)]
[(0, 0.21019218634097919), (6, 0.52729832317357417)]
[(6, 0.51515335889123359)]
[(2, 0.41447796553817362), (6, 0.32089611115567984)]
[(0, 0.33767341719625993), (1, 0.22331233543055251), (2, 0.3056928211302864)]
[(2, 0.70624727821356836), (6, 0.24250463813333392)]
[(4, 0.52720945770721683)]
[(4, 0.63741735531532118)]
[(4, 0.59573107373034162), (6, 0.24161992288712894)]
[(4, 0.28853431951978553), (5, 0.31119786271494981)]
[(3, 0.30293551702145938), (6, 0.54698025723141541)]
[(2, 0.3632369761488648), (6, 0.33606719478865626)]
[(3, 0.54112954674317526), (6, 0.2098806991358769)]
[(3, 0.51114327716798469)]
[(3, 0.70820908713236397), (4, 0.27473181198107199)]
[(3, 0.40243637877435923), (4, 0.39656623627660281)]
[(6, 0.77545446267193541)]
[(2, 0.52710679140157424)]
[(0, 0.5615772146143424)]
[(4, 0.33020034889222843), (6, 0.36484778458048417)]
[(0, 0.65422511934947014), (6, 0.25791951696356896)]
[(0, 0.21018042810022336), (6, 0.52728995912877852)]
[(6, 0.51515018574628502)]
[(2, 0.41437185353883293), (6, 0.3207435376335448)]
[(0, 0.33775378227319564), (1, 0.22332700162322625), (2, 0.30569514748463894)]
[(2, 0.70626663661163458), (6, 0.24250418282456371)]
[(4, 0.52720304294017495)]
[(4, 0.63741693774838137)]
[(4, 0.59572460178441211), (6, 0.24161498040077034)]
[(4, 0.28853298646758241), (5, 0.31119811271640402)]
[(3, 0.3029356677334416), (6, 0.54698331884468498)]
[(2, 0.36323629108042765), (6, 0.33606287277553942)]
[(3, 0.54113058889613852), (6, 0.20988064855750058)]
[(3, 0.51114639048310406)]
[(3, 0.70820322448395223), (4, 0.2747376769547567)]
[(3, 0.40242224468741328), (4, 0.39656465958717724)]
[(6, 0.77545604677270297)]
[(2, 0.52707029371438019)]
[(0, 0.56158020139866582)]
[(4, 0.33019983226610283), (6, 0.3648517264099283)]
[(0, 0.65422540480979696), (6, 0.25791855144997872)]
[(0, 0.21019169991961589), (6, 0.52729797731710237)]
[(6, 0.51515632605581962)]
[(2, 0.41450773674027097), (6, 0.32058752363796161)]
[(0, 0.33775175898122717), (1, 0.22332653175420822), (2, 0.3056950238946381)]
[(2, 0.70625690428919885), (6, 0.2425045474840212)]
[(4, 0.52722109433504061)]
[(4, 0.63741780697631201)]
[(4, 0.59572211749569781), (6, 0.24160684544902625)]
[(4, 0.28853413582040488), (5, 0.31119792927482187)]
[(3, 0.30293549404201547), (6, 0.54702133046227697)]
[(2, 0.36323659390121676), (6, 0.33606483401602066)]
[(3, 0.54113035748990845), (6, 0.20988168746833355)]
[(3, 0.51114615981394684)]
[(3, 0.70822764686303763), (4, 0.27471323835807249)]
[(3, 0.40243543603247739), (4, 0.39656679180521104)]
[(6, 0.77546166029064312)]
[(2, 0.52711567438127249)]
[(0, 0.56157448825542466)]
[(4, 0.33020313923571143), (6, 0.36485227054014335)]
[(0, 0.65422374398482286), (6, 0.2579128058906297)]
[(0, 0.21019466441752624), (6, 0.52730008493788405)]
[(6, 0.51516129325997706)]
[(2, 0.4144465095746796), (6, 0.32089468956191802)]
[(0, 0.33763206257351996), (1, 0.22330461741675653), (2, 0.30569151410412365)]
[(2, 0.7062652864417176), (6, 0.242504258600101)]
[(4, 0.52722372847453403)]
[(4, 0.63741792336914904)]
[(4, 0.59572973048491451), (6, 0.24162501877335632)]
[(4, 0.28853324131073721), (5, 0.31119807501516406)]
[(3, 0.30293577623202039), (6, 0.54700678599422403)]
[(2, 0.36323533735858804), (6, 0.33605512322430342)]
[(3, 0.54112935276549046), (6, 0.20987874643845747)]
[(3, 0.51112903442664892)]
[(3, 0.70819269035993515), (4, 0.27474821336246824)]
[(3, 0.40242351118273412), (4, 0.39656512205471783)]
[(6, 0.77545737771114875)]
[(2, 0.52704305829575171)]
[(0, 0.56157958767107452)]
[(4, 0.33020294666337041), (6, 0.36485225838182905)]
[(0, 0.65422868451368232), (6, 0.25792466016870153)]
[(0, 0.21018218315844303), (6, 0.52729120804909935)]
[(6, 0.5151230632221786)]
[(2, 0.41443938153399079), (6, 0.32090856281332358)]
[(0, 0.33767574677579715), (1, 0.22331438298396059), (2, 0.30569330066610889)]
[(2, 0.70626947241164029), (6, 0.24250397999722947)]
[(4, 0.52722234274435575)]
[(4, 0.63741736987051234)]
[(4, 0.59572754124385552), (6, 0.241620422910232)]
[(4, 0.28853373732138837), (5, 0.31119754591863236)]
[(3, 0.3029356319744359), (6, 0.54699897784659923)]
[(2, 0.36323578270113882), (6, 0.33605925087898031)]
[(3, 0.54112816095531502), (6, 0.20988044344045814)]
[(3, 0.51113602935537872)]
[(3, 0.70819214798458685), (4, 0.27474875581841651)]
[(3, 0.40243966468245829), (4, 0.39656707033522814)]
[(6, 0.77545374969819103)]
[(2, 0.52716839743633603)]
[(0, 0.56156831683763986)]
[(4, 0.33020290934897961), (6, 0.36485138903601366)]
[(0, 0.65422206128070082), (6, 0.25791030184231517)]
[(0, 0.21018365729538277), (6, 0.52729225693058124)]
[(6, 0.51516634313397214)]
[(2, 0.41447969457459227), (6, 0.32089789341681341)]
[(0, 0.33778649320248788), (1, 0.22337284456689799), (2, 0.30572077124174973)]
[(2, 0.70624910064295943), (6, 0.2425046353256394)]
[(4, 0.52722496391716522)]
[(4, 0.63741794022399634)]
[(4, 0.59572507533877206), (6, 0.24161449409216942)]
[(4, 0.28853296192958289), (5, 0.31119793697785125)]
[(3, 0.30293581600979402), (6, 0.54701586458695695)]
[(2, 0.36323572845775359), (6, 0.33605882250173436)]
[(3, 0.54113010636857761), (6, 0.20988066589407661)]
[(3, 0.5111501550871228)]
[(3, 0.70820650595336032), (4, 0.2747343945312124)]
[(3, 0.40243669537329529), (4, 0.39656770194299867)]
[(6, 0.77545332283511526)]
[(2, 0.52717211677294329)]
[(0, 0.56157770682765662)]
[(4, 0.33020112032210031), (6, 0.36485278926143005)]
[(0, 0.65422561351706798), (6, 0.25791861214105577)]
[(0, 0.21020620817008823), (6, 0.52730828737110935)]
[(6, 0.5152244603870515)]
[(2, 0.41446907889278761), (6, 0.32090304398399372)]
[(0, 0.33773524620664597), (1, 0.22332377169534068), (2, 0.30569471062175468)]
[(2, 0.70626787091729515), (6, 0.2425041029576421)]
[(4, 0.52722164294637508)]
[(4, 0.63741737417102906)]
[(4, 0.595727950967747), (6, 0.24161730956724642)]
[(4, 0.28853403491824975), (5, 0.31119770437822619)]
[(3, 0.30293604876734365), (6, 0.54701790150349738)]
[(2, 0.36323543846209166), (6, 0.33605624262814038)]
[(3, 0.54112908037714902), (6, 0.20988033365338488)]
[(3, 0.51113821503968826)]
[(3, 0.70820145881264596), (4, 0.27473944303548192)]
[(3, 0.40243646424429602), (4, 0.39656660423068363)]
[(6, 0.77545539424455867)]
[(2, 0.52705589850087764)]
[(0, 0.56157834983415189)]
[(4, 0.33020181435595009), (6, 0.36484662064179535)]
[(0, 0.65422998915888897), (6, 0.25793263609061934)]
[(0, 0.21019507523988265), (6, 0.52730037697513976)]
[(6, 0.51519443818407507)]
[(2, 0.41443468935235478), (6, 0.32091589025212042)]
[(0, 0.33769568891975027), (1, 0.22331701516538646), (2, 0.30569384789842347)]
[(2, 0.70625241471433997), (6, 0.24250461425025976)]
[(4, 0.5272115904744098)]
[(4, 0.63741805368748783)]
[(4, 0.59572813938703706), (6, 0.24161913975514282)]
[(4, 0.28853255775881509), (5, 0.3111977399346223)]
[(3, 0.30293559761879513), (6, 0.54699755201373412)]
[(2, 0.36323604898542067), (6, 0.33606121773427339)]
[(3, 0.54113056784569347), (6, 0.20987885449702359)]
[(3, 0.51114589451521675)]
[(3, 0.70822205015184136), (4, 0.2747188392651736)]
[(3, 0.40242391919032783), (4, 0.39656590037703765)]
[(6, 0.77545563977886556)]
[(2, 0.52709925247930345)]
[(0, 0.56157748274653574)]
[(4, 0.33020116462212551), (6, 0.3648536891418438)]
[(0, 0.65422753607525597), (6, 0.25792478506491046)]
[(0, 0.2101816179640067), (6, 0.5272908058686463)]
[(6, 0.51517041351950599)]
[(2, 0.41441840600618796), (6, 0.32090219281431187)]
[(0, 0.3376867282317233), (1, 0.22331476411965492), (2, 0.30569321159340856)]
[(2, 0.70624432838745954), (6, 0.24250463084380236)]
[(4, 0.52719374636872773)]
[(4, 0.63741667504299659)]
[(4, 0.59572696960908278), (6, 0.24161861500871706)]
[(4, 0.28853372821694317), (5, 0.31119803241936123)]
[(3, 0.30293532472331575), (6, 0.54699349320672164)]
[(2, 0.36323672793419731), (6, 0.336065672056791)]
[(3, 0.54112947533469802), (6, 0.20987778256139922)]
[(3, 0.51113659862353877)]
[(3, 0.70820587554089465), (4, 0.27473502533807131)]
[(3, 0.40244036543404477), (4, 0.3965666378341216)]
[(6, 0.77545161571002796)]
[(2, 0.52707540540622744)]
[(0, 0.56157860560905259)]
[(4, 0.3302011235568002), (6, 0.364845228687108)]
[(0, 0.6542253007072425), (6, 0.25792100008973612)]
[(0, 0.21019222352901032), (6, 0.52729834961455679)]
[(6, 0.51515799858058231)]
[(2, 0.41443761667657042), (6, 0.32090826041909687)]
[(0, 0.33792363430714722), (1, 0.22338832042491949), (2, 0.30571649243995869)]
[(2, 0.70626933986409879), (6, 0.24250399117773513)]
[(4, 0.52718883893874624)]
[(4, 0.63741793795178581)]
[(4, 0.59572638359285046), (6, 0.24161483056229471)]
[(4, 0.28853219203676689), (5, 0.3111975630910212)]
[(3, 0.30293588998367654), (6, 0.54699030692920214)]
[(2, 0.36323701370332068), (6, 0.33606742216964097)]
[(3, 0.54112975149861109), (6, 0.20987981848098602)]
[(3, 0.51114248926040395)]
[(3, 0.70819307539001153), (4, 0.27474782833516959)]
[(3, 0.40243953222034862), (4, 0.3965663313418426)]
[(6, 0.77545392623196963)]
[(2, 0.52709550723291243)]
[(0, 0.56157330667093552)]
[(4, 0.33020072275147605), (6, 0.36485212444156762)]
[(0, 0.6542288954926293), (6, 0.25792842287629553)]
[(0, 0.21020158067865302), (6, 0.52730500018587168)]
[(6, 0.51516717892010655)]
[(2, 0.41443603103600596), (6, 0.32087959515063696)]
[(0, 0.33800572182096361), (1, 0.22343079196059401), (2, 0.3057252897081047)]
[(2, 0.70626866531204091), (6, 0.24250404509223844)]
[(4, 0.52721153329605419)]
[(4, 0.63741661480685252)]
[(4, 0.59572928251159052), (6, 0.241618604349287)]
[(4, 0.28853320245357683), (5, 0.31119792262172313)]
[(3, 0.30293986711093207), (6, 0.54701871635835719)]
[(2, 0.36323629023166387), (6, 0.33606286711352207)]
[(3, 0.54113067129220838), (6, 0.20987742612703622)]
[(3, 0.51113752231724296)]
[(3, 0.7082257196923194), (4, 0.27471516651711908)]
[(3, 0.40243772823243013), (4, 0.39656754901939628)]
[(6, 0.77545451613798133)]
[(2, 0.52708661846306148)]
[(0, 0.56157663356401988)]
[(4, 0.33020066551398691), (6, 0.36485192044378834)]
[(0, 0.6542323704136721), (6, 0.25793285843225122)]
[(0, 0.21018746628260515), (6, 0.52729496655275743)]
[(6, 0.51515621472246154)]
[(2, 0.4144517617086706), (6, 0.32088776323056378)]
[(0, 0.33760778681145531), (1, 0.22330264471128933), (2, 0.30569238448022945)]
[(2, 0.70626851419728232), (6, 0.24250405653933263)]
[(4, 0.527212770069863)]
[(4, 0.63741737239308116)]
[(4, 0.59572374566690722), (6, 0.24160225499295115)]
[(4, 0.28853382916047682), (5, 0.31119765101421082)]
[(3, 0.30293629901802982), (6, 0.54699300776082793)]
[(2, 0.36323549487336737), (6, 0.33605679875215799)]
[(3, 0.541128961105381), (6, 0.2098805260571403)]
[(3, 0.51114227201209339)]
[(3, 0.70822785654399267), (4, 0.27471302711088474)]
[(3, 0.40242099362042288), (4, 0.39656684194447273)]
[(6, 0.77545204565900017)]
[(2, 0.5271887394609821)]
[(0, 0.56157904627252619)]
[(4, 0.33020068780236222), (6, 0.364847148301708)]
[(0, 0.65422023409974517), (6, 0.25789700397219062)]
[(0, 0.21019651821568691), (6, 0.5273014026550652)]
[(6, 0.51512917568247862)]
[(2, 0.4144207296989813), (6, 0.32087050070986556)]
[(0, 0.33765151397150595), (1, 0.22330897269068059), (2, 0.30569261561283373)]
[(2, 0.70626924341603181), (6, 0.24250399918591375)]
[(4, 0.52721891233668206)]
[(4, 0.63741658747357821)]
[(4, 0.59572061806915666), (6, 0.24160078680798272)]
[(4, 0.28853305674976565), (5, 0.31119794309438387)]
[(3, 0.30293501160604031), (6, 0.54701178262643269)]
[(2, 0.36323539275225331), (6, 0.33605576078405008)]
[(3, 0.54112773375553358), (6, 0.20988031388921455)]
[(3, 0.51113441649714619)]
[(3, 0.70821401833617492), (4, 0.2747268774336919)]
[(3, 0.40244017262388759), (4, 0.39656626396433592)]
[(6, 0.77545362747661595)]
[(2, 0.52711704893460565)]
[(0, 0.56157697723042332)]
[(4, 0.33020108341981369), (6, 0.36485239231158201)]
[(0, 0.65422853971265327), (6, 0.25792588564529573)]
[(0, 0.21020399347304491), (6, 0.52730671428676645)]
[(6, 0.51518584661857003)]
[(2, 0.41444310184747835), (6, 0.32091846568234533)]
[(0, 0.33769863141356804), (1, 0.22331714660620638), (2, 0.30569369990416279)]
[(2, 0.7062694855497551), (6, 0.24250397887773231)]
[(4, 0.52721187290336102)]
[(4, 0.63741778045529163)]
[(4, 0.59572598370485785), (6, 0.24161365638957741)]
[(4, 0.28853346061913215), (5, 0.31119823072354119)]
[(3, 0.30293522493704034), (6, 0.54701736036723647)]
[(2, 0.36323645919875824), (6, 0.33606397277670125)]
[(3, 0.5411305160323594), (6, 0.20987692040047073)]
[(3, 0.51115038216678499)]
[(3, 0.70820480445408851), (4, 0.27473609625235262)]
[(3, 0.40243669066964055), (4, 0.39656595841056064)]
[(6, 0.77545134234290991)]
[(2, 0.52710815301929637)]
[(0, 0.56157583770147956)]
[(4, 0.33020153621617554), (6, 0.36485262152990239)]
[(0, 0.65422589952526877), (6, 0.25792062107751446)]
[(0, 0.21019297249276866), (6, 0.52729888211736364)]
[(6, 0.51522151835051244)]
[(2, 0.41445356174008741), (6, 0.32090933791853354)]
[(0, 0.33770896088582253), (1, 0.2233187619153813), (2, 0.30569380633110482)]
[(2, 0.70624559866926828), (6, 0.2425046356978143)]
[(4, 0.52719733115330736)]
[(4, 0.63741738872088616)]
[(4, 0.59572651664126519), (6, 0.24161729341291052)]
[(4, 0.28853278664539556), (5, 0.31119763772799536)]
[(3, 0.30293641194439608), (6, 0.54700860217098624)]
[(2, 0.3632358811152861), (6, 0.33606000105082406)]
[(3, 0.54112867051803826), (6, 0.20988097973371786)]
[(3, 0.51114277991582402)]
[(3, 0.70820878696575218), (4, 0.27473211241299705)]
[(3, 0.40242392571906316), (4, 0.39656236809152606)]
[(6, 0.77545086884711178)]
[(2, 0.52715825802925809)]
[(0, 0.5615744939459193)]
[(4, 0.33019977676564666), (6, 0.36485153606569176)]
[(0, 0.65422671665179644), (6, 0.25791987138384082)]
[(0, 0.21019137603365362), (6, 0.52729774701966503)]
[(6, 0.51519380451260166)]
[(2, 0.41441921191375364), (6, 0.32087170675760029)]
[(0, 0.33760900080351802), (1, 0.22330097565807447), (2, 0.30569118009884505)]
[(2, 0.70626890379336893), (6, 0.24250402657383968)]
[(4, 0.52722304873481296)]
[(4, 0.63741711345469187)]
[(4, 0.59572809351367662), (6, 0.24162170269061894)]
[(4, 0.28853363243462182), (5, 0.31119795846099696)]
[(3, 0.30294061720755738), (6, 0.54701306875829836)]
[(2, 0.36323608130463803), (6, 0.33606144463468457)]
[(3, 0.54113072524942862), (6, 0.20987974226688283)]
[(3, 0.51114785671644103)]
[(3, 0.70819628087260988), (4, 0.27474462226313018)]
[(3, 0.40242877532456445), (4, 0.39656590198487496)]
[(6, 0.77545297547784098)]
[(2, 0.52709710769691853)]
[(0, 0.56157892105003304)]
[(4, 0.33020159113474029), (6, 0.36485296710905751)]
[(0, 0.65422516138067122), (6, 0.25791948507982965)]
[(0, 0.21018500505181217), (6, 0.52729321578410693)]
[(6, 0.51511779779358291)]
[(2, 0.41441705791267947), (6, 0.3208908128993137)]
[(0, 0.3376554350845351), (1, 0.22330886045806514), (2, 0.30569217427834994)]
[(2, 0.70624960862458619), (6, 0.24250463347683601)]
[(4, 0.52722424118903566)]
[(4, 0.63741674004268556)]
[(4, 0.5957307554302278), (6, 0.24162460812986578)]
[(4, 0.28853367194056134), (5, 0.31119760013976044)]
[(3, 0.30293464470328552), (6, 0.54700479189264661)]
[(2, 0.36323645496482521), (6, 0.33606394546453855)]
[(3, 0.54112997000942931), (6, 0.20988209604599467)]
[(3, 0.51114215986453315)]
[(3, 0.70822295391336332), (4, 0.2747179350586938)]
[(3, 0.40243829270895354), (4, 0.39656809503167828)]
[(6, 0.77545483713906238)]
[(2, 0.52709019238496313)]
[(0, 0.56157739887920732)]
[(4, 0.33019778032843616), (6, 0.36484538116815529)]
[(0, 0.65422962143360719), (6, 0.25792826750046649)]
[(0, 0.21019128487983965), (6, 0.52729768220416917)]
[(6, 0.51518139495003468)]
[(2, 0.41443399627419791), (6, 0.32086792588526875)]
[(0, 0.33763719900856298), (1, 0.22330563624605287), (2, 0.30569172023144919)]
[(2, 0.70626891534488645), (6, 0.24250402566231011)]
[(4, 0.52720016241823642)]
[(4, 0.63741755125336574)]
[(4, 0.59573187582538978), (6, 0.24162858871242404)]
[(4, 0.28853323705519168), (5, 0.31119812640013689)]
[(3, 0.30294010479281319), (6, 0.54701295198280131)]
[(2, 0.3632354366605226), (6, 0.33605622423305842)]
[(3, 0.54112877472155529), (6, 0.20987920525586129)]
[(3, 0.51113730590579887)]
[(3, 0.70820499670003656), (4, 0.27473590418489929)]
[(3, 0.40243927029689908), (4, 0.396567347273241)]
[(6, 0.77547520410108262)]
[(2, 0.52712661369401415)]
[(0, 0.56158067870950201)]
[(4, 0.33020041367172975), (6, 0.36485204209158256)]
[(0, 0.65422056368121639), (6, 0.25789930264632416)]
[(0, 0.21018929719175766), (6, 0.52729626873148849)]
[(6, 0.51515984936560255)]
[(2, 0.41437987488054362), (6, 0.32085708953657233)]
[(0, 0.33773050514823572), (1, 0.22332314664906863), (2, 0.3056946691708724)]
[(2, 0.70624624300095917), (6, 0.2425046371810482)]
[(4, 0.52719656330671161)]
[(4, 0.63741785202611767)]
[(4, 0.59572919626273402), (6, 0.24162037364423375)]
[(4, 0.28853396102231316), (5, 0.31119793772940224)]
[(3, 0.30293576814140261), (6, 0.54699767265309562)]
[(2, 0.36323538761825475), (6, 0.33605571312724919)]
[(3, 0.54112950440565311), (6, 0.20987978150394157)]
[(3, 0.51115048243321604)]
[(3, 0.70819527141535477), (4, 0.27474563195167534)]
[(3, 0.40243908184602745), (4, 0.3965661762392384)]
[(6, 0.77547500366334698)]
[(2, 0.52709695665330936)]
[(0, 0.56157796617049993)]
[(4, 0.33020010093901536), (6, 0.36485402886998236)]
[(0, 0.65422574566235092), (6, 0.25792084534057746)]
[(0, 0.21019842301652228), (6, 0.52730275642760616)]
[(6, 0.51515629374913452)]
[(2, 0.41444727206164061), (6, 0.32090129815872093)]
[(0, 0.33761120057674543), (1, 0.22330200806024464), (2, 0.30569154899020839)]
[(2, 0.7062542202241977), (6, 0.24250459314614292)]
[(4, 0.52720125712618737)]
[(4, 0.63741797387961696)]
[(4, 0.59573121494535874), (6, 0.24162205617741425)]
[(4, 0.28853281160382138), (5, 0.31119791950003756)]
[(3, 0.3029368991584534), (6, 0.5469856708046974)]
[(2, 0.36323535040696847), (6, 0.33605528000138596)]
[(3, 0.54113066028514045), (6, 0.20987872908203431)]
[(3, 0.51113664987842711)]
[(3, 0.57109211132578297)]
