[(2, 0.57142854912866392)]
[(3, 0.63037494810172623), (4, 0.34204751956645518)]
[(3, 0.25696554170120156), (6, 0.50322374048047425)]
[(2, 0.35476259184956421), (6, 0.22058339437980706)]
[(0, 0.26039802206842544), (4, 0.34253487103921398), (6, 0.24134864543760165)]
[(0, 0.33043123447554468), (6, 0.42595157348803525)]
[(6, 0.59944667163246146)]
[(6, 0.5148647796020519)]
[(2, 0.29332693854190012), (3, 0.28083016171797764), (4, 0.22555062337706219)]
[(4, 0.63174964304476833), (6, 0.23097984545434463)]
[(4, 0.27045687939951307), (6, 0.25784585978884311)]
[(4, 0.41678424811522646), (6, 0.22515062265563013)]
[(3, 0.2363351594063666), (6, 0.35126684002104419)]
[(3, 0.59358049265579127)]
[(0, 0.23579161318577221), (2, 0.25930911843653576)]
[(3, 0.44762137177854078)]
[(3, 0.36490240404037627), (6, 0.40823086679035087)]
[(5, 0.21389822885667331), (6, 0.41309135463671987)]
[(0, 0.21485977045259233), (4, 0.22495111575859467), (6, 0.51930366526083183)]
[(1, 0.48901643444577575), (6, 0.22335728248476244)]
[(1, 0.30116222311270369), (3, 0.232651447767768)]
[(3, 0.63037991762761825), (4, 0.34204278643748609)]
[(3, 0.25696530316443528), (6, 0.50322371375091923)]
[(2, 0.35475469641670543), (6, 0.22058597577179626)]
[(0, 0.26040036223567525), (4, 0.34253589242905408), (6, 0.24134951489882148)]
[(0, 0.33043187724483758), (6, 0.42595222606665256)]
[(6, 0.5994439954325379)]
[(6, 0.51486728600473819)]
[(2, 0.29333259841395143), (3, 0.28083067803237333), (4, 0.22559341962504262)]
[(4, 0.63175101341539008), (6, 0.23098014730096622)]
[(4, 0.27043541651230235), (6, 0.25782828535860119)]
[(4, 0.41678490418081737), (6, 0.2251522831979367)]
[(3, 0.23633717533534529), (6, 0.35126958946008152)]
[(3, 0.59357568142153871)]
[(0, 0.23584812936296698), (2, 0.25926852948859386)]
[(3, 0.44762171938163714)]
[(3, 0.36490502626860305), (6, 0.4082327712917192)]
[(5, 0.21388530756596746), (6, 0.41307628646836142)]
[(0, 0.21487533586805688), (4, 0.22495488602094582), (6, 0.51928432920427703)]
[(1, 0.48901006877742503), (6, 0.22335267357346428)]
[(1, 0.30113454655444227), (3, 0.23268397467109853)]
[(3, 0.63037068327100532), (4, 0.34205131881651363)]
[(3, 0.25695705364759419), (6, 0.50322853432495152)]
[(2, 0.35475307327486255), (6, 0.22058680631417896)]
[(0, 0.26039900917863312), (4, 0.3425350936237419), (6, 0.2413489709827894)]
[(0, 0.33043246359505862), (6, 0.42595272756219066)]
[(6, 0.59946997262581914)]
[(6, 0.51486984233003441)]
[(2, 0.29332771145616776), (3, 0.28083684847984541), (4, 0.22558423055267468)]
[(4, 0.63174847161987258), (6, 0.2309793878587442)]
[(4, 0.27044859822318584), (6, 0.25784198911006484)]
[(4, 0.41678505933924859), (6, 0.22515255992421984)]
[(3, 0.23633647998964735), (6, 0.35126869886175227)]
[(3, 0.59357262049840087)]
[(0, 0.23578774486572743), (2, 0.25931218339763429)]
[(3, 0.44762191412972596)]
[(3, 0.36490627161049216), (6, 0.40823543446746557)]
[(5, 0.21387658189440978), (6, 0.41306565578231952)]
[(0, 0.214936439493736), (4, 0.22497078758096287), (6, 0.51920732251641721)]
[(1, 0.48901702722894957), (6, 0.2233574366391973)]
[(1, 0.30115019251315672), (3, 0.23266764033816226)]
[(3, 0.63037814865913655), (4, 0.34204448556213912)]
[(3, 0.25696582556021164), (6, 0.50322348469720624)]
[(2, 0.35475543782277247), (6, 0.22058627706699216)]
[(0, 0.26039890903832102), (4, 0.34253541058437215), (6, 0.2413490129750093)]
[(0, 0.33043311701286404), (6, 0.42595323535435448)]
[(6, 0.59943871287134087)]
[(6, 0.51486509948502168)]
[(2, 0.29333774685416897), (3, 0.28078887052060497), (4, 0.22552615872884155)]
[(4, 0.63174913052285364), (6, 0.23097967462966842)]
[(4, 0.27045358300362776), (6, 0.2578502321176438)]
[(4, 0.4167849427677775), (6, 0.22515219967585137)]
[(3, 0.23633614638869993), (6, 0.3512682788009453)]
[(3, 0.5935769645892045)]
[(0, 0.23575473950541218), (2, 0.25933337363358072)]
[(3, 0.44761844304946374)]
[(3, 0.36490517729377669), (6, 0.40823404424662812)]
[(5, 0.2138845180029485), (6, 0.41307415451913265)]
[(0, 0.21487097572654595), (4, 0.22495367526452673), (6, 0.51928990021018495)]
[(1, 0.48901045802436932), (6, 0.22335301918156772)]
[(1, 0.30117194791664786), (3, 0.23263989117078757)]
[(3, 0.63036417052908333), (4, 0.34205660034449903)]
[(3, 0.25696398343528792), (6, 0.50322475675236389)]
[(2, 0.35475218289993021), (6, 0.22058722207118597)]
[(0, 0.26039817678232963), (4, 0.34253463109269533), (6, 0.24134864869887407)]
[(0, 0.33043351262399628), (6, 0.42595366420894676)]
[(6, 0.59946836665552927)]
[(6, 0.5148706486026301)]
[(2, 0.29332961595637663), (3, 0.28083558863862695), (4, 0.22559301296093529)]
[(4, 0.63174983057120959), (6, 0.23097994653167866)]
[(4, 0.27044495238304206), (6, 0.25780230670378684)]
[(4, 0.41678479481207664), (6, 0.22515201066239568)]
[(3, 0.23633607631468156), (6, 0.35126820526297531)]
[(3, 0.59357545787007493)]
[(0, 0.23586637824369874), (2, 0.25925396661775024)]
[(3, 0.44762174819005296)]
[(3, 0.36490292479241049), (6, 0.40823149517598539)]
[(5, 0.21385736312496501), (6, 0.41304406385343206)]
[(0, 0.21486217591814144), (4, 0.22495172847643596), (6, 0.51930064701856449)]
[(1, 0.48901854346474477), (6, 0.22335878240093737)]
[(1, 0.30114042090691107), (3, 0.23267633119376888)]
[(3, 0.63037111332884954), (4, 0.34205102859985748)]
[(3, 0.25696204918803189), (6, 0.50322467805282023)]
[(2, 0.35475726318208567), (6, 0.22058468523228367)]
[(0, 0.26039650001848752), (4, 0.34253431447218569), (6, 0.24134813076565606)]
[(0, 0.33042956072837137), (6, 0.42595014029341283)]
[(6, 0.59944466949611641)]
[(6, 0.51486577444159709)]
[(2, 0.29332295157214899), (3, 0.28083744087529772), (4, 0.22555607734797284)]
[(4, 0.63174780836071209), (6, 0.23097896930271761)]
[(4, 0.27042457922495866), (6, 0.25779926676718301)]
[(4, 0.41678388025767249), (6, 0.22514947949333755)]
[(3, 0.23633688433536801), (6, 0.35126924199598081)]
[(3, 0.59358204797924463)]
[(0, 0.23585879407239035), (2, 0.25925975752454922)]
[(3, 0.44761771272582929)]
[(3, 0.36490413245899622), (6, 0.40823240983286896)]
[(5, 0.21388741537297823), (6, 0.41307803819879063)]
[(0, 0.21488024760073718), (4, 0.22495788258206106), (6, 0.51927642076912339)]
[(1, 0.48900981558707141), (6, 0.22335231958770405)]
[(1, 0.30117492814478114), (3, 0.23263098698656259)]
[(3, 0.63037735477773726), (4, 0.34204526096432725)]
[(3, 0.25695706364730486), (6, 0.50322843918435078)]
[(2, 0.35474950606335132), (6, 0.22058851768398799)]
[(0, 0.26039833349601577), (4, 0.34253501226461003), (6, 0.2413487759865037)]
[(0, 0.33043506852356247), (6, 0.42595506686177276)]
[(6, 0.59944103400474291)]
[(6, 0.51486776692481895)]
[(2, 0.29332409536914444), (3, 0.28084726926114723), (4, 0.22555862332607765)]
[(4, 0.63175307591686014), (6, 0.23098041941366668)]
[(4, 0.2704716313583877), (6, 0.25783730979792413)]
[(4, 0.41678426830601084), (6, 0.22515043163439491)]
[(3, 0.23633564976634924), (6, 0.35126763480173862)]
[(3, 0.59364061586138317)]
[(0, 0.2357868751168021), (2, 0.25931157419790485)]
[(3, 0.44762240922443525)]
[(3, 0.36490544679913595), (6, 0.40823395767318366)]
[(5, 0.21389944654784679), (6, 0.41309258408939525)]
[(0, 0.21486089851103601), (4, 0.22495119402453126), (6, 0.51930245891136373)]
[(1, 0.48901300435694933), (6, 0.2233544854248895)]
[(1, 0.30116600334879534), (3, 0.23263955926009833)]
[(3, 0.63037881513982708), (4, 0.34204386400682918)]
[(3, 0.25696434347940744), (6, 0.50322385342800191)]
[(2, 0.35475174978960478), (6, 0.22058720010850827)]
[(0, 0.26039737426100418), (4, 0.34253508109729208), (6, 0.24134851725509618)]
[(0, 0.33043444351158524), (6, 0.4259544538490484)]
[(6, 0.59947030904462983)]
[(6, 0.51486802261176767)]
[(2, 0.29333259281164614), (3, 0.28081197207211606), (4, 0.22554804928527142)]
[(4, 0.63175051785805181), (6, 0.23098007599036977)]
[(4, 0.27047999909833742), (6, 0.25784822798845486)]
[(4, 0.41678470209174706), (6, 0.22515196998725256)]
[(3, 0.23633586583146801), (6, 0.35126792320049388)]
[(3, 0.59363512828354592)]
[(0, 0.23583992194166345), (2, 0.25927473112725846)]
[(3, 0.44761909884933315)]
[(3, 0.36490379751862284), (6, 0.4082320163638869)]
[(5, 0.21387725625594878), (6, 0.41306724342999462)]
[(0, 0.21483586387711234), (4, 0.22494451291777118), (6, 0.51933417526820935)]
[(1, 0.48901331374078189), (6, 0.22335508892728465)]
[(1, 0.30112184607199877), (3, 0.23269948464011619)]
[(3, 0.63037850486610258), (4, 0.34204415281552697)]
[(3, 0.25696521630027525), (6, 0.50322274492638197)]
[(2, 0.35475073358721271), (6, 0.2205873526205071)]
[(0, 0.26039791759602149), (4, 0.34253454246541287), (6, 0.24134856605569266)]
[(0, 0.33043142541366527), (6, 0.42595175973938915)]
[(6, 0.59944395292375652)]
[(6, 0.51486209054743859)]
[(2, 0.29335829724096285), (3, 0.2807501161600659), (4, 0.22555202965233359)]
[(4, 0.63174914082076195), (6, 0.23097945625782024)]
[(4, 0.27045607081038164), (6, 0.25781701045367267)]
[(4, 0.41678409910077069), (6, 0.22515027936421714)]
[(3, 0.23633517340816212), (6, 0.35126680193675902)]
[(3, 0.59365000084870867)]
[(0, 0.23576254215803813), (2, 0.25932865965478247)]
[(3, 0.44761887864470207)]
[(3, 0.36490413965166252), (6, 0.4082329516191936)]
[(5, 0.21388123417551411), (6, 0.41307095886494)]
[(0, 0.2148637250303195), (4, 0.22495213616507415), (6, 0.51929869017967023)]
[(1, 0.48901870430331801), (6, 0.22335867920766389)]
[(1, 0.30118728782163545), (3, 0.23262248991252388)]
[(3, 0.63037772165018691), (4, 0.34204486588504895)]
[(3, 0.25696195208013095), (6, 0.50322511661960057)]
[(2, 0.3547578895623813), (6, 0.22058468608036388)]
[(0, 0.26039865305545939), (4, 0.34253479190996111), (6, 0.24134881295993171)]
[(0, 0.33043277086234385), (6, 0.42595298694075245)]
[(6, 0.59944377619409628)]
[(6, 0.51487091489346648)]
[(2, 0.29334074804912647), (3, 0.28078918154867466), (4, 0.22553669153317854)]
[(4, 0.63175485522972308), (6, 0.23098075643412605)]
[(4, 0.27047319318327773), (6, 0.25782765512122879)]
[(4, 0.41678441310757131), (6, 0.22515055238258008)]
[(3, 0.23633648321564962), (6, 0.35126873160584704)]
[(3, 0.59356818986992377)]
[(0, 0.23578570263383783), (2, 0.25931335605779471)]
[(3, 0.44761872047824502)]
[(3, 0.36490377974769744), (6, 0.40823245588364493)]
[(5, 0.21388855848721969), (6, 0.41307929896302242)]
[(0, 0.21486425118531466), (4, 0.22495236713312203), (6, 0.51929793304257754)]
[(1, 0.48901852736958246), (6, 0.22335864902117605)]
[(1, 0.30120868561965769), (3, 0.23259082321445199)]
[(3, 0.63037672907978548), (4, 0.34204582750992329)]
[(3, 0.25696311961381074), (6, 0.50322442314833482)]
[(2, 0.35476001944331753), (6, 0.22058373177479929)]
[(0, 0.2604003536952495), (4, 0.3425364075949946), (6, 0.24134959980450477)]
[(0, 0.33043302276104297), (6, 0.42595315653885013)]
[(6, 0.59943871401835358)]
[(6, 0.51487060168948773)]
[(2, 0.29332593028077963), (3, 0.28085107770314371), (4, 0.22560459126511609)]
[(4, 0.63174922032846836), (6, 0.23097985242814462)]
[(4, 0.27045612506155342), (6, 0.25780448820857776)]
[(4, 0.41678359025474915), (6, 0.2251491713856329)]
[(3, 0.23633639636445258), (6, 0.35126859429919688)]
[(3, 0.59358481841420574)]
[(0, 0.23583618418437169), (2, 0.25927765579294404)]
[(3, 0.4476226754140662)]
[(3, 0.36490627692826899), (6, 0.40823483169288455)]
[(5, 0.21389407491365772), (6, 0.41308668321288949)]
[(0, 0.21488225754384813), (4, 0.22496189270178743), (6, 0.51927040061461383)]
[(1, 0.48901009085967334), (6, 0.22335259216468786)]
[(1, 0.30116987234929515), (3, 0.23263494096198398)]
[(3, 0.63036961247194356), (4, 0.3420522368874459)]
[(3, 0.25695948446195876), (6, 0.50322680798997954)]
[(2, 0.35474870918983642), (6, 0.22058851419222972)]
[(0, 0.26039911518702474), (4, 0.34253465627327195), (6, 0.2413489213773739)]
[(0, 0.33043290852875284), (6, 0.42595310565797989)]
[(6, 0.59945763298880672)]
[(6, 0.51486569844426799)]
[(2, 0.29332724988784686), (3, 0.28082195059059756), (4, 0.22554378194487443)]
[(4, 0.63175181576591199), (6, 0.2309797630191491)]
[(4, 0.27044736428572042), (6, 0.25782102177493099)]
[(4, 0.41678408323717869), (6, 0.22514991317866639)]
[(3, 0.23633600714650643), (6, 0.35126808675883131)]
[(3, 0.5935689613473295)]
[(0, 0.23582826366180856), (2, 0.2592830774890707)]
[(3, 0.44762248150425588)]
[(3, 0.36490350491827123), (6, 0.40823285695899109)]
[(5, 0.21387456381813111), (6, 0.41306390560572714)]
[(0, 0.21487573397380752), (4, 0.22495646132511402), (6, 0.51928235576680304)]
[(1, 0.48901802045201176), (6, 0.22335820099784329)]
[(1, 0.30114533963020146), (3, 0.23267322944550514)]
[(3, 0.63036338219794685), (4, 0.3420574927361964)]
[(3, 0.25695607514326013), (6, 0.50322790172320675)]
[(2, 0.35475792392127092), (6, 0.22058471483126074)]
[(0, 0.26040045812960216), (4, 0.34253580287794855), (6, 0.24134952360524714)]
[(0, 0.33043345896313864), (6, 0.42595359138007732)]
[(6, 0.59945472831765167)]
[(6, 0.51486892533145168)]
[(2, 0.29332271277495653), (3, 0.28083112680594718), (4, 0.22553851867176819)]
[(4, 0.63175152726456063), (6, 0.23098035230019645)]
[(4, 0.27040618109425274), (6, 0.25779584209811568)]
[(4, 0.41678410047433528), (6, 0.22515067442396147)]
[(3, 0.23633681061596862), (6, 0.35126911087295504)]
[(3, 0.59366419022671368)]
[(0, 0.23576393619144648), (2, 0.25932801985314241)]
[(3, 0.44761770635836007)]
[(3, 0.36490307318865167), (6, 0.40823066580595446)]
[(5, 0.21389715721576613), (6, 0.41309097390302119)]
[(0, 0.21488554124964993), (4, 0.22495799188542781), (6, 0.51927101770212503)]
[(1, 0.48901862169736821), (6, 0.22335873496910555)]
[(1, 0.30119729251142485), (3, 0.23260978492686191)]
[(3, 0.63037042525393283), (4, 0.34205154198047971)]
[(3, 0.2569627338563174), (6, 0.50322557344138763)]
[(2, 0.3547558755638629), (6, 0.2205854934083597)]
[(0, 0.26039898442630233), (4, 0.34253526255987637), (6, 0.24134900039842036)]
[(0, 0.33043324080561465), (6, 0.42595339384378872)]
[(6, 0.59945246597030288)]
[(6, 0.51487255397394738)]
[(2, 0.29333189223178047), (3, 0.28083228367188595), (4, 0.22559576524333297)]
[(4, 0.63174952808062301), (6, 0.23097993343496762)]
[(4, 0.27041500197089019), (6, 0.25781829987658517)]
[(4, 0.41678489510445749), (6, 0.22515198408691164)]
[(3, 0.23633529827826427), (6, 0.35126713269674897)]
[(3, 0.59357404216302212)]
[(0, 0.23581420468651876), (2, 0.25929325310690998)]
[(3, 0.4476219253700543)]
[(3, 0.36490357267649454), (6, 0.4082305503212782)]
[(5, 0.21386400120843488), (6, 0.41305072559073369)]
[(0, 0.21487188282992944), (4, 0.22495406408408333), (6, 0.51928860426313161)]
[(1, 0.48901496682984741), (6, 0.2233561456183647)]
[(1, 0.30111913326472378), (3, 0.23269173768139834)]
[(3, 0.63035699760999486), (4, 0.34206248418910706)]
[(3, 0.25696462916232915), (6, 0.50322342547442855)]
[(2, 0.35475393868292043), (6, 0.2205862450987702)]
[(0, 0.26039917411167424), (4, 0.34253603896231044), (6, 0.24134920144913652)]
[(0, 0.33043510813212451), (6, 0.42595502647865019)]
[(6, 0.59943794036546738)]
[(6, 0.51486492276090612)]
[(2, 0.29332943874111073), (3, 0.28082291070363635), (4, 0.22556754398588263)]
[(4, 0.63175124460709375), (6, 0.23098018352141794)]
[(4, 0.27040846004758679), (6, 0.25785849032465386)]
[(4, 0.41678433961033912), (6, 0.22515066914831813)]
[(3, 0.23633675694465237), (6, 0.35126901176040859)]
[(3, 0.59357580992936987)]
[(0, 0.23577147722240682), (2, 0.25932298367263285)]
[(3, 0.4476209353679263)]
[(3, 0.36490627696166694), (6, 0.40823574888710629)]
[(5, 0.21388807886743691), (6, 0.41307886917592429)]
[(0, 0.21490645557047577), (4, 0.22496314758147135), (6, 0.51924494717474479)]
[(1, 0.48901883697280113), (6, 0.223359102700251)]
[(1, 0.30117251434204206), (3, 0.23263374403642881)]
[(3, 0.63035550438922627), (4, 0.34206387048621029)]
[(3, 0.25696326810224945), (6, 0.50322445972845997)]
[(2, 0.35475218422598626), (6, 0.22058669936045136)]
[(0, 0.26039712875023069), (4, 0.3425359636748499), (6, 0.2413486155430728)]
[(0, 0.33043470594700036), (6, 0.42595473048944266)]
[(6, 0.59945156306316494)]
[(6, 0.51486610989288162)]
[(2, 0.29337292840181228), (3, 0.28074496071759242), (4, 0.22562210678192357)]
[(4, 0.63175225785018774), (6, 0.2309804241619812)]
[(4, 0.27047530682329546), (6, 0.25780970891868832)]
[(4, 0.4167850912633973), (6, 0.2251522184932607)]
[(3, 0.23633502799069736), (6, 0.35126653635442451)]
[(3, 0.59358450053120559)]
[(0, 0.23576654434795166), (2, 0.25932615125891173)]
[(3, 0.44762219057010588)]
[(3, 0.36490293099156801), (6, 0.40823138200028303)]
[(5, 0.21388790863927554), (6, 0.4130792105492872)]
[(0, 0.2148449965407975), (4, 0.22494778968815796), (6, 0.51932176559929444)]
[(1, 0.48900928254468945), (6, 0.2233520372618446)]
[(1, 0.30117199574956099), (3, 0.23262839130329188)]
[(3, 0.63037579759911688), (4, 0.34204674184642436)]
[(3, 0.25696088727353311), (6, 0.50322601841977754)]
[(2, 0.35475474236107829), (6, 0.22058615608722579)]
[(0, 0.26039453248917527), (4, 0.34253287869010957), (6, 0.24134729628700127)]
[(0, 0.33043466795657878), (6, 0.42595467917999036)]
[(6, 0.59946584992325236)]
[(6, 0.51486497770271455)]
[(2, 0.29333012604868924), (3, 0.28083207235536073), (4, 0.22558657759804396)]
[(4, 0.63174966149882161), (6, 0.23097949842423376)]
[(4, 0.27047040371966713), (6, 0.25784445032308279)]
[(4, 0.41678388162075991), (6, 0.22515017274760915)]
[(3, 0.23633601133600418), (6, 0.35126811597342683)]
[(3, 0.59358180472958344)]
[(0, 0.23578598592458225), (2, 0.25931327433459789)]
[(3, 0.44762057486894852)]
[(3, 0.36490371438644292), (6, 0.40823222284955596)]
[(5, 0.21389441631105074), (6, 0.41308655535145417)]
[(0, 0.21483705129917793), (4, 0.22494487134289301), (6, 0.51933262939130798)]
[(1, 0.4890101322325246), (6, 0.22335238375013919)]
[(1, 0.30114108045769716), (3, 0.23266782469807784)]
[(3, 0.63035928811739239), (4, 0.3420608283745063)]
[(3, 0.25695847856478443), (6, 0.50322719403430161)]
[(2, 0.35475976162636969), (6, 0.22058364593351718)]
[(0, 0.26039781021212693), (4, 0.34253422386669774), (6, 0.24134847637923604)]
[(0, 0.33043303179973765), (6, 0.42595322719852746)]
[(6, 0.59946748906688574)]
[(6, 0.51487069678355279)]
[(2, 0.29333009329538029), (3, 0.28082850915465091), (4, 0.22557847560177052)]
[(4, 0.6317498867570539), (6, 0.23098009857238119)]
[(4, 0.27046403529450141), (6, 0.25783745479525727)]
[(4, 0.41678375290052261), (6, 0.22514952981795677)]
[(3, 0.2363366659173326), (6, 0.35126889333328742)]
[(3, 0.59356889212724095)]
[(0, 0.23583657485676635), (2, 0.25927728914591874)]
[(3, 0.44761734490570726)]
[(3, 0.36490238534057157), (6, 0.40823178145349881)]
[(5, 0.21386968740625217), (6, 0.41305816962298453)]
[(0, 0.21484129534500643), (4, 0.22494594743916202), (6, 0.51932730914547165)]
[(1, 0.48901926851213334), (6, 0.22335904459883701)]
[(1, 0.301196299978506), (3, 0.23261153184020528)]
[(3, 0.63037888032650868), (4, 0.34204376781481777)]
[(3, 0.25696086667730522), (6, 0.50322546605590479)]
[(2, 0.35475058894114697), (6, 0.22058793092179652)]
[(0, 0.26039975220117106), (4, 0.34253557608523466), (6, 0.24134927581459728)]
[(0, 0.33043168920131633), (6, 0.42595199641167292)]
[(6, 0.59946415043576673)]
[(6, 0.51486712077717023)]
[(2, 0.29332503308650809), (3, 0.28084237624977521), (4, 0.22558272875239377)]
[(4, 0.63175074086016625), (6, 0.23098031709220623)]
[(4, 0.2704773814542723), (6, 0.25783094826046765)]
[(4, 0.41678496919170677), (6, 0.22515224846384443)]
[(3, 0.23633582497803135), (6, 0.35126784609460604)]
[(3, 0.59360689888743012)]
[(0, 0.2358606556859115), (2, 0.25925862128611371)]
[(3, 0.44761923415173122)]
[(3, 0.36490677318408071), (6, 0.40823609424996687)]
[(5, 0.21388329094593872), (6, 0.41307514327871692)]
[(0, 0.21489023693627982), (4, 0.2249590559752136), (6, 0.51926525781225019)]
[(1, 0.48901139351515815), (6, 0.22335363967047345)]
[(1, 0.30111202153275984), (3, 0.23270275125150405)]
[(3, 0.63036554645474319), (4, 0.34205523929639892)]
[(3, 0.256962113983152), (6, 0.50322500246419932)]
[(2, 0.35475060352390497), (6, 0.22058702124955765)]
[(0, 0.26039906180403721), (4, 0.34253580091578062), (6, 0.24134912901336103)]
[(0, 0.33043484601279732), (6, 0.42595483548376362)]
[(6, 0.59943930752220997)]
[(6, 0.51486501635687842)]
[(2, 0.29332402680593561), (3, 0.28083728076344361), (4, 0.22556338679570739)]
[(4, 0.63174980094504118), (6, 0.23098012242296456)]
[(4, 0.27043288127059339), (6, 0.25782461412835456)]
[(4, 0.41678445211156667), (6, 0.22515059044047228)]
[(3, 0.23633697738240395), (6, 0.3512693334136382)]
[(3, 0.59361753084645952)]
[(0, 0.23576700753071697), (2, 0.25932582783152519)]
[(3, 0.44761958559806742)]
[(3, 0.36490245930176607), (6, 0.40823202222242516)]
[(5, 0.21386492998201612), (6, 0.41305159009377634)]
[(0, 0.2148683408664121), (4, 0.22495358281714231), (6, 0.5192926275752402)]
[(1, 0.48901109802946519), (6, 0.22335304015765181)]
[(1, 0.30113779050224482), (3, 0.23268033949984845)]
[(3, 0.63036273781184737), (4, 0.34205799556740479)]
[(3, 0.2569612022492398), (6, 0.50322539503669528)]
[(2, 0.35476218605902915), (6, 0.22058341335203799)]
[(0, 0.26039701898538992), (4, 0.34253487395372217), (6, 0.24134838926748797)]
[(0, 0.3304334555744014), (6, 0.4259536223997924)]
[(6, 0.59945590360546563)]
[(6, 0.51486638640993143)]
[(2, 0.29332894258442443), (3, 0.28081196185048019), (4, 0.22553062776539612)]
[(4, 0.63175518452371615), (6, 0.23098063369777938)]
[(4, 0.270446745244108), (6, 0.25783013027465351)]
[(4, 0.41678436091215981), (6, 0.22515062309824199)]
[(3, 0.23633584186681858), (6, 0.35126790339094566)]
[(3, 0.59358235801757309)]
[(0, 0.2357982061929115), (2, 0.25930445652294981)]
[(3, 0.44761826889666623)]
[(3, 0.36490531307548596), (6, 0.40823405846522737)]
[(5, 0.21387962030930227), (6, 0.41306936220751289)]
[(0, 0.21489149238126146), (4, 0.2249602862353158), (6, 0.51926277206543447)]
[(1, 0.48901888346020256), (6, 0.22335903920031261)]
[(1, 0.30116579803785126), (3, 0.23264138331978235)]
[(3, 0.63036839242737086), (4, 0.34205336033354833)]
[(3, 0.25696631563450001), (6, 0.50322326891781322)]
[(2, 0.35475832387090755), (6, 0.22058447671178849)]
[(0, 0.26039225064542415), (4, 0.34253452379594002), (6, 0.24134705713965701)]
[(0, 0.33043075137692696), (6, 0.42595122864212037)]
[(6, 0.59946482115029875)]
[(6, 0.51486942925790913)]
[(2, 0.29333025006648561), (3, 0.28083597224316581), (4, 0.22559405454666734)]
[(4, 0.63174921280086982), (6, 0.23097965923385344)]
[(4, 0.27046308884195114), (6, 0.25778819028294336)]
[(4, 0.41678484307569091), (6, 0.22515209324372404)]
[(3, 0.23633621298255478), (6, 0.35126840560005346)]
[(3, 0.59357671855682126)]
[(0, 0.23582297144509273), (2, 0.25928684846945443)]
[(3, 0.44761819100701422)]
[(3, 0.36490336035407295), (6, 0.40823158386861774)]
[(5, 0.21389108339943885), (6, 0.41308369333467426)]
[(0, 0.21486292268001053), (4, 0.22495221887831743), (6, 0.51929940983291445)]
[(1, 0.48901955987353485), (6, 0.2233595007489351)]
[(1, 0.30114928651274708), (3, 0.23267071236052744)]
[(3, 0.63037934296273002), (4, 0.34204335360520721)]
[(3, 0.25696330979126719), (6, 0.50322478156155614)]
[(2, 0.35475694199894697), (6, 0.22058546381823577)]
[(0, 0.26039718087317282), (4, 0.34253420315631894), (6, 0.24134829343373071)]
[(0, 0.33043347264459133), (6, 0.42595359966294033)]
[(6, 0.59944121700317687)]
[(6, 0.51486480608997631)]
[(2, 0.2933315503862019), (3, 0.28083325020217242), (4, 0.22559544075039065)]
[(4, 0.63175272692917772), (6, 0.2309802278489903)]
[(4, 0.27045055107590188), (6, 0.25784475325696915)]
[(4, 0.41678497001251957), (6, 0.22515230970438066)]
[(3, 0.23633582756921226), (6, 0.35126791681378794)]
[(3, 0.59361102528142196)]
[(0, 0.23575392533919082), (2, 0.25933421740700385)]
[(3, 0.44762162045938808)]
[(3, 0.36490370951701234), (6, 0.40823233137579135)]
[(5, 0.21389799969983994), (6, 0.41309166794419933)]
[(0, 0.214855603249233), (4, 0.22494992550107598), (6, 0.5193090228252516)]
[(1, 0.48901700014799854), (6, 0.22335773552989563)]
[(1, 0.30118171424111523), (3, 0.23261852977067499)]
[(3, 0.63037198472098244), (4, 0.34205019766117623)]
[(3, 0.25696029074403676), (6, 0.50322634036792169)]
[(2, 0.354750959067408), (6, 0.22058773267756751)]
[(0, 0.26040021455736789), (4, 0.34253779838099402), (6, 0.24134982528607202)]
[(0, 0.33043394511804847), (6, 0.42595408639369869)]
[(6, 0.59946966026536908)]
[(6, 0.51486541870805658)]
[(2, 0.29332378557088018), (3, 0.2808438812297584), (4, 0.22557946442075014)]
[(4, 0.63174921769616665), (6, 0.23097979244938877)]
[(4, 0.27043469173213242), (6, 0.25782180078915473)]
[(4, 0.41678434591040348), (6, 0.22515055646562285)]
[(3, 0.236336199092824), (6, 0.3512683770921447)]
[(3, 0.5935785483262348)]
[(0, 0.23575510641100181), (2, 0.2593335041410339)]
[(3, 0.44762275290180503)]
[(3, 0.36490297005749089), (6, 0.40823239295992547)]
[(5, 0.21389896433240227), (6, 0.41309198493294552)]
[(0, 0.21484715049342529), (4, 0.22494835829654924), (6, 0.51931904298534193)]
[(1, 0.48901771339401029), (6, 0.22335832401969585)]
[(1, 0.30115662594994086), (3, 0.2326586956152514)]
[(3, 0.63037207114070759), (4, 0.34205011447096123)]
[(3, 0.25696090647557823), (6, 0.50322565945499809)]
[(2, 0.35474920094784396), (6, 0.22058767755697603)]
[(0, 0.26039702457746178), (4, 0.34253462448322419), (6, 0.24134834211612524)]
[(0, 0.33043075630671809), (6, 0.4259511367148654)]
[(6, 0.59946778623900043)]
[(6, 0.51487132719472861)]
[(2, 0.29332043881116138), (3, 0.28083056334187528), (4, 0.22552244603317109)]
[(4, 0.6317553710941689), (6, 0.23098077923094634)]
[(4, 0.27043262309760141), (6, 0.25781053680094651)]
[(4, 0.41678476173183548), (6, 0.22515194686977771)]
[(3, 0.23633636445749373), (6, 0.35126855846462368)]
[(3, 0.59358486935662613)]
[(0, 0.23577991377450955), (2, 0.25931757561490776)]
[(3, 0.44761769494104048)]
[(3, 0.36490287587728848), (6, 0.40823224012725889)]
[(5, 0.21387008653072778), (6, 0.41305891545286477)]
[(0, 0.21489218797118353), (4, 0.22495974819673234), (6, 0.51926261450566624)]
[(1, 0.48901109776954554), (6, 0.22335336272115053)]
[(1, 0.30114617716960734), (3, 0.23267117685853525)]
[(3, 0.63037170319054103), (4, 0.34205039699110368)]
[(3, 0.25696543902653407), (6, 0.50322387572123961)]
[(2, 0.35475354320260893), (6, 0.22058694110194552)]
[(0, 0.26039829886049831), (4, 0.34253528898507368), (6, 0.24134881943247927)]
[(0, 0.33043086220908474), (6, 0.42595106799386129)]
[(6, 0.59944840860911885)]
[(6, 0.51487097071601795)]
[(2, 0.29334525875629569), (3, 0.28077631002722242), (4, 0.22555461354268802)]
[(4, 0.63175346345733963), (6, 0.23098021219120421)]
[(4, 0.27044415039206859), (6, 0.25783759990784483)]
[(4, 0.41678475984886204), (6, 0.22515195844928487)]
[(3, 0.23633630279968446), (6, 0.35126848572447161)]
[(3, 0.59363594498891936)]
[(0, 0.23585417824419577), (2, 0.25926343037695249)]
[(3, 0.44761773193226045)]
[(3, 0.36490450110060818), (6, 0.4082324447454434)]
[(5, 0.21388387296850575), (6, 0.41307345425717157)]
[(0, 0.21486655978937672), (4, 0.22495276286376426), (6, 0.51929522865367539)]
[(1, 0.48900962201613074), (6, 0.22335209389161212)]
[(1, 0.30119788114587959), (3, 0.23260955892417193)]
[(3, 0.63036084661870573), (4, 0.34205961327105533)]
[(3, 0.25695886191611433), (6, 0.50322682988318879)]
[(2, 0.35475146527977025), (6, 0.22058759125751976)]
[(0, 0.26040051252265001), (4, 0.34253609087334108), (6, 0.24134959336979864)]
[(0, 0.33043453288677843), (6, 0.4259545417621724)]
[(6, 0.59945508527457059)]
[(6, 0.51486969793793191)]
[(2, 0.29332392063524371), (3, 0.28083288354158276), (4, 0.2255604538133035)]
[(4, 0.63175245357018328), (6, 0.23098046041241688)]
[(4, 0.27044206264066883), (6, 0.25783748028487502)]
[(4, 0.41678405878692737), (6, 0.22515039216324917)]
[(3, 0.23633628402522597), (6, 0.35126843556820719)]
[(3, 0.59358128190515114)]
[(0, 0.23586585047469999), (2, 0.2592545020627271)]
[(3, 0.44761979298503285)]
[(3, 0.36490443940100464), (6, 0.40823205595804862)]
[(5, 0.2138587528126096), (6, 0.41304508422218567)]
[(0, 0.21484720531653953), (4, 0.22494806563617423), (6, 0.51931928082496126)]
[(1, 0.48901527897911307), (6, 0.22335652615523902)]
[(1, 0.30116793109329831), (3, 0.23263782177656586)]
[(3, 0.63036532290094882), (4, 0.34205595632943869)]
[(3, 0.25695651989716772), (6, 0.50322707928708177)]
[(2, 0.3547586011304158), (6, 0.22058450843638991)]
[(0, 0.26039889266304489), (4, 0.3425348961046718), (6, 0.24134890568112771)]
[(0, 0.33043371786304915), (6, 0.42595383272343373)]
[(6, 0.59946661089283027)]
[(6, 0.51487076252890618)]
[(2, 0.29333096283718113), (3, 0.28082895653241019), (4, 0.22558556082994197)]
[(4, 0.63174988989668523), (6, 0.23098014802780534)]
[(4, 0.27047458746692188), (6, 0.257850565038726)]
[(4, 0.41678495941322857), (6, 0.22515235161427141)]
[(3, 0.23633655673474377), (6, 0.35126881381345704)]
[(3, 0.59357677108251439)]
[(0, 0.23577013514027936), (2, 0.25932309302567136)]
[(3, 0.44761788796765861)]
[(3, 0.36490355648903311), (6, 0.4082332047773351)]
[(5, 0.21386016865541918), (6, 0.41304735873358078)]
[(0, 0.21492567713020713), (4, 0.22496819420200329), (6, 0.51922067852123377)]
[(1, 0.48900899528247099), (6, 0.22335151516503401)]
[(1, 0.30115065198794605), (3, 0.23266606179729496)]
[(3, 0.63037890812310216), (4, 0.34204377330733987)]
[(3, 0.25696296700373283), (6, 0.50322427121494662)]
[(2, 0.35475048955892513), (6, 0.22058743517496535)]
[(0, 0.2603987427497681), (4, 0.34253451225726111), (6, 0.24134878568127469)]
[(0, 0.3304296480731489), (6, 0.42595011921582443)]
[(6, 0.59946478654646351)]
[(6, 0.51486765454195249)]
[(2, 0.29332464701411542), (3, 0.28083515336867143), (4, 0.22556065962535865)]
[(4, 0.63175274008186211), (6, 0.23098078906169631)]
[(4, 0.2704018202582617), (6, 0.25780347954550509)]
[(4, 0.4167846140353707), (6, 0.2251510060401381)]
[(3, 0.23633527496307083), (6, 0.35126702880285154)]
[(3, 0.59357447713769762)]
[(0, 0.23583762482863449), (2, 0.25927653607256135)]
[(3, 0.44761815420573031)]
[(3, 0.36490469226733646), (6, 0.40823222030109646)]
[(5, 0.21387009406865237), (6, 0.41305939760270138)]
[(0, 0.2148497847982809), (4, 0.22494813868668048), (6, 0.51931662823665126)]
[(1, 0.48901236974920348), (6, 0.22335405411506781)]
[(1, 0.30113185979657903), (3, 0.23268691026451174)]
[(3, 0.63036500877233859), (4, 0.34205578430983213)]
[(3, 0.25695761877062223), (6, 0.5032277553894875)]
[(2, 0.35475749784932276), (6, 0.22058483684002264)]
[(0, 0.26039827226851864), (4, 0.34253467933773019), (6, 0.24134868500885021)]
[(0, 0.33043260322556534), (6, 0.42595285294408319)]
[(6, 0.59944354321651006)]
[(6, 0.51486667862635915)]
[(2, 0.2933286975742983), (3, 0.28083856305630339), (4, 0.22558849833710801)]
[(4, 0.63175169941713027), (6, 0.23098035672203887)]
[(4, 0.27048361854388753), (6, 0.25784198388654583)]
[(4, 0.41678506324378256), (6, 0.22515275385630179)]
[(3, 0.23633589441562902), (6, 0.3512679384465498)]
[(3, 0.59357010510970953)]
[(0, 0.23581355819281996), (2, 0.25929396636947605)]
[(3, 0.44762217591597703)]
[(3, 0.36490279119900637), (6, 0.40823140381830736)]
[(5, 0.21389160021441683), (6, 0.41308404702262946)]
[(0, 0.21482443517600691), (4, 0.22494174795259678), (6, 0.51934836921214889)]
[(1, 0.48901352240862173), (6, 0.22335501499358393)]
[(1, 0.30116310659918694), (3, 0.23265164582554718)]
[(3, 0.63035582891819242), (4, 0.34206356854914222)]
[(3, 0.25695886460883993), (6, 0.50322680676303244)]
[(2, 0.35475350551102164), (6, 0.2205866499286098)]
[(0, 0.26039903855096591), (4, 0.34253704952060593), (6, 0.24134935417798201)]
[(0, 0.33042948092916569), (6, 0.42594985633769139)]
[(6, 0.59946694267531908)]
[(6, 0.51486590139195965)]
[(2, 0.29333861175343229), (3, 0.28079404310676098), (4, 0.22553853765353091)]
[(4, 0.6317491771843744), (6, 0.23097979661818868)]
[(4, 0.27042877176786745), (6, 0.25783419576959671)]
[(4, 0.41678494592782478), (6, 0.22515225466290573)]
[(3, 0.23633564307407948), (6, 0.35126762614558832)]
[(3, 0.59357058421356035)]
[(0, 0.23586151872057134), (2, 0.25925796523620309)]
[(3, 0.4476170658832051)]
[(3, 0.36490514494597392), (6, 0.40823268805715252)]
[(5, 0.213898319130503), (6, 0.41309032587234756)]
[(0, 0.21489193821781558), (4, 0.22495893818031129), (6, 0.51926367429056686)]
[(1, 0.48901731529399378), (6, 0.22335788373378992)]
[(1, 0.30115036163981296), (3, 0.23264256154066548)]
[(3, 0.63037490847298117), (4, 0.34204750267071277)]
[(3, 0.25696111187339316), (6, 0.50322584245192448)]
[(2, 0.35476292790231057), (6, 0.2205831532348819)]
[(0, 0.26039698012081919), (4, 0.3425350063953414), (6, 0.24134838923874075)]
[(0, 0.3304348284899003), (6, 0.42595483007783225)]
[(6, 0.59945673828769275)]
[(6, 0.51487095764354862)]
[(2, 0.29333372838429528), (3, 0.28083807490685592), (4, 0.2256160033082133)]
[(4, 0.63174939083208459), (6, 0.23097994677914899)]
[(4, 0.27043372762837692), (6, 0.2578125221816574)]
[(4, 0.41678493961750435), (6, 0.22515250364241768)]
[(3, 0.23633623707526219), (6, 0.35126840041210333)]
[(3, 0.59358249841974808)]
[(0, 0.23581497843047722), (2, 0.25929143167398616)]
[(3, 0.44762250690000488)]
[(3, 0.36490634238767894), (6, 0.40823431821559919)]
[(5, 0.21388416860250961), (6, 0.41307522199706936)]
[(0, 0.21484643067922771), (4, 0.22494780359843353), (6, 0.51932031751974594)]
[(1, 0.48901441820787334), (6, 0.22335594146801444)]
[(1, 0.30119318700220232), (3, 0.23261515292806639)]
[(3, 0.63037853340722949), (4, 0.34204415557007611)]
[(3, 0.25695666712463788), (6, 0.50322816822912209)]
[(2, 0.35475839827715683), (6, 0.22058465772084856)]
[(0, 0.26039649617312116), (4, 0.34253422077928447), (6, 0.24134810638839024)]
[(0, 0.33043421428429304), (6, 0.42595429258369305)]
[(6, 0.59945183669160285)]
[(6, 0.5148678327968389)]
[(2, 0.29332300877876316), (3, 0.28083653263931307), (4, 0.22554124282991475)]
[(4, 0.63174912283790075), (6, 0.23097978043907402)]
[(4, 0.27046120941257729), (6, 0.25783196499913796)]
[(4, 0.41678439178795412), (6, 0.22515030302526912)]
[(3, 0.2363361105936625), (6, 0.35126821727658092)]
[(3, 0.59357753524708112)]
[(0, 0.23586642805228253), (2, 0.25925366919132076)]
[(3, 0.4476173293305834)]
[(3, 0.36490341988023733), (6, 0.40823204344990865)]
[(5, 0.21390503266169769), (6, 0.41310011494919291)]
[(0, 0.21485951284210555), (4, 0.22495093699136418), (6, 0.51930410164622043)]
[(1, 0.48900963214091064), (6, 0.22335239251778427)]
[(1, 0.30118265153779339), (3, 0.23262764806042141)]
[(3, 0.63035999609801485), (4, 0.34206013151633397)]
[(3, 0.25695827910228969), (6, 0.50322734682531067)]
[(2, 0.35475874216946657), (6, 0.22058459059102703)]
[(0, 0.26039867625422597), (4, 0.34253481336262898), (6, 0.24134882672475577)]
[(0, 0.33043140650287278), (6, 0.42595177882755969)]
[(6, 0.59945554928746847)]
[(6, 0.51486628414843028)]
[(2, 0.29332203963116321), (3, 0.2808331181639564), (4, 0.22554427687399081)]
[(4, 0.63175042903978396), (6, 0.23098012576382695)]
[(4, 0.27044940770935871), (6, 0.25784388990193552)]
[(4, 0.4167843549286272), (6, 0.22515102996589545)]
[(3, 0.23633738117063699), (6, 0.35126982737200657)]
[(3, 0.5935779506466673)]
[(0, 0.23578742727829863), (2, 0.25931247770891697)]
[(3, 0.44761812093116998)]
[(3, 0.36490304613064911), (6, 0.40823178205392496)]
[(5, 0.21387563531042184), (6, 0.41306370481367599)]
[(0, 0.21490993264627942), (4, 0.22496400037248002), (6, 0.51924061722307369)]
[(1, 0.48901755717784329), (6, 0.22335790309128103)]
[(1, 0.30113826152121503), (3, 0.23268080753945083)]
[(3, 0.63037700390893392), (4, 0.34204557153259907)]
[(3, 0.2569585570163857), (6, 0.50322601052017013)]
[(2, 0.3547485622906848), (6, 0.22058875175169648)]
[(0, 0.26039406586492159), (4, 0.34253308107833291), (6, 0.24134722815671636)]
[(0, 0.33043308873694049), (6, 0.4259532581503086)]
[(6, 0.59946126628568153)]
[(6, 0.51487081257749412)]
[(2, 0.29332778789456426), (3, 0.28083416370182435), (4, 0.22557469575875402)]
[(4, 0.6317488218593682), (6, 0.2309795823120519)]
[(4, 0.27043195786816471), (6, 0.25780652920146957)]
[(4, 0.4167844970852857), (6, 0.22515068188442003)]
[(3, 0.23633642800135546), (6, 0.35126867541904311)]
[(3, 0.59358214414589705)]
[(0, 0.23577718867127251), (2, 0.2593190465888508)]
[(3, 0.44762050678783616)]
[(3, 0.36490344815523235), (6, 0.40823318197367181)]
[(5, 0.21390065630286137), (6, 0.41309399016029941)]
[(0, 0.21484498968681393), (4, 0.22494727700902256), (6, 0.51932228513874734)]
[(1, 0.48900879574497752), (6, 0.22335160474550214)]
[(1, 0.30117990462799238), (3, 0.2326220047631119)]
[(3, 0.63037588956864099), (4, 0.34204663820028008)]
[(3, 0.25695979277730119), (6, 0.5032263907177269)]
[(2, 0.35476206220665879), (6, 0.22058342297142686)]
[(0, 0.2603968333394337), (4, 0.34253381072093503), (6, 0.24134812017036866)]
[(0, 0.33043120848851981), (6, 0.42595161314674329)]
[(6, 0.59943967822854494)]
[(6, 0.51487044389445036)]
[(2, 0.29332298560922815), (3, 0.28082499582896386), (4, 0.22552219697802783)]
[(4, 0.63175277589565648), (6, 0.23098055137839138)]
[(4, 0.27042608960042724), (6, 0.25782340524992653)]
[(4, 0.41678470574671039), (6, 0.22515186351597272)]
[(3, 0.23633640000943973), (6, 0.35126859287453954)]
[(3, 0.59358252700503955)]
[(0, 0.23585420567898274), (2, 0.25926349586161201)]
[(3, 0.44762180232281773)]
[(3, 0.364904235262065), (6, 0.40823258526855782)]
[(5, 0.21390024530218349), (6, 0.41309351611698292)]
[(0, 0.21484032159783584), (4, 0.22494574443985552), (6, 0.51932848591522207)]
[(1, 0.48901963202510867), (6, 0.22335924324843387)]
[(1, 0.30117736806136858), (3, 0.23262409732663808)]
[(3, 0.63036897016566773), (4, 0.34205298832362169)]
[(3, 0.25695916624563164), (6, 0.50322663023303316)]
[(2, 0.35475794656286014), (6, 0.22058442416049442)]
[(0, 0.26039339174325926), (4, 0.34253317233806629), (6, 0.24134704715405542)]
[(0, 0.33043181127782861), (6, 0.42595214758839128)]
[(6, 0.59944898549109626)]
[(6, 0.51487252537576922)]
[(2, 0.29331899979728665), (3, 0.28082841128126418), (4, 0.2255287938587244)]
[(4, 0.63174858111865895), (6, 0.23097941063270225)]
[(4, 0.27046016916894894), (6, 0.25779553673203526)]
[(4, 0.41678358535556559), (6, 0.22514910827473433)]
[(3, 0.23633705630037274), (6, 0.35126941230406922)]
[(3, 0.59360955232107182)]
[(0, 0.23586134750872415), (2, 0.25925796737216233)]
[(3, 0.44761700021259226)]
[(3, 0.36490404245764413), (6, 0.40823196080431878)]
[(5, 0.21389383275831292), (6, 0.41308545178552669)]
[(0, 0.21491677052964042), (4, 0.22496606813951189), (6, 0.51923171140106472)]
[(1, 0.48900856221248912), (6, 0.22335165454577033)]
[(1, 0.3011449251519861), (3, 0.23266288623744311)]
[(3, 0.63035772931495593), (4, 0.34206198203805904)]
[(3, 0.25696260174993341), (6, 0.50322518602199084)]
[(2, 0.35475814185355198), (6, 0.22058431910460585)]
[(0, 0.26039874833827292), (4, 0.34253578633699805), (6, 0.24134903573802463)]
[(0, 0.33043181526077353), (6, 0.42595200455189536)]
[(6, 0.59944392131251667)]
[(6, 0.5148714926142014)]
[(2, 0.2933325109271086), (3, 0.28083026614727857), (4, 0.22559296138853271)]
[(4, 0.63175026730492279), (6, 0.23098002413246732)]
[(4, 0.270450969589628), (6, 0.25779318661845935)]
[(4, 0.41678479053843143), (6, 0.22515209904970129)]
[(3, 0.23633595571679492), (6, 0.3512680391978657)]
[(3, 0.5935843208598004)]
[(0, 0.23578383942106107), (2, 0.25931496271621207)]
[(3, 0.44762233373593313)]
[(3, 0.36490332364654432), (6, 0.40823062568174201)]
[(5, 0.21386188423802838), (6, 0.41304772345827462)]
[(0, 0.21488084183491277), (4, 0.22495630465750813), (6, 0.51927740446580883)]
[(1, 0.48900998962139536), (6, 0.22335242298546359)]
[(1, 0.30118787492362659), (3, 0.23262070647955338)]
[(3, 0.63036713175913806), (4, 0.34205429691319672)]
[(3, 0.25696233436729427), (6, 0.50322549098303526)]
[(2, 0.35476093057642416), (6, 0.2205841700733078)]
[(0, 0.26039803562111735), (4, 0.34253415637686296), (6, 0.24134851940942431)]
[(0, 0.3304330145734396), (6, 0.42595321769101446)]
[(6, 0.59945287959193971)]
[(6, 0.51486631842071628)]
[(2, 0.29333515791487497), (3, 0.28081087237999769), (4, 0.22555579198991579)]
[(4, 0.63175153270794882), (6, 0.23097955744729562)]
[(4, 0.27046736635834345), (6, 0.25784868284170898)]
[(4, 0.41678401321297431), (6, 0.2251499947150791)]
[(3, 0.23633602082069097), (6, 0.3512679395720143)]
[(3, 0.5935758443924648)]
[(0, 0.23580798018019869), (2, 0.25929825912527621)]
[(3, 0.44762240807949355)]
[(3, 0.36490505317063432), (6, 0.40823243293224393)]
[(5, 0.21386189401044953), (6, 0.41304945633474888)]
[(0, 0.2148548977395886), (4, 0.22494999056188325), (6, 0.51930966328840167)]
[(1, 0.48901834576228892), (6, 0.22335869114761089)]
[(1, 0.30119078438632568), (3, 0.23260798850285058)]
[(3, 0.63036584438287846), (4, 0.34205557542871723)]
[(3, 0.25696280686929429), (6, 0.50322542808525095)]
[(2, 0.35474864157040398), (6, 0.22058856666688323)]
[(0, 0.26039875287265163), (4, 0.34253411629746605), (6, 0.2413487145218165)]
[(0, 0.33042927451158655), (6, 0.42594965774430293)]
[(6, 0.59944242888583343)]
[(6, 0.51486469337997798)]
[(2, 0.29333112702828601), (3, 0.28083032465002578), (4, 0.22558749199029698)]
[(4, 0.63175098292906551), (6, 0.23098039834597764)]
[(4, 0.27046448451001931), (6, 0.25783702315770363)]
[(4, 0.41678395460364259), (6, 0.22514965278720134)]
[(3, 0.23633653679594982), (6, 0.35126876280497793)]
[(3, 0.59357634519025781)]
[(0, 0.23580238678795609), (2, 0.25930220989173947)]
[(3, 0.44761710573947722)]
[(3, 0.36490386699170524), (6, 0.40823272720460979)]
[(5, 0.21389381326146503), (6, 0.41308660350518661)]
[(0, 0.21488565700153836), (4, 0.22495769771965865), (6, 0.5192711961170694)]
[(1, 0.48901162537472331), (6, 0.22335340282409649)]
[(1, 0.30113386823856197), (3, 0.23267779613540573)]
[(3, 0.63037490504603533), (4, 0.34204755737575387)]
[(3, 0.25696026305726655), (6, 0.5032264802167713)]
[(2, 0.35475869061033533), (6, 0.22058470263223762)]
[(0, 0.26040050078250432), (4, 0.34253586028115884), (6, 0.24134954486933524)]
[(0, 0.33043266871218113), (6, 0.42595289860029317)]
[(6, 0.5994658025483709)]
[(6, 0.51487193536773457)]
[(2, 0.29332903513623015), (3, 0.28082303835596256), (4, 0.22553792809218673)]
[(4, 0.63174905664087277), (6, 0.23097969532643292)]
[(4, 0.27041683096423058), (6, 0.25782129090925499)]
[(4, 0.41678315351357742), (6, 0.22514764809120291)]
[(3, 0.23633478132286154), (6, 0.35126621973961591)]
[(3, 0.59362857892253196)]
[(0, 0.23581273241619005), (2, 0.25929476911426247)]
[(3, 0.44762120057253785)]
[(3, 0.36490309478897293), (6, 0.40823150141196568)]
[(5, 0.21387981331760988), (6, 0.41306994574913691)]
[(0, 0.21487672668922927), (4, 0.22495576618021126), (6, 0.51928205818343798)]
[(1, 0.48900888795124281), (6, 0.22335168942095912)]
[(1, 0.30115873114641201), (3, 0.2326566077801332)]
[(3, 0.63035877458750111), (4, 0.34206128757391252)]
[(3, 0.25696016313598791), (6, 0.50322650982960282)]
[(2, 0.35475268525451592), (6, 0.22058678517291713)]
[(0, 0.26039852468678504), (4, 0.34253548255747185), (6, 0.24134890830435546)]
[(0, 0.33043249967985933), (6, 0.42595274017799173)]
[(6, 0.59944449133207056)]
[(6, 0.51486799332966537)]
[(2, 0.29332642838267436), (3, 0.2808228973697951), (4, 0.22554325196814687)]
[(4, 0.63175382464901686), (6, 0.23098007049685548)]
[(4, 0.27045629513584546), (6, 0.25781814689003985)]
[(4, 0.41678434095359185), (6, 0.22515032017392575)]
[(3, 0.23633634595605935), (6, 0.35126847556528257)]
[(3, 0.59357760233499723)]
[(0, 0.23586538410690203), (2, 0.25925347490776457)]
[(3, 0.44761888624735469)]
[(3, 0.36490333699506344), (6, 0.40823257583519051)]
[(5, 0.21387736287460921), (6, 0.41306606926333839)]
[(0, 0.21492575652840401), (4, 0.22496800657278776), (6, 0.51922078675280492)]
[(1, 0.48901495783659549), (6, 0.22335572133086351)]
[(1, 0.30119014680585704), (3, 0.23261914999872699)]
[(3, 0.6303783293702715), (4, 0.34204430544778525)]
[(3, 0.25695972944690243), (6, 0.50322661251122847)]
[(2, 0.35475262641533223), (6, 0.22058698490632153)]
[(0, 0.26039904259969343), (4, 0.34253512296468192), (6, 0.24134898592972712)]
[(0, 0.33043416648486501), (6, 0.42595417488138942)]
[(6, 0.59946312612714403)]
[(6, 0.51486977547559454)]
[(2, 0.29332400896982141), (3, 0.28083898536413571), (4, 0.22556389428692489)]
[(4, 0.63175303066681621), (6, 0.23098000346476186)]
[(4, 0.27047132233038762), (6, 0.25783764368368961)]
[(4, 0.41678449625981312), (6, 0.22515057143216771)]
[(3, 0.23633579839183466), (6, 0.35126783221975222)]
[(3, 0.59357442275935923)]
[(0, 0.23575778356119978), (2, 0.25933063015002045)]
[(3, 0.44762090229058754)]
[(3, 0.36490319933545706), (6, 0.40823140082849207)]
[(5, 0.21388885727770912), (6, 0.41308077896150786)]
[(0, 0.21484504797706849), (4, 0.22494732164785983), (6, 0.51932218220786974)]
[(1, 0.48901945535009667), (6, 0.22335936939997519)]
[(1, 0.30117211287478229), (3, 0.2326411317852837)]
[(3, 0.63037765890951725), (4, 0.34204493912596046)]
[(3, 0.25696213335121959), (6, 0.50322525869912593)]
[(2, 0.35475125327785056), (6, 0.22058779205229545)]
[(0, 0.26039963088438622), (4, 0.34253514550723024), (6, 0.24134915595684783)]
[(0, 0.33043286038186354), (6, 0.4259530706189098)]
[(6, 0.59946496548241568)]
[(6, 0.51486666859201913)]
[(2, 0.29332289382048454), (3, 0.28084051042024244), (4, 0.22557324804160608)]
[(4, 0.6317486599566835), (6, 0.23097937701285454)]
[(4, 0.2704574572669069), (6, 0.25784536975832845)]
[(4, 0.41678479293867293), (6, 0.22515205698485063)]
[(3, 0.23633605582168224), (6, 0.35126817345158312)]
[(3, 0.59358316778816667)]
[(0, 0.23577969518476805), (2, 0.25931774360645338)]
[(3, 0.44761806109597269)]
[(3, 0.36490616276473709), (6, 0.408233880550119)]
[(5, 0.21387052210237031), (6, 0.41305763272725604)]
[(0, 0.21491945597353332), (4, 0.22496806826609678), (6, 0.51922702574880608)]
[(1, 0.48901959351718327), (6, 0.22335944703459379)]
[(1, 0.30114706215668469), (3, 0.23266087009528602)]
[(3, 0.6303778142258436), (4, 0.34204479472798766)]
[(3, 0.2569617825821246), (6, 0.50322495172757142)]
[(2, 0.35475349787720384), (6, 0.22058636457583275)]
[(0, 0.26039765169137563), (4, 0.34253404963883521), (6, 0.24134839463874841)]
[(0, 0.33043339662293014), (6, 0.42595362022932159)]
[(6, 0.59944417401145889)]
[(6, 0.51486588754696061)]
[(2, 0.2933276686892427), (3, 0.28083640204484867), (4, 0.22558074623029958)]
[(4, 0.63175146738553944), (6, 0.23098036847989534)]
[(4, 0.27042904705310816), (6, 0.25781882221457664)]
[(4, 0.4167850755352584), (6, 0.22515282744019571)]
[(3, 0.23633693392778482), (6, 0.3512692929923088)]
[(3, 0.59358292214866704)]
[(0, 0.23584667021322595), (2, 0.25926925094948805)]
[(3, 0.44761844393534367)]
[(3, 0.36490279875469822), (6, 0.40823222618015115)]
[(5, 0.21386035043318982), (6, 0.4130467561537125)]
[(0, 0.21488675144675404), (4, 0.22495831902867727), (6, 0.51926948033189468)]
[(1, 0.48900987024971349), (6, 0.22335243323371826)]
[(1, 0.3011352674375824), (3, 0.23267535712403101)]
[(3, 0.63037944787375999), (4, 0.34204324699775374)]
[(3, 0.25695743589630188), (6, 0.50322776383700862)]
[(2, 0.35474919292648655), (6, 0.2205881789226774)]
[(0, 0.26039964353861561), (4, 0.34253628369069478), (6, 0.24134938337299408)]
[(0, 0.33043278449417329), (6, 0.42595298110653806)]
[(6, 0.59946980793180127)]
[(6, 0.51487218472115848)]
[(2, 0.29332027676682049), (3, 0.2808413800307149), (4, 0.22554619632745884)]
[(4, 0.63174909028146542), (6, 0.23097971300679548)]
[(4, 0.2704648589862535), (6, 0.25782256989437874)]
[(4, 0.41678478281531089), (6, 0.22515195667282842)]
[(3, 0.23633582936167935), (6, 0.35126782213370772)]
[(3, 0.59358353261129126)]
[(0, 0.23578147579390565), (2, 0.25931488095467498)]
[(3, 0.44762193821199475)]
[(3, 0.36490374901001388), (6, 0.40823205218703529)]
[(5, 0.21387927605298607), (6, 0.41306914972789693)]
[(0, 0.21485865410601884), (4, 0.22495104474447136), (6, 0.51930485264627957)]
[(1, 0.48901939143349737), (6, 0.22335918821631651)]
[(1, 0.30113319845133935), (3, 0.23268524744604729)]
[(3, 0.63037239520299848), (4, 0.34204983122007021)]
[(3, 0.25696468569944925), (6, 0.50322389971901327)]
[(2, 0.35475350009598411), (6, 0.22058620654528632)]
[(0, 0.26039963896590296), (4, 0.34253487990726045), (6, 0.24134911330385347)]
[(0, 0.33043206871848979), (6, 0.42595229596530509)]
[(6, 0.5994635057307246)]
[(6, 0.51486456650616697)]
[(2, 0.29333376751076246), (3, 0.28080573117031682), (4, 0.22554931506584611)]
[(4, 0.63174943294066632), (6, 0.23097998110148765)]
[(4, 0.27044964661668131), (6, 0.25781253901430201)]
[(4, 0.41678498142758164), (6, 0.22515252370468303)]
[(3, 0.23633734119979388), (6, 0.35126980543495412)]
[(3, 0.59357106191554565)]
[(0, 0.2358683407660864), (2, 0.25925249378571918)]
[(3, 0.44761728040079302)]
[(3, 0.3649036932824905), (6, 0.40823302752273039)]
[(5, 0.21390185455557778), (6, 0.41309594885954182)]
[(0, 0.2148391515951853), (4, 0.22494546581535563), (6, 0.51932993457075416)]
[(1, 0.48901956209398145), (6, 0.22335920186434507)]
[(1, 0.30112400281515433), (3, 0.23269739400217493)]
[(3, 0.63035808875247035), (4, 0.34206198009337474)]
[(3, 0.25695912344281069), (6, 0.5032268373514116)]
[(2, 0.35475620451212858), (6, 0.22058546601051685)]
[(0, 0.26039590429134302), (4, 0.34253363006174886), (6, 0.24134781100212652)]
[(0, 0.33043261970526189), (6, 0.42595279545979942)]
[(6, 0.5994647521574914)]
[(6, 0.51487229236268106)]
[(2, 0.29333096406198117), (3, 0.28082891147802425), (4, 0.22555742157909736)]
[(4, 0.63175294378696401), (6, 0.23098043735276932)]
[(4, 0.27045524125365006), (6, 0.25785330691755731)]
[(4, 0.41678494011822764), (6, 0.22515227273199059)]
[(3, 0.23633597670743195), (6, 0.35126811929014973)]
[(3, 0.5935851652110542)]
[(0, 0.23575709945144221), (2, 0.25933229834803972)]
[(3, 0.44761909005995643)]
[(3, 0.36490471916345329), (6, 0.40823329419573506)]
[(5, 0.21386974690343999), (6, 0.41305758661323638)]
[(0, 0.21484217640910255), (4, 0.2249463665430243), (6, 0.51932600895361281)]
[(1, 0.48901110957089161), (6, 0.22335332870671978)]
[(1, 0.30114048042313851), (3, 0.23266992821858404)]
[(3, 0.6303795196391635), (4, 0.3420431828000291)]
[(3, 0.2569631209551087), (6, 0.50322454055143417)]
[(2, 0.35475147991451733), (6, 0.22058720454926589)]
[(0, 0.26039950810220397), (4, 0.34253540613740896), (6, 0.24134916639095516)]
[(0, 0.3304333467370274), (6, 0.42595357992243793)]
[(6, 0.59945772073660109)]
[(6, 0.51486644428783479)]
[(2, 0.29332371290724951), (3, 0.28083987533547927), (4, 0.22557075639718399)]
[(4, 0.63174938058414676), (6, 0.23097973898885918)]
[(4, 0.27046460657271865), (6, 0.25784905923027618)]
[(4, 0.41678433924959385), (6, 0.22515015305054545)]
[(3, 0.23633677050081567), (6, 0.35126907652929512)]
[(3, 0.5935667608092291)]
[(0, 0.23578445858230307), (2, 0.25931456070081699)]
[(3, 0.44761726496379961)]
[(3, 0.36490348646576276), (6, 0.40823248387122035)]
[(5, 0.21389857124355249), (6, 0.41309028444564533)]
[(0, 0.2149051072998279), (4, 0.22496328078606448), (6, 0.51924616226811782)]
[(1, 0.4890171934965013), (6, 0.22335774403250225)]
[(1, 0.30116278132192603), (3, 0.23264303061823632)]
[(3, 0.63036283533117976), (4, 0.34205826362917086)]
[(3, 0.25696041499797689), (6, 0.50322631292801634)]
[(2, 0.35475138530115463), (6, 0.2205872454426018)]
[(0, 0.26039927469408919), (4, 0.34253568165334575), (6, 0.24134916574275969)]
[(0, 0.33043100053936025), (6, 0.42595129764526224)]
[(6, 0.59946317475766708)]
[(6, 0.51486914304524989)]
[(2, 0.29333360725765428), (3, 0.28083833018709781), (4, 0.22561600714643612)]
[(4, 0.63174929747989927), (6, 0.23097989367286759)]
[(4, 0.27045737979985374), (6, 0.25780371065204616)]
[(4, 0.4167842287041888), (6, 0.2251505288694495)]
[(3, 0.23633668065957919), (6, 0.35126895046400397)]
[(3, 0.5935781243094721)]
[(0, 0.23577338732080119), (2, 0.25932161643373586)]
[(3, 0.44761838210233518)]
[(3, 0.36490266702245705), (6, 0.40823114510899716)]
[(5, 0.21389091191989992), (6, 0.41308313466129154)]
[(0, 0.2148611689405944), (4, 0.22495365453369726), (6, 0.51929972793708046)]
[(1, 0.48901951371517327), (6, 0.22335934379450448)]
[(1, 0.30113458546164712), (3, 0.23267614608302392)]
[(3, 0.63035714938160603), (4, 0.34206194719301386)]
[(3, 0.25696670320680576), (6, 0.50322305493731423)]
[(2, 0.35475033410123985), (6, 0.22058771619884254)]
[(0, 0.26039906264255119), (4, 0.34253546741634044), (6, 0.24134906553989657)]
[(0, 0.33043374861463631), (6, 0.42595396757594328)]
[(6, 0.59945948253294934)]
[(6, 0.51486589081361767)]
[(2, 0.29334051798034039), (3, 0.2807921949857507), (4, 0.22555332640530734)]
[(4, 0.63174921928880123), (6, 0.23097969014730493)]
[(4, 0.27045064482346937), (6, 0.25780251912189917)]
[(4, 0.41678418305449316), (6, 0.2251508392540596)]
[(3, 0.23633637546332767), (6, 0.35126856111374527)]
[(3, 0.5935868750828297)]
[(0, 0.23577167060745977), (2, 0.25932276467168797)]
[(3, 0.4476193540514658)]
[(3, 0.3649040708461207), (6, 0.40823235195313445)]
[(5, 0.21388811707585953), (6, 0.4130795475604554)]
[(0, 0.21491126636279576), (4, 0.22496427892451917), (6, 0.51923900492254915)]
[(1, 0.48901093051055794), (6, 0.22335299783964682)]
[(1, 0.30114590639475303), (3, 0.23266927130538034)]
[(3, 0.63037621753132234), (4, 0.34204631946068276)]
[(3, 0.25696080846387331), (6, 0.50322581971865488)]
[(2, 0.35475162337377109), (6, 0.22058730892148184)]
[(0, 0.26039970623871533), (4, 0.34253545284689912), (6, 0.24134923472345268)]
[(0, 0.33043345030568022), (6, 0.42595358313656495)]
[(6, 0.59943966452050401)]
[(6, 0.51486707722256919)]
[(2, 0.29331999344050314), (3, 0.2808406433345873), (4, 0.22554577254661451)]
[(4, 0.63175264258543595), (6, 0.23098006611154867)]
[(4, 0.27047175758586234), (6, 0.2578438112923131)]
[(4, 0.41678428905829645), (6, 0.22515043190378717)]
[(3, 0.23633678970859809), (6, 0.35126911020489321)]
[(3, 0.59357420448325993)]
[(0, 0.235755165230672), (2, 0.25933343581023038)]
[(3, 0.44761713312009926)]
[(3, 0.36490508476275363), (6, 0.40823280209400498)]
[(5, 0.21385817298659049), (6, 0.41304456830426556)]
[(0, 0.21490582368759337), (4, 0.22496269900020011), (6, 0.51924602765785466)]
[(1, 0.48901450609852443), (6, 0.22335543253257004)]
[(1, 0.30112095368180375), (3, 0.23270069820618103)]
[(3, 0.63036980071882742), (4, 0.34205218828733663)]
[(3, 0.25695926258160845), (6, 0.50322666434792362)]
[(2, 0.35475425526156645), (6, 0.22058638796973451)]
[(0, 0.26039455554111579), (4, 0.34253408442632904), (6, 0.24134755680403802)]
[(0, 0.33043363043409152), (6, 0.42595371465858839)]
[(6, 0.59944013418412634)]
[(6, 0.51486557009819056)]
[(2, 0.29334268347544429), (3, 0.28079067587511963), (4, 0.22555328717686718)]
[(4, 0.63175141427975057), (6, 0.23097951986470749)]
[(4, 0.27046523796031607), (6, 0.2578527421725953)]
[(4, 0.41678475608872323), (6, 0.22515147503230112)]
[(3, 0.23633691331116505), (6, 0.35126929163595033)]
[(3, 0.59358184943318504)]
[(0, 0.23575144941656767), (2, 0.25933315609204477)]
[(3, 0.44762126630274118)]
[(3, 0.36490443427838631), (6, 0.40823277936560753)]
[(5, 0.21388443903030593), (6, 0.41307356803402784)]
[(0, 0.21491616920961212), (4, 0.22496563069337139), (6, 0.51923275018540282)]
[(1, 0.4890178403501082), (6, 0.22335811315202533)]
[(1, 0.30117197087333891), (3, 0.23263486200422162)]
[(3, 0.63037838742184371), (4, 0.34204426476627253)]
[(3, 0.25695712078718291), (6, 0.5032277503766136)]
[(2, 0.35474943790788005), (6, 0.22058844181558229)]
[(0, 0.26039881947775195), (4, 0.34253569029404657), (6, 0.24134903152819948)]
[(0, 0.33043459139756237), (6, 0.42595464638999514)]
[(6, 0.59944350869711005)]
[(6, 0.51486524090663111)]
[(2, 0.29333301080018198), (3, 0.2808073874120105), (4, 0.22554967488567002)]
[(4, 0.63174916383891599), (6, 0.23097981793255529)]
[(4, 0.27047109527459323), (6, 0.25782677256446446)]
[(4, 0.41678448391766615), (6, 0.22515065098269268)]
[(3, 0.23633675230104167), (6, 0.35126908020641401)]
[(3, 0.59358365471551799)]
[(0, 0.23585027961965757), (2, 0.25926651868123851)]
[(3, 0.44761824572961634)]
[(3, 0.36490530656942349), (6, 0.40823416661705714)]
[(5, 0.21388561803900255), (6, 0.41307493267181888)]
[(0, 0.21484458351115038), (4, 0.22494770556416174), (6, 0.51932226276278415)]
[(1, 0.48901035888803468), (6, 0.2233525558313271)]
[(1, 0.30115007251318526), (3, 0.23265530461456824)]
[(3, 0.63037633066722132), (4, 0.34204616641631308)]
[(3, 0.25695777387510355), (6, 0.50322695321787458)]
[(2, 0.35475261235018457), (6, 0.22058698993979645)]
[(0, 0.26039855475202722), (4, 0.34253481484455844), (6, 0.24134879551538582)]
[(0, 0.33043488218799577), (6, 0.42595484964301467)]
[(6, 0.59944641919170383)]
[(6, 0.5148645553463117)]
[(2, 0.29332616013384177), (3, 0.2808415797194363), (4, 0.22558542379312696)]
[(4, 0.63174942208889606), (6, 0.23097992475823589)]
[(4, 0.27045428105397895), (6, 0.25782767820485564)]
[(4, 0.41678486383691349), (6, 0.22515225606731726)]
[(3, 0.23633622381494646), (6, 0.35126838127510251)]
[(3, 0.59358145849354982)]
[(0, 0.23581351529811728), (2, 0.25929386384563285)]
[(3, 0.44761978002726149)]
[(3, 0.36490226381262303), (6, 0.40823168311796548)]
[(5, 0.21387102577165931), (6, 0.41306050538687833)]
[(0, 0.2149330244708387), (4, 0.22496996608172612), (6, 0.51921155912178574)]
[(1, 0.48900989518092125), (6, 0.22335232379767161)]
[(1, 0.30112572607530441), (3, 0.23269472888285739)]
[(3, 0.63037939868946657), (4, 0.34204331020748246)]
[(3, 0.25696340964553288), (6, 0.50322469007497206)]
[(2, 0.35475642376752842), (6, 0.22058579431014116)]
[(0, 0.26039608509489742), (4, 0.34253313053731749), (6, 0.2413477959859508)]
[(0, 0.33043412487455709), (6, 0.4259541477983993)]
[(6, 0.59945336705993724)]
[(6, 0.51486583432635979)]
[(2, 0.29332907939858388), (3, 0.2808331212528094), (4, 0.22557830808436707)]
[(4, 0.63175063003193821), (6, 0.23098024833043637)]
[(4, 0.27041595451118433), (6, 0.25780650080074302)]
[(4, 0.41678471883632157), (6, 0.22515177182406415)]
[(3, 0.2363361139577678), (6, 0.3512682250931623)]
[(3, 0.59356735373475)]
[(0, 0.23581358430471946), (2, 0.25929391021687859)]
[(3, 0.44761813720030019)]
[(3, 0.36490543151160559), (6, 0.40823323662303329)]
[(5, 0.21389919762384882), (6, 0.41309270688101307)]
[(0, 0.21493546288728158), (4, 0.22497055437507249), (6, 0.51920853235251552)]
[(1, 0.48901834337815081), (6, 0.22335849053295245)]
[(1, 0.30113339815738649), (3, 0.23267641102785672)]
[(3, 0.63036964223705527), (4, 0.34205220555828963)]
[(3, 0.2569633996469653), (6, 0.50322495626301578)]
[(2, 0.35475301726415354), (6, 0.22058696409890213)]
[(0, 0.26040050089643391), (4, 0.34253555760743737), (6, 0.241349488110494)]
[(0, 0.33043025894046169), (6, 0.42595065246765601)]
[(6, 0.5994466051442241)]
[(6, 0.51486916870331489)]
[(2, 0.29332815300465531), (3, 0.28085235853230633), (4, 0.22558123101100541)]
[(4, 0.63175464607883114), (6, 0.23098056119866847)]
[(4, 0.27045211307291811), (6, 0.25781104718194409)]
[(4, 0.41678502646818905), (6, 0.22515245636003664)]
[(3, 0.23633601149817643), (6, 0.35126807707848035)]
[(3, 0.59364427362301986)]
[(0, 0.23580685411291163), (2, 0.25929878640165194)]
[(3, 0.44762242320190027)]
[(3, 0.36490334878629321), (6, 0.40823116674211118)]
[(5, 0.21387887830303051), (6, 0.41306860832011444)]
[(0, 0.21482712347646435), (4, 0.2249424359306389), (6, 0.51934499286789404)]
[(1, 0.48901277593194475), (6, 0.22335457596455247)]
[(1, 0.30117626621473453), (3, 0.23262602471100341)]
[(3, 0.63035817052324827), (4, 0.34206124898852408)]
[(3, 0.25696241254186336), (6, 0.50322467543845739)]
[(2, 0.35475025510012398), (6, 0.2205883333261392)]
[(0, 0.260398821279543), (4, 0.3425362073967369), (6, 0.24134914057816245)]
[(0, 0.33043039791301093), (6, 0.4259507368994897)]
[(6, 0.59945422609609578)]
[(6, 0.5148711986190998)]
[(2, 0.29332653486689508), (3, 0.28084835841011319), (4, 0.22560117736289698)]
[(4, 0.63175186366806202), (6, 0.23097998077215479)]
[(4, 0.27045928664259544), (6, 0.25779880446547926)]
[(4, 0.41678478282293613), (6, 0.22515206061892665)]
[(3, 0.2363363914540498), (6, 0.35126857355635122)]
[(3, 0.59357721699842936)]
[(0, 0.23577891052964495), (2, 0.25931813119051667)]
[(3, 0.44762082668019643)]
[(3, 0.36490339055721865), (6, 0.40823188238471275)]
[(5, 0.21390100712284055), (6, 0.41309536328113039)]
[(0, 0.21485394447662443), (4, 0.22495144520824953), (6, 0.51930916190766074)]
[(1, 0.48901768040810856), (6, 0.22335807906640073)]
[(1, 0.30117539043250635), (3, 0.23262858132793821)]
[(3, 0.63037195705363236), (4, 0.34205021802932839)]
[(3, 0.25696369328607233), (6, 0.5032247129935149)]
[(2, 0.3547537870832233), (6, 0.2205866271704946)]
[(0, 0.26039976699812323), (4, 0.34253552527268427), (6, 0.24134926845971313)]
[(0, 0.33043030608610996), (6, 0.42595072525182981)]
[(6, 0.59944236026165298)]
[(6, 0.51487083290613489)]
[(2, 0.293332833925251), (3, 0.28080975956181808), (4, 0.22555406519467802)]
[(4, 0.63174978233858925), (6, 0.23097991989307048)]
[(4, 0.27048116568522695), (6, 0.25785068312996978)]
[(4, 0.41678476373302609), (6, 0.22515192185816485)]
[(3, 0.23633667062237598), (6, 0.35126896407984615)]
[(3, 0.59356588841953928)]
[(0, 0.23585505602444609), (2, 0.2592630996127005)]
[(3, 0.44761924474139531)]
[(3, 0.364902697786124), (6, 0.40823159896686989)]
[(5, 0.21387894578901417), (6, 0.41306876826965622)]
[(0, 0.21483775504284514), (4, 0.22494542177858681), (6, 0.51933137519025585)]
[(1, 0.48901961493775525), (6, 0.22335930772738291)]
[(1, 0.30114028490240968), (3, 0.23267278789000126)]
[(3, 0.63037857002240649), (4, 0.34204410439298777)]
[(3, 0.2569606077785242), (6, 0.50322615134511572)]
[(2, 0.35476080175720326), (6, 0.22058351172083859)]
[(0, 0.26039809897141303), (4, 0.34253445403673599), (6, 0.24134859482199816)]
[(0, 0.3304333324263044), (6, 0.42595348148274292)]
[(6, 0.59946522491374898)]
[(6, 0.5148691086618904)]
[(2, 0.29332632602580033), (3, 0.28082854514238104), (4, 0.22556391944018025)]
[(4, 0.63175324560126922), (6, 0.23098065869157261)]
[(4, 0.2704720162254069), (6, 0.25783787717147938)]
[(4, 0.41678488179191936), (6, 0.22515230219075594)]
[(3, 0.23633572056282937), (6, 0.35126773489912561)]
[(3, 0.59367095666328373)]
[(0, 0.23580053341244006), (2, 0.25930357946957944)]
[(3, 0.44762187188231506)]
[(3, 0.36490450931816665), (6, 0.40823394076782321)]
[(5, 0.21389047290182922), (6, 0.41308248044462387)]
[(0, 0.21489990754838506), (4, 0.22496326806745648), (6, 0.51925137484979333)]
[(1, 0.48900908516723074), (6, 0.22335193647345578)]
[(1, 0.30119750772810572), (3, 0.23260850420392776)]
[(3, 0.6303781462463337), (4, 0.34204447722016518)]
[(3, 0.25696126346293552), (6, 0.50322577985454109)]
[(2, 0.35475231043608019), (6, 0.22058740751014683)]
[(0, 0.26040020210999704), (4, 0.34253577358782261), (6, 0.24134943421624624)]
[(0, 0.3304337037626523), (6, 0.42595388453706656)]
[(6, 0.59945151988840184)]
[(6, 0.51486442465685622)]
[(2, 0.2933261588746946), (3, 0.28084466743528391), (4, 0.22559366991286417)]
[(4, 0.63175152837873394), (6, 0.23098018296238551)]
[(4, 0.27047602159345474), (6, 0.2578279127395694)]
[(4, 0.41678447803156227), (6, 0.2251507489348249)]
[(3, 0.23633642991336834), (6, 0.35126864056729601)]
[(3, 0.59361020137599219)]
[(0, 0.23575436461609747), (2, 0.25933401647518073)]
[(3, 0.44762041336478198)]
[(3, 0.36490491345314807), (6, 0.40823302172522596)]
[(5, 0.21390410209494454), (6, 0.41309802955800307)]
[(0, 0.21488422288829276), (4, 0.22495871841456133), (6, 0.51927160955382867)]
[(1, 0.48901182875437071), (6, 0.22335376593195602)]
[(1, 0.30115320717130517), (3, 0.23266293043776332)]
[(3, 0.63035838511888265), (4, 0.34206104256221059)]
[(3, 0.25696175993187642), (6, 0.50322570916052345)]
[(2, 0.35475216842055224), (6, 0.2205870615236141)]
[(0, 0.26039914177210333), (4, 0.34253605206713533), (6, 0.24134919581002723)]
[(0, 0.33043384577125712), (6, 0.42595395764729976)]
[(6, 0.59946470189254553)]
[(6, 0.51486930729886726)]
[(2, 0.29333277599901914), (3, 0.28081652144619079), (4, 0.22555959835562384)]
[(4, 0.6317471568502484), (6, 0.23097857221056117)]
[(4, 0.27045195813833545), (6, 0.25780406460235461)]
[(4, 0.4167844093176391), (6, 0.22515058228606891)]
[(3, 0.23633602379216853), (6, 0.35126814372641829)]
[(3, 0.59357252855593756)]
[(0, 0.2358560325961436), (2, 0.2592576463793142)]
[(3, 0.44761699682932621)]
[(3, 0.36490309723507347), (6, 0.40823201607992726)]
[(5, 0.21386825632298481), (6, 0.41305593785940353)]
[(0, 0.2148660137234589), (4, 0.22495317521662014), (6, 0.51929536237345653)]
[(1, 0.4890137268063901), (6, 0.22335527205286479)]
[(1, 0.30116889615773595), (3, 0.23263352814061011)]
[(3, 0.6303561698586484), (4, 0.34206319281151554)]
[(3, 0.25695888439720888), (6, 0.5032266624221875)]
[(2, 0.35475260146864468), (6, 0.22058669200909486)]
[(0, 0.26039969796581225), (4, 0.34253557181139399), (6, 0.24134926075095692)]
[(0, 0.33043469751664822), (6, 0.42595470189499679)]
[(6, 0.59944393823482123)]
[(6, 0.51486728196953258)]
[(2, 0.29333193904182431), (3, 0.28082803877184148), (4, 0.22558349084072371)]
[(4, 0.63175103519230558), (6, 0.23098029132735839)]
[(4, 0.2704498964574531), (6, 0.25782672038181642)]
[(4, 0.41678512488687069), (6, 0.22515296283357619)]
[(3, 0.23633541901799465), (6, 0.35126735865229247)]
[(3, 0.59357078253878437)]
[(0, 0.23584853824110399), (2, 0.25926773415211835)]
[(3, 0.44761806271088855)]
[(3, 0.36490618078950576), (6, 0.40823597821013602)]
[(5, 0.21387202723130341), (6, 0.41306176334102546)]
[(0, 0.21484589978063554), (4, 0.22494751043141262), (6, 0.51932114160025233)]
[(1, 0.48901439233506833), (6, 0.22335555063213833)]
[(1, 0.30118988811757919), (3, 0.23261198140026798)]
[(3, 0.63037972782437102), (4, 0.34204295866700557)]
[(3, 0.25696225739058637), (6, 0.50322564963828875)]
[(2, 0.35475362133460892), (6, 0.22058636033985385)]
[(0, 0.26039759225238296), (4, 0.34253450782019079), (6, 0.24134847481523047)]
[(0, 0.33043439170830535), (6, 0.42595443813052269)]
[(6, 0.59944497690567466)]
[(6, 0.51487093824740926)]
[(2, 0.29332574788706223), (3, 0.28082612639955062), (4, 0.22552245236786078)]
[(4, 0.63175340753681197), (6, 0.23098010613702596)]
[(4, 0.27043917945411849), (6, 0.25782087433082829)]
[(4, 0.41678489865346502), (6, 0.22515208701501718)]
[(3, 0.23633657293739821), (6, 0.35126882626033012)]
[(3, 0.5935831624751392)]
[(0, 0.23583743201542826), (2, 0.25927617883800763)]
[(3, 0.44762094024572013)]
[(3, 0.36490341231762125), (6, 0.40823268379894423)]
[(5, 0.21386942707580936), (6, 0.41305638887418356)]
[(0, 0.21488505434734728), (4, 0.22495737035804411), (6, 0.51927212614973406)]
[(1, 0.48901647403665782), (6, 0.22335728517908435)]
[(1, 0.30110019322160825), (3, 0.23271914817803072)]
[(3, 0.6303793775204759), (4, 0.34204330287321799)]
[(3, 0.2569657464022892), (6, 0.50322355319477119)]
[(2, 0.35475736282113657), (6, 0.22058522842057726)]
[(0, 0.2603972708515826), (4, 0.34253362889577527), (6, 0.24134820979151431)]
[(0, 0.33043091356944854), (6, 0.42595113123725481)]
[(6, 0.59946849134006441)]
[(6, 0.51486872337932088)]
[(2, 0.29332318434010507), (3, 0.28084401967462735), (4, 0.22556803358204552)]
[(4, 0.63174980244886803), (6, 0.23097992013228755)]
[(4, 0.27047280563920945), (6, 0.25782611669351679)]
[(4, 0.41678412670461118), (6, 0.22514989313945571)]
[(3, 0.23633652269583014), (6, 0.35126873689555949)]
[(3, 0.59362523341571161)]
[(0, 0.23578939992863049), (2, 0.25931056988501294)]
[(3, 0.44762151152805041)]
[(3, 0.36490551446366432), (6, 0.40823331019738973)]
[(5, 0.21386134478432922), (6, 0.41304927943042336)]
[(0, 0.2148462980858114), (4, 0.22494804595843462), (6, 0.5193202077530723)]
[(1, 0.48901343788212309), (6, 0.22335501739841107)]
[(1, 0.30118703586354612), (3, 0.23262165078737665)]
[(3, 0.63037913694120751), (4, 0.34204355768709588)]
[(3, 0.25695942064064503), (6, 0.50322674780837728)]
[(2, 0.35475049499242889), (6, 0.22058773115088606)]
[(0, 0.2603975662469718), (4, 0.34253462955893083), (6, 0.24134848292345393)]
[(0, 0.33043303706635335), (6, 0.42595322437304473)]
[(6, 0.59946814844171359)]
[(6, 0.51486560049522978)]
[(2, 0.29332403214991315), (3, 0.28083553451113485), (4, 0.2255533175515563)]
[(4, 0.63174898629993981), (6, 0.23097969200133414)]
[(4, 0.27043197259693824), (6, 0.25784943934169852)]
[(4, 0.41678467257780327), (6, 0.2251514070429711)]
[(3, 0.23633697433008563), (6, 0.35126938440240324)]
[(3, 0.59360652057219543)]
[(0, 0.23575322842898724), (2, 0.25933445276155154)]
[(3, 0.44762239503710632)]
[(3, 0.3649048155383352), (6, 0.40823312506964105)]
[(5, 0.21389851397215712), (6, 0.4130916186429654)]
[(0, 0.21488206108477961), (4, 0.22495678946748354), (6, 0.51927570037400128)]
[(1, 0.4890106643197919), (6, 0.22335298895593342)]
[(1, 0.30114596083548595), (3, 0.2326745685350432)]
[(3, 0.63037946020512103), (4, 0.34204325115022943)]
[(3, 0.25696327315196849), (6, 0.50322493559996451)]
[(2, 0.35475128617160334), (6, 0.22058780444269305)]
[(0, 0.26039715049728113), (4, 0.3425339702762395), (6, 0.24134824189257487)]
[(0, 0.33043320127093206), (6, 0.4259533585089979)]
[(6, 0.59944387211473305)]
[(6, 0.51486957565237323)]
[(2, 0.29332239432080703), (3, 0.28082587074785664), (4, 0.22552716149060265)]
[(4, 0.63174845823507275), (6, 0.2309791220320202)]
[(4, 0.27046857333045304), (6, 0.25785257240631571)]
[(4, 0.4167847024358482), (6, 0.22515186592774195)]
[(3, 0.2363362206825852), (6, 0.35126839441323282)]
[(3, 0.59365824222879782)]
[(0, 0.23579017905295627), (2, 0.25930997501611613)]
[(3, 0.44761943219197764)]
[(3, 0.36490337989901261), (6, 0.40823256915534811)]
[(5, 0.2138918597520402), (6, 0.41308340719047243)]
[(0, 0.21487229269531902), (4, 0.22495432477525751), (6, 0.51928793369464732)]
[(1, 0.48901058710884926), (6, 0.22335285868773286)]
[(1, 0.30113816163114937), (3, 0.23268281688670367)]
[(3, 0.6303559599819063), (4, 0.342063046525871)]
[(3, 0.25696421795023977), (6, 0.50322392812120309)]
[(2, 0.35475971903724163), (6, 0.22058386104082561)]
[(0, 0.26039345828798111), (4, 0.34253492287531395), (6, 0.24134744730141441)]
[(0, 0.3304345823165159), (6, 0.42595458732019259)]
[(6, 0.59945022673720028)]
[(6, 0.51486438424407155)]
[(2, 0.29333234249133139), (3, 0.28083194401163036), (4, 0.2256007703313844)]
[(4, 0.63175263556054317), (6, 0.23098044580013047)]
[(4, 0.27048411460680316), (6, 0.25784573789164089)]
[(4, 0.41678471076875689), (6, 0.22515193635839315)]
[(3, 0.23633651253236321), (6, 0.35126874900562266)]
[(3, 0.59358457686194843)]
[(0, 0.23583751638566564), (2, 0.25927655447786885)]
[(3, 0.44762207034178525)]
[(3, 0.36490608773202743), (6, 0.40823613057578467)]
[(5, 0.21386745534526538), (6, 0.41305321084073215)]
[(0, 0.21492421686569077), (4, 0.22496799237635193), (6, 0.51922234064518136)]
[(1, 0.48901260210955988), (6, 0.22335415918883311)]
[(1, 0.30112872987490857), (3, 0.23269121102246829)]
[(3, 0.63036322572079706), (4, 0.34205779455686558)]
[(3, 0.25695741300756381), (6, 0.50322838544305948)]
[(2, 0.35475517732463324), (6, 0.22058612836221478)]
[(0, 0.26039454690517705), (4, 0.34253495200155293), (6, 0.24134773101441998)]
[(0, 0.3304313483495756), (6, 0.4259516220752384)]
[(6, 0.59946547831300556)]
[(6, 0.51486597241736165)]
[(2, 0.29333903486481905), (3, 0.2808049808498822), (4, 0.22555216992820684)]
[(4, 0.63174913592671467), (6, 0.23097979053301862)]
[(4, 0.27045249629664048), (6, 0.25784056984733256)]
[(4, 0.41678390275433319), (6, 0.22514990178463321)]
[(3, 0.23633632744547831), (6, 0.35126852031377864)]
[(3, 0.59366135086645122)]
[(0, 0.23582275377623474), (2, 0.25928748474911661)]
[(3, 0.44762055297561487)]
[(3, 0.36490386606984188), (6, 0.40823268078530262)]
[(5, 0.21389218362935558), (6, 0.41308379490540859)]
[(0, 0.21484046446079424), (4, 0.22494623320746343), (6, 0.51932785427570083)]
[(1, 0.48901116519735122), (6, 0.22335348609933786)]
[(1, 0.30117251609959877), (3, 0.23262917089457094)]
[(3, 0.63037857539112763), (4, 0.34204398628889027)]
[(3, 0.25696119699344055), (6, 0.50322627528998509)]
[(2, 0.35476039086993982), (6, 0.22058444316834794)]
[(0, 0.26039917923176881), (4, 0.34253470936250668), (6, 0.24134895561756636)]
[(0, 0.33043427602797526), (6, 0.42595437109842532)]
[(6, 0.59946879415384169)]
[(6, 0.51486680272731289)]
[(2, 0.29332613361651838), (3, 0.28083075833671034), (4, 0.22555280424381061)]
[(4, 0.63175024764737009), (6, 0.23097996954446609)]
[(4, 0.27045558558973543), (6, 0.25780407805228511)]
[(4, 0.41678393258341562), (6, 0.22514942030303661)]
[(3, 0.23633698445880252), (6, 0.35126936194085168)]
[(3, 0.5935971862784869)]
[(0, 0.23585359547210688), (2, 0.25926348138193256)]
[(3, 0.44762207521147235)]
[(3, 0.36490310194128833), (6, 0.40823312849034687)]
[(5, 0.21388307334666959), (6, 0.41307374734704888)]
[(0, 0.21488482227595909), (4, 0.22495759439627561), (6, 0.51927213418516494)]
[(1, 0.48900941174827345), (6, 0.22335206219265508)]
[(1, 0.30113850458336361), (3, 0.23267900714932352)]
[(3, 0.63037753310875255), (4, 0.34204504652956824)]
[(3, 0.25695937301653116), (6, 0.50322723782685552)]
[(2, 0.35474862237127958), (6, 0.22058847768479634)]
[(0, 0.26039909761421087), (4, 0.34253641436971444), (6, 0.24134925477653038)]
[(0, 0.33043416552006682), (6, 0.42595423644335911)]
[(6, 0.59945660866019412)]
[(6, 0.5148707659929096)]
[(2, 0.2933313142140776), (3, 0.28081475184603916), (4, 0.22555432248376575)]
[(4, 0.63175042580867613), (6, 0.23098018896919784)]
[(4, 0.27048836097994056), (6, 0.25782979443493109)]
[(4, 0.41678503718438287), (6, 0.22515274445746297)]
[(3, 0.23633547503028846), (6, 0.35126741493158586)]
[(3, 0.59358048640933159)]
[(0, 0.23586915673376332), (2, 0.25925118184796631)]
[(3, 0.44762208188720376)]
[(3, 0.36490492033606892), (6, 0.40823398462501287)]
[(5, 0.21387276314267514), (6, 0.41306190892455047)]
[(0, 0.21489550852307765), (4, 0.22496062370457151), (6, 0.51925841836420139)]
[(1, 0.48900882061590367), (6, 0.2233516318925424)]
[(1, 0.30116823930558001), (3, 0.23264548997192477)]
[(3, 0.63035500376521725), (4, 0.34206395754913244)]
[(3, 0.2569627723783694), (6, 0.50322436058497422)]
[(2, 0.35475657354360729), (6, 0.22058513098748944)]
[(0, 0.26039915267866687), (4, 0.34253636119590319), (6, 0.24134925338817098)]
[(0, 0.33043518850438636), (6, 0.42595519876577304)]
[(6, 0.59946036157304816)]
[(6, 0.5148662875184673)]
[(2, 0.29333172260848278), (3, 0.2808326992207551), (4, 0.22559609897535629)]
[(4, 0.6317485771744058), (6, 0.23097945076293441)]
[(4, 0.27043580338695616), (6, 0.25782122444696021)]
[(4, 0.41678429256246574), (6, 0.22515072867659933)]
[(3, 0.23633559163061782), (6, 0.35126755004063137)]
[(3, 0.59357703495660841)]
[(0, 0.23582661033755609), (2, 0.25928482593806429)]
[(3, 0.44762020747443665)]
[(3, 0.36490250296600363), (6, 0.40823098421193255)]
[(5, 0.21390341922750397), (6, 0.41309776947580873)]
[(0, 0.21492679815871665), (4, 0.22496809401679699), (6, 0.51921965765506561)]
[(1, 0.48901105836412584), (6, 0.22335312551094585)]
[(1, 0.30113634043387572), (3, 0.23264567748558543)]
[(3, 0.63036174815146095), (4, 0.34205901238533132)]
[(3, 0.25696007396394194), (6, 0.50322653051299404)]
[(2, 0.35476216551528722), (6, 0.22058353233463923)]
[(0, 0.26039702849576729), (4, 0.34253519547498346), (6, 0.24134843958736424)]
[(0, 0.33043300607148746), (6, 0.42595316670169692)]
[(6, 0.59945059659440791)]
[(6, 0.51486882534104017)]
[(2, 0.29334536240810333), (3, 0.28078896052616537), (4, 0.22555428049860787)]
[(4, 0.63175142767556092), (6, 0.2309797273016832)]
[(4, 0.27044597442224466), (6, 0.25785138863602941)]
[(4, 0.41678415023180104), (6, 0.22515015222441684)]
[(3, 0.23633570132500012), (6, 0.35126754539806626)]
[(3, 0.59356810151147277)]
[(0, 0.23585008046676229), (2, 0.25926698389942915)]
[(3, 0.44761713713219853)]
[(3, 0.3649037846051808), (6, 0.4082320189413946)]
[(5, 0.21389846575233928), (6, 0.41309204709115416)]
[(0, 0.21489140870643525), (4, 0.22495935101363121), (6, 0.51926379097500541)]
[(1, 0.48901017617874126), (6, 0.2233528142941221)]
[(1, 0.30113653410784136), (3, 0.23265226696821223)]
[(3, 0.63037950704610624), (4, 0.34204318401534539)]
[(3, 0.25696248691108209), (6, 0.50322540417442796)]
[(2, 0.35475363042802266), (6, 0.22058637656068883)]
[(0, 0.26039711433955598), (4, 0.34253427826932414), (6, 0.2413482800496623)]
[(0, 0.33043211505940184), (6, 0.42595242507122066)]
[(6, 0.59944498004294822)]
[(6, 0.51486609827677365)]
[(2, 0.29332942188176558), (3, 0.28084108826199583), (4, 0.22560069094991317)]
[(4, 0.63175055798187785), (6, 0.23098012559629028)]
[(4, 0.2704375047425418), (6, 0.25780258361760022)]
[(4, 0.4167840728710836), (6, 0.22515004093550564)]
[(3, 0.23633637670049923), (6, 0.35126858329227273)]
[(3, 0.5935802121845426)]
[(0, 0.23583172033312344), (2, 0.25927902016393045)]
[(3, 0.4476179273273389)]
[(3, 0.36490330646333652), (6, 0.40823229919722431)]
[(5, 0.2138782488650473), (6, 0.4130679225610564)]
[(0, 0.21490967887202048), (4, 0.22496417296864149), (6, 0.51924069840453768)]
[(1, 0.4890195514702339), (6, 0.22335949631624047)]
[(1, 0.30118272419618353), (3, 0.23261829492613284)]
[(3, 0.63037614289715882), (4, 0.34204642614423186)]
[(3, 0.2569579936461614), (6, 0.50322658668798648)]
[(2, 0.3547541038088346), (6, 0.22058642745157894)]
[(0, 0.26039952617473888), (4, 0.34253635795973897), (6, 0.24134936570339602)]
[(0, 0.33043288008915828), (6, 0.42595313996539241)]
[(6, 0.59945274960142292)]
[(6, 0.51486878421072069)]
[(2, 0.29332536776598056), (3, 0.280840155032338), (4, 0.2255796662581693)]
[(4, 0.63175059882976892), (6, 0.23098021275158351)]
[(4, 0.270472461156674), (6, 0.25783038051804491)]
[(4, 0.41678460696285141), (6, 0.22515157092681237)]
[(3, 0.23633521504265032), (6, 0.35126710503759379)]
[(3, 0.59361187743467925)]
[(0, 0.23585936511345754), (2, 0.25925875762953299)]
[(3, 0.44761835145152545)]
[(3, 0.36490518433750002), (6, 0.40823190496102862)]
[(5, 0.21389673069417853), (6, 0.41309009755977477)]
[(0, 0.21488498750507251), (4, 0.22495751747674345), (6, 0.51927204587296927)]
[(1, 0.48901930023104984), (6, 0.2233590641766165)]
[(1, 0.3011009521452136), (3, 0.23271935181550873)]
[(3, 0.63036287114159417), (4, 0.34205792282000957)]
[(3, 0.25696425524021949), (6, 0.50322454357122859)]
[(2, 0.35474870883880627), (6, 0.22058877701713955)]
[(0, 0.26040043907972282), (4, 0.34253530859588732), (6, 0.2413494287965795)]
[(0, 0.33043375329316327), (6, 0.4259538530012465)]
[(6, 0.59943797644713337)]
[(6, 0.5148708235454672)]
[(2, 0.29332782115020845), (3, 0.28083999096166684), (4, 0.22554944177609923)]
[(4, 0.63175044891971122), (6, 0.23098014384454366)]
[(4, 0.27042283284405988), (6, 0.25779795489472895)]
[(4, 0.41678411442161528), (6, 0.22515044219928784)]
[(3, 0.23633549850802343), (6, 0.35126745034525819)]
[(3, 0.593580388252403)]
[(0, 0.23576503863338255), (2, 0.25932676277813055)]
[(3, 0.44761977989744955)]
[(3, 0.36490446294154999), (6, 0.40823378108496328)]
[(5, 0.21390172550745679), (6, 0.41309523884728749)]
[(0, 0.21490370369300707), (4, 0.22496296610879546), (6, 0.5192478805860512)]
[(1, 0.48901959306924592), (6, 0.22335947955773972)]
[(1, 0.30113618560322841), (3, 0.23268291831011439)]
[(3, 0.63037899292609856), (4, 0.3420436694576266)]
[(3, 0.25695990041563527), (6, 0.50322677005032934)]
[(2, 0.35475347972964927), (6, 0.22058661993408224)]
[(0, 0.26039851984656132), (4, 0.34253522356917654), (6, 0.24134886388052562)]
[(0, 0.33043465001082151), (6, 0.42595471740539709)]
[(6, 0.59944280867172051)]
[(6, 0.51486626017827608)]
[(2, 0.29332904426791689), (3, 0.28084637531071766), (4, 0.2256137244493284)]
[(4, 0.63175322488772911), (6, 0.23098032384288017)]
[(4, 0.27045495282150411), (6, 0.25781314906290625)]
[(4, 0.41678432250395941), (6, 0.22515052207466765)]
[(3, 0.23633569270070406), (6, 0.35126771087190423)]
[(3, 0.59366998529846571)]
[(0, 0.23579443359193081), (2, 0.25930788727782489)]
[(3, 0.44762129897611297)]
[(3, 0.36490368218065178), (6, 0.40823183920063888)]
[(5, 0.21388444404122137), (6, 0.41307557855755028)]
[(0, 0.21485774592726523), (4, 0.2249508460780856), (6, 0.51930595951325143)]
[(1, 0.48901391452965692), (6, 0.22335534113941174)]
[(1, 0.30114649619832662), (3, 0.23267371345093871)]
[(3, 0.63035723987310899), (4, 0.34206191458024093)]
[(3, 0.25696094647472018), (6, 0.50322558709319387)]
[(2, 0.35475324144701587), (6, 0.22058681502452754)]
[(0, 0.26039318085293012), (4, 0.34253316708698434), (6, 0.24134700466117209)]
[(0, 0.33043372438870905), (6, 0.42595379592610405)]
[(6, 0.59944409016712275)]
[(6, 0.51486756699718517)]
[(2, 0.29332873002917004), (3, 0.2808445686586139), (4, 0.22560578689374383)]
[(4, 0.63175238848668813), (6, 0.23098009319244717)]
[(4, 0.27043797815689607), (6, 0.25781998088827246)]
[(4, 0.4167830751183273), (6, 0.22514765365711112)]
[(3, 0.23633693759989868), (6, 0.35126929144647889)]
[(3, 0.59357759940232047)]
[(0, 0.23582991178756754), (2, 0.25928238412994664)]
[(3, 0.447619036267561)]
[(3, 0.36490474263815725), (6, 0.40823306037928858)]
[(5, 0.21387231366439086), (6, 0.41306048193687794)]
[(0, 0.21487244049080093), (4, 0.22495473985170103), (6, 0.51928737081455312)]
[(1, 0.48901264498834707), (6, 0.22335454492913071)]
[(1, 0.30115119946861052), (3, 0.23266570234339845)]
[(3, 0.6303588849492282), (4, 0.34206063296433808)]
[(3, 0.25696588116384639), (6, 0.50322205847747448)]
[(2, 0.35475683750823844), (6, 0.22058500360767166)]
[(0, 0.26039844586151234), (4, 0.34253493673143381), (6, 0.24134877818494094)]
[(0, 0.33043239855671847), (6, 0.42595263649920218)]
[(6, 0.5994424433044806)]
[(6, 0.51486341387195345)]
[(2, 0.29332724697458717), (3, 0.28081469843279006), (4, 0.22553100447326455)]
[(4, 0.63174928219607851), (6, 0.23097988170803177)]
[(4, 0.27046880668591733), (6, 0.25783754743387516)]
[(4, 0.41678483340284633), (6, 0.22515219963640265)]
[(3, 0.23633601103212012), (6, 0.35126809295467704)]
[(3, 0.59361030423155059)]
[(0, 0.2357696860718885), (2, 0.25932433033524088)]
[(3, 0.44761702520872992)]
[(3, 0.36490544670313424), (6, 0.40823409442086933)]
[(5, 0.21386420316088461), (6, 0.41305342133360745)]
[(0, 0.21487374075078985), (4, 0.22495483267374747), (6, 0.51928597770355112)]
[(1, 0.4890105263560553), (6, 0.22335285918817777)]
[(1, 0.30114590306979117), (3, 0.23267041147762763)]
[(3, 0.63037698820671062), (4, 0.34204562793174847)]
[(3, 0.25695742764311352), (6, 0.50322760707173919)]
[(2, 0.35475306583020477), (6, 0.22058674832215003)]
[(0, 0.2603996506840599), (4, 0.34253575354081017), (6, 0.24134928346837869)]
[(0, 0.33043411387285199), (6, 0.42595415249262142)]
[(6, 0.59946704575542131)]
[(6, 0.51486910170830036)]
[(2, 0.29333117692875921), (3, 0.28081536406662588), (4, 0.22554399351547066)]
[(4, 0.63174976295961449), (6, 0.23097983896735902)]
[(4, 0.2704307350015987), (6, 0.25785185194020727)]
[(4, 0.41678454457493991), (6, 0.22515105613772243)]
[(3, 0.23633721483872028), (6, 0.35126961637359011)]
[(3, 0.59357736021600871)]
[(0, 0.23581926073513809), (2, 0.25928992666054179)]
[(3, 0.44761915111706496)]
[(3, 0.36490343394407998), (6, 0.40823239722647059)]
[(5, 0.21388462805628933), (6, 0.41307581897004775)]
[(0, 0.21489595489472629), (4, 0.22496237464642668), (6, 0.51925622101996272)]
[(1, 0.48901675672155315), (6, 0.22335748920093404)]
[(1, 0.30115237120370331), (3, 0.23263517643430304)]
[(3, 0.63035694097654327), (4, 0.3420617543351841)]
[(3, 0.25696155321368175), (6, 0.5032252794215667)]
[(2, 0.35474879090029271), (6, 0.22058886646535553)]
[(0, 0.26039747399806834), (4, 0.34253474230822373), (6, 0.24134849030765823)]
[(0, 0.33043387830704973), (6, 0.42595404208914878)]
[(6, 0.59945395487084052)]
[(6, 0.514867678294884)]
[(2, 0.29333097201273545), (3, 0.28083060381165109), (4, 0.22558852022761131)]
[(4, 0.63174942333242079), (6, 0.23097981482092089)]
[(4, 0.27044165899853251), (6, 0.2578205737645618)]
[(4, 0.41678496952520483), (6, 0.22515208282488214)]
[(3, 0.23633618712518387), (6, 0.35126832056276242)]
[(3, 0.59357616031046512)]
[(0, 0.23582979944798974), (2, 0.25928229914557133)]
[(3, 0.44761979106015348)]
[(3, 0.36490263716753274), (6, 0.40823222954013655)]
[(5, 0.21388664331756022), (6, 0.41307623049808234)]
[(0, 0.21483826838085282), (4, 0.22494568957371452), (6, 0.51933059404291193)]
[(1, 0.48901207279689413), (6, 0.22335392995162459)]
[(1, 0.30118311041227369), (3, 0.23262759824206511)]
[(3, 0.63037767540409717), (4, 0.34204495490543246)]
[(3, 0.2569656241327245), (6, 0.50322338528066113)]
[(2, 0.35475062917172845), (6, 0.22058771035408839)]
[(0, 0.26039958256949497), (4, 0.34253497153004714), (6, 0.24134911311607604)]
[(0, 0.33043420041382277), (6, 0.42595425844849477)]
[(6, 0.59945110123702694)]
[(6, 0.51486529855320884)]
[(2, 0.2933217258593725), (3, 0.28082672640729522), (4, 0.22553636841356689)]
[(4, 0.63174694851191482), (6, 0.23097844385455937)]
[(4, 0.27045785585952642), (6, 0.25782350514489938)]
[(4, 0.41678490473918273), (6, 0.22515218964538908)]
[(3, 0.23633630693744523), (6, 0.35126849648991548)]
[(3, 0.5935782273987632)]
[(0, 0.235788430339258), (2, 0.25931135217502371)]
[(3, 0.44761809177422585)]
[(3, 0.36490432411103418), (6, 0.40823230533357757)]
[(5, 0.21390663587437383), (6, 0.41310127904454452)]
[(0, 0.21489975100948766), (4, 0.22496160108400171), (6, 0.51925319839562012)]
[(1, 0.48901043620688189), (6, 0.2233529870572574)]
[(1, 0.3012137092679692), (3, 0.23258948366662188)]
[(3, 0.63037904939460077), (4, 0.34204363837599089)]
[(3, 0.25696473237699413), (6, 0.50322432449254384)]
[(2, 0.35475030714116601), (6, 0.22058782516137709)]
[(0, 0.26039884710555439), (4, 0.34253447120283614), (6, 0.24134881501460068)]
[(0, 0.33043144885310188), (6, 0.42595171345194371)]
[(6, 0.59944764116650862)]
[(6, 0.51487142730532864)]
[(2, 0.29332916969743544), (3, 0.28082556393833558), (4, 0.2255655684172902)]
[(4, 0.6317491479876014), (6, 0.23097971811237714)]
[(4, 0.27046595090609293), (6, 0.25782432238789726)]
[(4, 0.4167849102906131), (6, 0.22515208171689383)]
[(3, 0.23633651135150796), (6, 0.35126877244559412)]
[(3, 0.5935764108900804)]
[(0, 0.23582390181253471), (2, 0.25928557128419288)]
[(3, 0.44761701115007518)]
[(3, 0.36490373512005619), (6, 0.40823312006904749)]
[(5, 0.21385843731726498), (6, 0.41304562282518292)]
[(0, 0.21487365573106723), (4, 0.22495467662356711), (6, 0.51928621877715597)]
[(1, 0.48901699487827566), (6, 0.22335771591822581)]
[(1, 0.30115440864378384), (3, 0.23265340163112311)]
[(3, 0.6303689638619554), (4, 0.34205279999727678)]
[(3, 0.25696511055759846), (6, 0.503223825425544)]
[(2, 0.35475216350053584), (6, 0.22058766375570366)]
[(0, 0.26039920237091013), (4, 0.34253501529362868), (6, 0.24134901226638961)]
[(0, 0.33043423242318953), (6, 0.42595433747607603)]
[(6, 0.59946192383591235)]
[(6, 0.5148652624147444)]
[(2, 0.29332728285196519), (3, 0.28083592325480927), (4, 0.225549758258585)]
[(4, 0.63175328662875518), (6, 0.23098072654272458)]
[(4, 0.27044712913609864), (6, 0.25779939856705414)]
[(4, 0.41678440366366964), (6, 0.22515067411109613)]
[(3, 0.23633609590689114), (6, 0.35126821658068302)]
[(3, 0.5935921923199835)]
[(0, 0.23581348882202605), (2, 0.2592937549746841)]
[(3, 0.44761811022566089)]
[(3, 0.36490459551327448), (6, 0.40823293469937405)]
[(5, 0.21388128159510394), (6, 0.41307202359172557)]
[(0, 0.21486329420909095), (4, 0.22495211159268008), (6, 0.51929914558281121)]
[(1, 0.48900908886134908), (6, 0.22335189223636093)]
[(1, 0.30111572690394273), (3, 0.23270701983111122)]
[(3, 0.63037483152082052), (4, 0.342047552386059)]
[(3, 0.25696606419693857), (6, 0.50322346052457601)]
[(2, 0.35475699714700348), (6, 0.22058554978423214)]
[(0, 0.26039379080959935), (4, 0.34253439803719804), (6, 0.24134739893908613)]
[(0, 0.33042942850760887), (6, 0.4259498691198732)]
[(6, 0.59944292821908618)]
[(6, 0.51486899273679565)]
[(2, 0.29333115635594431), (3, 0.2808420298201868), (4, 0.22559543472528379)]
[(4, 0.63174875111743822), (6, 0.23097953465738755)]
[(4, 0.27044497036541987), (6, 0.25782928314708425)]
[(4, 0.41678420887744538), (6, 0.22515033879889587)]
[(3, 0.23633679732783178), (6, 0.35126909368025327)]
[(3, 0.59358459010271925)]
[(0, 0.2358246621355746), (2, 0.25928616631117707)]
[(3, 0.44761934585358182)]
[(3, 0.36490375456481466), (6, 0.4082332770272582)]
[(5, 0.21387965529162692), (6, 0.41306882627459984)]
[(0, 0.21483206366126023), (4, 0.2249441078403753), (6, 0.51933838064758586)]
[(1, 0.48901645600770516), (6, 0.22335744257986753)]
[(1, 0.3011361894379237), (3, 0.23267700261294849)]
[(3, 0.63036769295165207), (4, 0.34205405588171511)]
[(3, 0.25696355338602989), (6, 0.50322497228479957)]
[(2, 0.35476291327864262), (6, 0.22058300993676691)]
[(0, 0.26039701793965081), (4, 0.34253465783107745), (6, 0.24134833237995884)]
[(0, 0.33042998218605829), (6, 0.42595063374175063)]
[(6, 0.59943909084975311)]
[(6, 0.51486849030898907)]
[(2, 0.29332469549521023), (3, 0.28083759254024537), (4, 0.22557003953646862)]
[(4, 0.63175130933171031), (6, 0.23098027980393243)]
[(4, 0.27046932122369255), (6, 0.25782772020042238)]
[(4, 0.41678424120261709), (6, 0.22515064887635572)]
[(3, 0.23633610030018132), (6, 0.35126817753849621)]
[(3, 0.59357168951792938)]
[(0, 0.23579288629223907), (2, 0.25930874898602058)]
[(3, 0.44761732225924306)]
[(3, 0.36490447896087647), (6, 0.40823302528948407)]
[(5, 0.21388297458794922), (6, 0.41307269204377622)]
[(0, 0.21493091253659882), (4, 0.22497039789835263), (6, 0.5192132392795481)]
[(1, 0.48901295513774934), (6, 0.22335445878586388)]
[(1, 0.30114851855866259), (3, 0.23266613089245147)]
[(2, 0.57125102718381626)]
